  0.474099859809120     
  0.563220988156627     
  0.474689008258091     
  0.507554254365747     
  0.551922487105053     
  0.471896391822538     
  0.517392665604099     
  0.469003311858333     
  0.523079228929828     
  0.529910954935331     
  0.453716817190282     
  0.538112429531405     
  0.550956034265607     
  0.521025747923620     
  0.482127142323373     
  0.472912533347551     
  0.504046850131936     
  0.479178953429531     
  0.490983229010522     
  0.478499965492503     
  0.462571875230884     
  0.496416237782412     
  0.428349847574297     
  0.528328808519832     
  0.519363203297337     
  0.465079671894566     
  0.512633394841063     
  0.486842375116239     
  0.435432489745405     
  0.565531302354044     
  0.585761367920529     
  0.531863539920039     
  0.457580327171209     
  0.474458979477247     
  0.489393753044723     
  0.490130924501992     
  0.510973535490381     
  0.519064731734453     
  0.503696137559475     
  0.484304852732250     
  0.479615803360656     
  0.428279437859569     
  0.508705868635116     
  0.486389633439803     
  0.497913430236143     
  0.522252260374698     
  0.510177666369136     
  0.488288592566106     
  0.494390197641362     
  0.524539898004858     
  0.506050348442299     
  0.483020225118409     
  0.483604634773642     
  0.499299625890652     
  0.430273304866384     
  0.488524822015577     
  0.505764297394866     
  0.451213194124233     
  0.478904099616466     
  0.554764266984609     
  0.474767954526242     
  0.513209332709366     
  0.544987031944388     
  0.591063713665080     
  0.518897121528096     
  0.441161872676782     
  0.549305697862272     
  0.524441317856070     
  0.524300161348172     
  0.537513333757502     
  0.459341618394065     
  0.497821826295071     
  0.491291598675190     
  0.505549456413368     
  0.436116686120278     
  0.513318832515914     
  0.475256477878967     
  0.487306482107885     
  0.517324977347682     
  0.503418918342519     
  0.459069962755232     
  0.492569415022665     
  0.491057333512141     
  0.489313659408618     
  0.530421795298935     
  0.570146444939836     
  0.581674268882509     
  0.526574254426550     
  0.501377572679338     
  0.446914401570501     
  0.453974100239829     
  0.493393889434013     
  0.485286798499462     
  0.424870067128425     
  0.478580387239130     
  0.516773833136421     
  0.472737852308712     
  0.520215365471293     
  0.498235730508347     
  0.485768546667222     
  0.483627389575529     
  0.482791722528962     
  0.445701233335045     
  0.482191334506460     
  0.480018960433177     
  0.502254985010976     
  0.486291109801071     
  0.485243450638533     
  0.522426104296165     
  0.474845053495334     
  0.545914655090944     
  0.477025802519912     
  0.505461825653568     
  0.487087759637004     
  0.470431483574820     
  0.502322418847909     
  0.525872624758128     
  0.533476426833304     
  0.494912165026534     
  0.447401653741013     
  0.615756026788393     
  0.520247735412881     
  0.379164190318723     
  0.463632040054835     
  0.569986954982234     
  0.505351511575641     
  0.471685205632042     
  0.472567532301648     
  0.487918423349566     
  0.491851954180387     
  0.529614982986979     
  0.486461676485525     
  0.508963074673475     
  0.498608340648962     
  0.486155812289599     
  0.521346233632111     
  0.499884631638415     
  0.510201256869646     
  0.546116344283188     
  0.536102188004730     
  0.487715695022451     
  0.465322330915348     
  0.491893208332995     
  0.529309606148434     
  0.455603612689394     
  0.553968818556305     
  0.445645963361913     
  0.488819959423411     
  0.477918986003575     
  0.458091237577916     
  0.504107339025189     
  0.500852190024234     
  0.528064826334615     
  0.530826775875370     
  0.443575923651083     
  0.498569014232548     
  0.449303241796861     
  0.524851735947973     
  0.509192121362453     
  0.487946477775594     
  0.509943502224308     
  0.489585544676939     
  0.432741709044038     
  0.552561544582951     
  0.505236170944009     
  0.470279306986478     
  0.480158835156764     
  0.450204692475714     
  0.464221673323088     
  0.501401710739687     
  0.443325594489433     
  0.508371020938339     
  0.522610218404117     
  0.498030379728819     
  0.561973531973091     
  0.423969831091433     
  0.458741463412826     
  0.530514454977201     
  0.552187844226800     
  0.434401778140518     
  0.511374831457452     
  0.545861698856666     
  0.450506248548535     
  0.462486697532121     
  0.494111053633029     
  0.473080188957371     
  0.494931231508549     
  0.496965456137704     
  0.488313593357226     
  0.528010648915201     
  0.496441254317904     
  0.486296174151355     
  0.403813683212320     
  0.455322991105232     
  0.483441101583270     
  0.425884521324807     
  0.524705114195034     
  0.535799379353544     
  0.560941103765199     
  0.499736614154199     
  0.483638653167071     
  0.520869394658552     
  0.433652311804839     
  0.538909300626877     
  0.460902380374255     
  0.487043450406117     
  0.565564061657665     
  0.551856780326589     
  0.485219636687967     
  0.621188777137974     
  0.489489250001702     
  0.428440476663630     
  0.452534525731263     
  0.545578518536499     
  0.462926735184367     
  0.510141417591629     
  0.445105167993265     
  0.441697608341080     
  0.500150224996882     
  0.534273660582772     
  0.476248526820465     
  0.512970229562533     
  0.487291547699427     
  0.460875015382171     
  0.488818421240637     
  0.485344270665103     
  0.479253539085391     
  0.515307477744109     
  0.523141052493409     
  0.510455016956955     
  0.462695479581730     
  0.533693048247164     
  0.501462899379883     
  0.479467902599104     
  0.510464499505835     
  0.424826704053101     
  0.454170693976372     
  0.551441624658602     
  0.543654470905615     
  0.489995588410488     
  0.472012100475749     
  0.520814209203785     
  0.551397731110227     
  0.541007560772073     
  0.539338011690131     
  0.486938955844073     
  0.550716563567497     
  0.510633665999610     
  0.459276904766454     
  0.527778568441871     
  0.486751133016655     
  0.538692315929364     
  0.565669372798923     
  0.460655990834237     
  0.535110827364808     
  0.478987014013690     
  0.521066615801433     
  0.494530013548903     
  0.458875373966813     
  0.508200353139941     
  0.466377730296080     
  0.499025494504967     
  0.432604641587890     
  0.517043451074518     
  0.529724196311609     
  0.504694875615443     
  0.515236906873615     
  0.479750745336564     
  0.508430913271326     
  0.474294177148396     
  0.506275971302503     
  0.471578227046777     
  0.485680038161244     
  0.523577385907899     
  0.564198434731280     
  0.504885014040793     
  0.453916852907790     
  0.484322992573532     
  0.438281262256525     
  0.522323242677766     
  0.540108948727154     
  0.547991064987359     
  0.513477314334153     
  0.488284081951558     
  0.535712153765562     
  0.496283981196468     
  0.470309657084837     
  0.563283562549501     
  0.512276615119892     
  0.481518554566169     
  0.462466178378667     
  0.449267709636932     
  0.449194831638909     
  0.425041388124793     
  0.499291588768084     
  0.505840055301514     
  0.426299945666042     
  0.561182336043219     
  0.504628340434827     
  0.513120688410393     
  0.461278976295166     
  0.498483786744989     
  0.516283611477038     
  0.500430630218533     
  0.534973695216059     
  0.503437949510479     
  0.519112378843453     
  0.511850085144782     
  0.454417103810833     
  0.453111938153988     
  0.558274118919709     
  0.541180646593109     
  0.542798323812145     
  0.537345019739413     
  0.503565357758572     
  0.508096175532749     
  0.543128751840825     
  0.503103484903988     
  0.494562874495871     
  0.500643174626387     
  0.540194111187900     
  0.549096324689494     
  0.505812225589210     
  0.568169510986226     
  0.470722621090053     
  0.515700061648794     
  0.571349517502678     
  0.510542287708378     
  0.491732318197400     
  0.480703682039064     
  0.469071978166649     
  0.486079162568464     
  0.462939069911286     
  0.490230899063249     
  0.506757579376083     
  0.613371233785764     
  0.502278733339054     
  0.483521660019009     
  0.540616191499972     
  0.525841888015343     
  0.531743280276833     
  0.529662379588440     
  0.508840303455712     
  0.471214504681849     
  0.507723461574923     
  0.468453084716873     
  0.516530393694055     
  0.456005507501716     
  0.492122351395187     
  0.466957759115309     
  0.478770740109902     
  0.505574458213740     
  0.483514766695967     
  0.555868105195838     
  0.484892471259309     
  0.460145999417008     
  0.501641531546589     
  0.464027298848742     
  0.493695061739958     
  0.517196563556722     
  0.436694734342009     
  0.522051951912330     
  0.432476805305885     
  0.539364634062394     
  0.429177269414457     
  0.477901945828223     
  0.537212354671374     
  0.451155715241190     
  0.449994888994055     
  0.445656492840517     
  0.490088223765671     
  0.506834081790635     
  0.487251084599939     
  0.463677461135431     
  0.515997850470827     
  0.452715166046827     
  0.488622305664095     
  0.514111247901555     
  0.492177168169806     
  0.491396649932650     
  0.541640209775670     
  0.489804147843164     
  0.478545328544350     
  0.482580519986652     
  0.499193578508697     
  0.527155281688000     
  0.520816227822299     
  0.536944368065628     
  0.510836163523262     
  0.528533939942112     
  0.555621375122271     
  0.511771244427081     
  0.544714581934108     
  0.503115482883545     
  0.478046647531632     
  0.494008721001174     
  0.466612788674868     
  0.491290952842707     
  0.535236151965918     
  0.480020655360751     
  0.506827147623328     
  0.501360854267620     
  0.566125678575443     
  0.544359796436910     
  0.468230636431866     
  0.504799110839321     
  0.481885603588652     
  0.535308409435975     
  0.462704906053174     
  0.543011363867237     
  0.453419834629638     
  0.538355938919342     
  0.481306647983589     
  0.510664653371917     
  0.533561523056225     
  0.563412338088163     
  0.483426434416493     
  0.478762537869716     
  0.471343793263235     
  0.506974869534445     
  0.516047156772392     
  0.439815265523319     
  0.504877946224206     
  0.502922994269910     
  0.469697216185247     
  0.527294294711127     
  0.513471219108898     
  0.512767844447643     
  0.521336783639011     
  0.480608322218489     
  0.513791631667521     
  0.541985892490529     
  0.525256905687230     
  0.598411628654286     
  0.522919066328369     
  0.526545258601201     
  0.455719466686357     
  0.500229012575912     
  0.553370528903376     
  0.521391945583053     
  0.453280565927343     
  0.512723036672900     
  0.504710534342511     
  0.552622742446010     
  0.565343831825977     
  0.504347006177793     
  0.463069419213613     
  0.466183097425976     
  0.490019382947266     
  0.479120472520717     
  0.516763443374341     
  0.505210721966814     
  0.584433222360050     
  0.536796561416920     
  0.565047247855356     
  0.449970906921250     
  0.523085985232223     
  0.544307089975542     
  0.506480613665366     
  0.527092999083254     
  0.543938205934157     
  0.525186370399018     
  0.555738071150643     
  0.513676148481964     
  0.487028308146138     
  0.499031923762200     
  0.455000945844852     
  0.481315529927251     
  0.453207356997517     
  0.481453389992242     
  0.520655387956149     
  0.508403928767620     
  0.490118147511149     
  0.521967352580679     
  0.456701734944039     
  0.470127848642683     
  0.512679465639368     
  0.482138947591768     
  0.488615321883848     
  0.508224836084016     
  0.503993114806770     
  0.485038969465995     
  0.539936541809412     
  0.493081698729471     
  0.446604568274162     
  0.525445367338115     
  0.484318299074262     
  0.512178006588804     
  0.441487007401736     
  0.461840805768406     
  0.519043398244534     
  0.485329491774892     
  0.490822520890345     
  0.518321458133319     
  0.512914297489026     
  0.479371074549772     
  0.500058659686662     
  0.512442645907139     
  0.519632193980791     
  0.465005721330816     
  0.465423921741099     
  0.482993152375666     
  0.465996473600471     
  0.489287055281674     
  0.510744256686537     
  0.507881268226640     
  0.503521051684511     
  0.451983954562028     
  0.512114434115349     
  0.516593987071164     
  0.518903230826104     
  0.555981366600710     
  0.438172176691733     
  0.534903571060688     
  0.506546735877872     
  0.472734938447675     
  0.476342787858835     
  0.506424009139568     
  0.532487495878261     
  0.511506947284196     
  0.505691376132490     
  0.514963476542211     
  0.499872879655028     
  0.528138023265409     
  0.469736643846701     
  0.514331327710900     
  0.454094510879936     
  0.541132023183636     
  0.527467017108564     
  0.456341493355761     
  0.531917632262170     
  0.514375301414253     
  0.470348190636017     
  0.419556885713737     
  0.528628911625080     
  0.531104004835309     
  0.509321462454018     
  0.520969211382888     
  0.530796696306178     
  0.546339917833501     
  0.456157357661198     
  0.458094105157701     
  0.600184455652306     
  0.379712861855744     
  0.498698472753206     
  0.458186640444932     
  0.474768538218405     
  0.506949679874162     
  0.528754363822238     
  0.468911515605624     
  0.484135919235004     
  0.505182023369098     
  0.510736256734143     
  0.556480614076341     
  0.453801260330023     
  0.539885185599167     
  0.492562482273907     
  0.516462459091605     
  0.455222474752355     
  0.456746971155039     
  0.528713333200593     
  0.475406507787735     
  0.548565144779412     
  0.435386598627069     
  0.502835885337087     
  0.542460757755095     
  0.490597115465850     
  0.479806323925601     
  0.509171480786876     
  0.508254019966504     
  0.531315284935699     
  0.525414693921368     
  0.477583868534653     
  0.508278897503228     
  0.516120333543690     
  0.565375418709692     
  0.510409678097690     
  0.561361565562725     
  0.489658758208747     
  0.520141946448682     
  0.511873167076326     
  0.459024179879025     
  0.561147222437004     
  0.491194885528861     
  0.482209556362797     
  0.445609428684456     
  0.492534033282210     
  0.475328608985967     
  0.514166671706983     
  0.534651978001966     
  0.424966678701362     
  0.488589518704641     
  0.540388249444045     
  0.540156159101933     
  0.530331906470667     
  0.528724748015183     
  0.468991520158282     
  0.451398743109787     
  0.499019516932842     
  0.423359234647988     
  0.522186713387820     
  0.463594218644524     
  0.556980837004166     
  0.487795722616807     
  0.489781050607084     
  0.489990932498639     
  0.581590384883253     
  0.457649115427332     
  0.485652918602902     
  0.521102637608702     
  0.455758983361846     
  0.527601508013155     
  0.531584365411150     
  0.446594696986784     
  0.487202579703660     
  0.474769762001656     
  0.504280742494761     
  0.492093578594289     
  0.526432347747141     
  0.452989806554986     
  0.565844966987465     
  0.513894227550933     
  0.445583065192035     
  0.473150872978884     
  0.527616768909353     
  0.579627758395770     
  0.519216588684134     
  0.536382874910723     
  0.496211802260352     
  0.535117378606354     
  0.524653365355319     
  0.430444144113177     
  0.540899196523394     
  0.484504938089934     
  0.514136504712391     
  0.480859565942297     
  0.515249949871042     
  0.481342889176219     
  0.488983671202566     
  0.493680778280858     
  0.526833755278780     
  0.495838685263982     
  0.497223667130400     
  0.529270237251609     
  0.529464860343118     
  0.502569604440925     
  0.511082718309201     
  0.529098912592882     
  0.455216258782591     
  0.509023845386259     
  0.558588281697830     
  0.504661779036464     
  0.530058885681686     
  0.463186339254920     
  0.523764394391137     
  0.509627840676007     
  0.563996305855089     
  0.473957794815628     
  0.499874904767451     
  0.505500302998510     
  0.508091530200222     
  0.506360485145527     
  0.514080698752755     
  0.483228806536670     
  0.472577687658999     
  0.490948868842487     
  0.522668102292032     
  0.458726263433272     
  0.505031085887453     
  0.450363920429270     
  0.503520473723244     
  0.525341686328958     
  0.499041255816733     
  0.437827897908518     
  0.447271108236502     
  0.567163766512033     
  0.510854127846207     
  0.511138365250023     
  0.564084859049513     
  0.520203119178606     
  0.444386001192952     
  0.421519285023450     
  0.473983008100611     
  0.492398837220884     
  0.452763065265914     
  0.474490332426287     
  0.462213753931831     
  0.551661540067499     
  0.451349543063650     
  0.548325182377645     
  0.466753115841464     
  0.465801918124637     
  0.530760991784033     
  0.474234264914286     
  0.539276167379019     
  0.518906161835644     
  0.494930362174582     
  0.504205175065327     
  0.495614984670930     
  0.463517841773296     
  0.505552728256405     
  0.506661327854660     
  0.596503841706873     
  0.493147312112933     
  0.499632104869514     
  0.433867711148516     
  0.471110593684756     
  0.565891262530919     
  0.550735840877701     
  0.508765590317651     
  0.458115707031964     
  0.497049859344333     
  0.464442551591468     
  0.478478322172667     
  0.515445781468497     
  0.486178115712490     
  0.511697526969424     
  0.514513959979803     
  0.461941420723269     
  0.572853147193662     
  0.554540937820899     
  0.551722479314665     
  0.521257742617066     
  0.491286245322065     
  0.540008349864145     
  0.505197776374463     
  0.450514242974628     
  0.563984901206667     
  0.530451969460205     
  0.513033584268766     
  0.569460540999556     
  0.508656505351872     
  0.482119505670828     
  0.505721846792603     
  0.542771821222474     
  0.499848738104181     
  0.445965868197251     
  0.564241083820403     
  0.506754155822705     
  0.481644315995838     
  0.486524992481545     
  0.458032829187658     
  0.449191024502945     
  0.511162672876350     
  0.500032608469453     
  0.504234481531951     
  0.436543929916398     
  0.549586183138973     
  0.510837954691269     
  0.539632247793957     
  0.468690113352671     
  0.427367424308926     
  0.492098665068778     
  0.511105199342781     
  0.442445362664545     
  0.489084284267168     
  0.562459939658667     
  0.486636074135103     
  0.498281561913271     
  0.458138474413181     
  0.517242405075927     
  0.534142043527723     
  0.479005360823837     
  0.431444342631967     
  0.479658890001477     
  0.504490661930813     
  0.526287932907456     
  0.498970072754761     
  0.475415973674956     
  0.477514645962997     
  0.444513351303148     
  0.505769308154893     
  0.549767688878550     
  0.482469629551405     
  0.492328689136478     
  0.561821989361406     
  0.520357997900037     
  0.502267348805439     
  0.573552308597159     
  0.485273175522210     
  0.451878754342718     
  0.531361967875646     
  0.447944325310960     
  0.499514730654875     
  0.439570955717203     
  0.548534630568788     
  0.601201592805091     
  0.506523122727527     
  0.538533360488663     
  0.462511716903140     
  0.540002068505433     
  0.526271100875316     
  0.518124707994467     
  0.509823684146321     
  0.387251760056627     
  0.470023348812618     
  0.473842486968338     
  0.512058417810825     
  0.485624754278499     
  0.507242790546171     
  0.483639611576109     
  0.446409544142404     
  0.527314872532017     
  0.548913007782939     
  0.475133551362771     
  0.446381900423245     
  0.565535439941831     
  0.521132267619597     
  0.519685474272837     
  0.510168034080464     
  0.488456701451564     
  0.475673274865010     
  0.467117605561531     
  0.511019317247874     
  0.584998120668692     
  0.477872139409690     
  0.443163831570593     
  0.496107069190363     
  0.487276037494725     
  0.457035243340816     
  0.554873750338339     
  0.454589068189893     
  0.500057259621882     
  0.474732946005555     
  0.536058480167663     
  0.494934710360379     
  0.505461558919982     
  0.518540312719567     
  0.461603388047492     
  0.523425557243034     
  0.492391887244539     
  0.519522484782109     
  0.504845541924197     
  0.561307356882992     
  0.472127355308104     
  0.580061536688969     
  0.513707113332993     
  0.511203386627540     
  0.482101817146927     
  0.492810634099434     
  0.508346876299536     
  0.501270455877050     
  0.450425789820518     
  0.458104638112225     
  0.514088108485045     
  0.473428139099295     
  0.470668643328456     
  0.480639272762594     
  0.501234348301371     
  0.561721612795077     
  0.518799303066102     
  0.514739639944925     
  0.509776316940776     
  0.468536485988111     
  0.540664196883831     
  0.495026908530790     
  0.502273036069852     
  0.556547074971749     
  0.491185846937445     
  0.483412659055774     
  0.529484179590818     
  0.485820273542336     
  0.535266077146005     
  0.517939136679004     
  0.442535477902086     
  0.464485568054912     
  0.468535746222140     
  0.531114688548364     
  0.532091963626841     
  0.540082964029844     
  0.466684221934537     
  0.516200935049366     
  0.529894085721422     
  0.564064741503069     
  0.477223852482594     
  0.476762474384403     
  0.501692642892138     
  0.465829055372204     
  0.437559753982666     
  0.479615757672764     
  0.454963350137886     
  0.552313926358762     
  0.530399919964016     
  0.495470566706449     
  0.450794955912731     
  0.554749034973161     
  0.519648052928829     
  0.498510101248839     
  0.507397078236354     
  0.517879197051210     
  0.540233145108149     
  0.460196684716037     
  0.477501745815783     
  0.451261883763922     
  0.448937711287097     
  0.469787810061856     
  0.554678416548890     
  0.507987873287259     
  0.509948623716163     
  0.507380229473291     
  0.510286056333730     
  0.507548120939808     
  0.503373961925471     
  0.493068926337786     
  0.546658219861957     
  0.469492481465747     
  0.488191083517742     
  0.457497818527756     
  0.507525115090522     
  0.504523507565560     
  0.487816517535282     
  0.545106517819156     
  0.516154020569332     
  0.510488531872642     
  0.536436751318521     
  0.492019956841676     
  0.504155617141976     
  0.502637867959828     
  0.523621864748925     
  0.458116952526904     
  0.491363177405876     
  0.496963866127839     
  0.524616005835914     
  0.526734220829190     
  0.514481215219780     
  0.470828866170038     
  0.537716753567423     
  0.496935227436096     
  0.517652292783523     
  0.498800958499410     
  0.500775612717513     
  0.461732919771124     
  0.548801172467114     
  0.466080050389135     
  0.487155972429510     
  0.499998743849963     
  0.513223298030500     
  0.462724072308171     
  0.498708426237313     
  0.468059039533359     
  0.483513036915129     
  0.509258809252859     
  0.559957000079745     
  0.500263700543255     
  0.494327834974837     
  0.488606789177982     
  0.552165079915319     
  0.516978354856024     
  0.554544560905275     
  0.489672778067689     
  0.512319254495613     
  0.517785246395606     
  0.502879366145030     
  0.468074361094662     
  0.510468675718054     
  0.532789808106671     
  0.517006613119595     
  0.470812815427952     
  0.445342431913548     
  0.478075113055167     
  0.590463429295209     
  0.466390747214946     
  0.537417758503152     
  0.522723536361482     
  0.536425588002219     
  0.496011013305822     
  0.490604971876818     
  0.545217062377668     
  0.522834377899422     
  0.495671703490591     
  0.463125306092848     
  0.529262055707579     
  0.501765063671822     
  0.430552476762992     
  0.506850928031952     
  0.524983285357307     
  0.553976169714325     
  0.427696689734521     
  0.458793860342485     
  0.485693575699951     
  0.437133566791294     
  0.492422365641595     
  0.532084366599032     
  0.531860942959674     
  0.494788255743159     
  0.577053056693899     
  0.518203393113456     
  0.474456893121931     
  0.510734099782891     
  0.457178851416158     
  0.512294631203828     
  0.480445880933791     
  0.440825101994679     
  0.478815950140873     
  0.508689021702809     
  0.562004638633199     
  0.423777558906779     
  0.504798101523934     
  0.546909954967707     
  0.494323356545651     
  0.233985135146751     
  0.245393656887377     
  0.252306794021763     
  0.273920361785331     
  0.217876081828685     
  0.242167405392501     
  0.266180937365138     
  0.270426753062014     
  0.255702447623241     
  0.240871038674470     
  0.254241095556159     
  0.240057070917531     
  0.260595352927211     
  0.290653196495273     
  0.285334354326092     
  0.258225609451664     
  0.261668429432652     
  0.243687808712667     
  0.262830373065112     
  0.233808163182481     
  0.237717488902195     
  0.288176866268897     
  0.215989880437733     
  0.239364565622228     
  0.219832200444929     
  0.250625121137955     
  0.236058534165917     
  0.209581375449006     
  0.296073117867872     
  0.243714425723659     
  0.264158437520650     
  0.233743015673323     
  0.261536905804034     
  0.282162078062466     
  0.260610554014571     
  0.230989729300666     
  0.205170564912513     
  0.262082275986926     
  0.268547532188783     
  0.238264470670536     
  0.253651528609330     
  0.208721023325515     
  0.238668052290931     
  0.267388711646287     
  0.278170439078441     
  0.270548079970187     
  0.251908478173447     
  0.248608403603788     
  0.246826519995531     
  0.235144900370191     
  0.223990436193714     
  0.239059501692758     
  0.241031734840564     
  0.198154432400376     
  0.234186667305608     
  0.228062850148869     
  0.242809917238084     
  0.298143512676631     
  0.257004096975112     
  0.234686238842812     
  0.212915190425083     
  0.248166427547760     
  0.253117292154261     
  0.228255764905015     
  0.303139675383942     
  0.256322367731223     
  0.236461734880194     
  0.265520596591716     
  0.236348604241097     
  0.224956355480578     
  0.220653303476887     
  0.270998321038938     
  0.243969338758062     
  0.212715861090501     
  0.260794377784352     
  0.269811040597233     
  0.236850286392678     
  0.203948566477164     
  0.262038809700680     
  0.216177127220164     
  0.227824215948039     
  0.234125101295951     
  0.289103546971099     
  0.241518528978875     
  0.194584807474966     
  0.231330385515359     
  0.272853870741315     
  0.238183499436979     
  0.245814107112934     
  0.252316831900632     
  0.205725169689052     
  0.266026238242515     
  0.217197997967466     
  0.248450991911705     
  0.211173292970356     
  0.233610847274735     
  0.180154550207570     
  0.256856410971922     
  0.224696172361356     
  0.259471486624256     
  0.255535776539460     
  0.205427676529543     
  0.239800518029465     
  0.199897714259079     
  0.234226716793319     
  0.240651802842341     
  0.219291337270115     
  0.248778606583415     
  0.220791601910305     
  0.258849678749214     
  0.273078125140703     
  0.241077524792785     
  0.254567684514932     
  0.230839163595302     
  0.249472046227581     
  0.248591364046100     
  0.247317103814643     
  0.261861493221509     
  0.299586177585968     
  0.232813389676992     
  0.265526776364911     
  0.296966759954532     
  0.249312692296443     
  0.267051196968564     
  0.215073021899280     
  0.290569967743438     
  0.308290630567407     
  0.225700830860323     
  0.275008683052314     
  0.260326640021426     
  0.243873616511558     
  0.279362424869496     
  0.225715000115287     
  0.220542465281088     
  0.241514986733102     
  0.275673074727383     
  0.233387865658139     
  0.214606065590499     
  0.216637288621340     
  0.233897285517751     
  0.238970341342021     
  0.251679456551204     
  0.229423015994231     
  0.262808874927164     
  0.272382059322644     
  0.220880979596042     
  0.306964699770423     
  0.236909191900418     
  0.242999460115953     
  0.238977360626952     
  0.271023685022968     
  0.247277744794837     
  0.243332668715450     
  0.244587409279420     
  0.259250475402489     
  0.205684008028180     
  0.220974677203514     
  0.259595675989191     
  0.225949737452420     
  0.249800057170370     
  0.235176958878822     
  0.240210507998363     
  0.262277431772363     
  0.238260340592244     
  0.263544962791309     
  0.261623670270731     
  0.259853916871037     
  0.219796544496006     
  0.289434557574982     
  0.269935575000183     
  0.228846447981793     
  0.262714620136409     
  0.260181165292377     
  0.243036894032717     
  0.295531718339096     
  0.226798631123813     
  0.247660944081363     
  0.252974964789621     
  0.243602341604143     
  0.232713386249510     
  0.226350941174199     
  0.236403083789031     
  0.250470250151615     
  0.243819540314002     
  0.206310272614744     
  0.237531164094818     
  0.218131047597354     
  0.255145207628777     
  0.242379042193374     
  0.234061908365129     
  0.292678303451391     
  0.222302822556604     
  0.242357183341437     
  0.225260072637919     
  0.221694717126462     
  0.203581106823461     
  0.248432574127253     
  0.273959201056727     
  0.281401619416252     
  0.225752837078244     
  0.220315207328095     
  0.259167573765847     
  0.240893146430433     
  0.251510020248179     
  0.247082921843312     
  0.224602005287599     
  0.225866526338502     
  0.214923583431359     
  0.204418176935229     
  0.233434540995365     
  0.257417314719470     
  0.209681259047325     
  0.231802105354713     
  0.275463683218880     
  0.250115383228757     
  0.212612461231408     
  0.259545736923445     
  0.257532867154187     
  0.267973598647230     
  0.229602262254832     
  0.272512026429031     
  0.258474327332616     
  0.282617911572882     
  0.274713479528543     
  0.203673300770544     
  0.215804675704260     
  0.189455325246321     
  0.220307097728250     
  0.251817241340109     
  0.219761849042073     
  0.318025054182042     
  0.262131950093691     
  0.246217731685897     
  0.228684087785547     
  0.230222909102352     
  0.315606591201792     
  0.241150254272928     
  0.224812114281644     
  0.244259735584293     
  0.242832581829333     
  0.244323614666439     
  0.250099303216434     
  0.281631820026194     
  0.233851123364534     
  0.245192462931274     
  0.219440789830821     
  0.259062013007096     
  0.199665991241047     
  0.253584745341140     
  0.253702080041335     
  0.253752886680734     
  0.246235447968237     
  0.252220040482452     
  0.276812819233063     
  0.262163231515956     
  0.290228117256015     
  0.220504550592182     
  0.260194801917253     
  0.208897001146215     
  0.283367730174784     
  0.248641286991005     
  0.226155545674003     
  0.253329839263741     
  0.257304272476711     
  0.205899527698714     
  0.256219152001827     
  0.241546754563206     
  0.212453960506886     
  0.269001839630218     
  0.222602872078979     
  0.252885384821435     
  0.239196291477032     
  0.172744301523196     
  0.287616732524506     
  0.239229390994789     
  0.259986570255739     
  0.266576431525746     
  0.185255374725790     
  0.253519636040434     
  0.229338282101961     
  0.261226447454464     
  0.238828953574202     
  0.290693448500423     
  0.232439783995185     
  0.256009639444698     
  0.268471082156641     
  0.240365415446682     
  0.238197021784985     
  0.244608076474439     
  0.251298849051227     
  0.274246901024081     
  0.241154285927115     
  0.249780909620782     
  0.197900830820425     
  0.213062977049816     
  0.220787953765974     
  0.242265299437566     
  0.247242615801306     
  0.242808063881081     
  0.293971667748678     
  0.273844741595185     
  0.304451580580733     
  0.251013433214240     
  0.253113593774738     
  0.270317536289887     
  0.248233521240421     
  0.250596120302760     
  0.212838186597362     
  0.230483373437393     
  0.314587352001153     
  0.274436173985262     
  0.235490682873612     
  0.253013179042946     
  0.224581136504936     
  0.224793424571175     
  0.239650706084635     
  0.220829280270766     
  0.274031786944478     
  0.239598408983296     
  0.289328678365840     
  0.198614627537471     
  0.284244309785075     
  0.234916334546616     
  0.273085010385471     
  0.244829885546385     
  0.270983053839836     
  0.244173820970401     
  0.240087792279033     
  0.259324342715775     
  0.229111560496919     
  0.219022522770272     
  0.239297281410655     
  0.227753201891545     
  0.280849423720503     
  0.247813513444609     
  0.260844895676131     
  0.232325304846141     
  0.232044669410651     
  0.286616816766457     
  0.268728868912497     
  0.202038562524933     
  0.272784139239790     
  0.238028729948018     
  0.229657655048072     
  0.271016011552638     
  0.204714032323859     
  0.314720769873275     
  0.231748789272895     
  0.226815611040593     
  0.216390503097085     
  0.282088632661154     
  0.254815410231974     
  0.259029177898559     
  0.215723332264073     
  0.236484471455934     
  0.262625958941977     
  0.249884612617237     
  0.231672175875284     
  0.261031949746079     
  0.247171798508424     
  0.278899710130042     
  0.254880292019340     
  0.246410108936548     
  0.240184280812299     
  0.263928081172786     
  0.221511359525945     
  0.296675945527059     
  0.255292814459566     
  0.211505773650690     
  0.236113432958608     
  0.244493123886444     
  0.252748717990913     
  0.215040491735426     
  0.258114234154279     
  0.225516596092549     
  0.232007456065253     
  0.243638204267864     
  0.275208920677784     
  0.249734364241367     
  0.238665664347984     
  0.264409959654021     
  0.241433795093563     
  0.217244970386989     
  0.296055805855165     
  0.225244823326066     
  0.218949757618732     
  0.326483773223811     
  0.224700770582431     
  0.261531730890190     
  0.247140295942760     
  0.226043500081425     
  0.252638552873545     
  0.217394663233908     
  0.256722794248974     
  0.268975048984427     
  0.288878718495973     
  0.289802719658319     
  0.234553834840892     
  0.276325512237763     
  0.234349918970380     
  0.228281669760584     
  0.258563963134269     
  0.275236535121241     
  0.214379818450963     
  0.276368731801546     
  0.222569154880290     
  0.218242124238793     
  0.245647491138523     
  0.262736427709265     
  0.274950411713447     
  0.266385860507165     
  0.228209965269364     
  0.218609739090595     
  0.251581151935271     
  0.278469523807692     
  0.214775867018583     
  0.278019118549388     
  0.266804899747863     
  0.283831423061681     
  0.235622423807930     
  0.237127017816579     
  0.256796407140902     
  0.220587335572108     
  0.224206778973172     
  0.254024087540726     
  0.250091060778239     
  0.228936401739471     
  0.246369693299870     
  0.268250763501973     
  0.227113833205241     
  0.248104152095042     
  0.222630962134626     
  0.305196615739815     
  0.238694772632841     
  0.236585175454709     
  0.206186191615553     
  0.244545698627317     
  0.223901872002438     
  0.252480582709786     
  0.235830146256848     
  0.258128901422037     
  0.275200194536577     
  0.262793055347965     
  0.177853694859439     
  0.249980021679238     
  0.229796417161891     
  0.236108776916194     
  0.242927130588702     
  0.247228219142349     
  0.317209637162258     
  0.270690642945938     
  0.299645931712601     
  0.234412691232427     
  0.260406866497325     
  0.286069778566878     
  0.244672503196696     
  0.221357667981694     
  0.222357046189616     
  0.327336712423187     
  0.181520273363874     
  0.232459615189580     
  0.310133440694078     
  0.278346953645413     
  0.262367850351819     
  0.283721111406375     
  0.255286452835073     
  0.239082257077026     
  0.215731144374159     
  0.233342982057649     
  0.219013199676059     
  0.258876039512494     
  0.275452231873127     
  0.237763612556068     
  0.282711557783720     
  0.196944236670341     
  0.246843416512158     
  0.218083423096616     
  0.290967711623566     
  0.233991651066454     
  0.277385389469354     
  0.196086515075540     
  0.278255683296549     
  0.252210317409604     
  0.218271144341851     
  0.261556154480647     
  0.242342606675350     
  0.241537099102197     
  0.280319726325724     
  0.209211622921551     
  0.259710887605310     
  0.230827077044531     
  0.251436023514542     
  0.263588369964399     
  0.257491014127788     
  0.172682739868683     
  0.294670165040071     
  0.233031163715110     
  0.246235573251352     
  0.259813532305339     
  0.227463625623094     
  0.279391246026891     
  0.255342017166564     
  0.255125117552435     
  0.285576506624345     
  0.245799840319868     
  0.248180780282871     
  0.238954124936908     
  0.277316841197942     
  0.261577744289238     
  0.248939685918127     
  0.237402330704611     
  0.246201497076221     
  0.259153959965500     
  0.254543910862047     
  0.255590826913459     
  0.248524026650468     
  0.285565921758360     
  0.289389025008594     
  0.202848473002231     
  0.238265252911670     
  0.249607860668048     
  0.249700607211009     
  0.233943097485297     
  0.217211188990540     
  0.294852024747539     
  0.282653639590322     
  0.250360236391818     
  0.232969979996417     
  0.239769579675651     
  0.249123645902738     
  0.216368643250834     
  0.202195893219308     
  0.251496811911785     
  0.227747976588913     
  0.231217307328277     
  0.264717743511442     
  0.242327672554680     
  0.207900056133559     
  0.294940078459921     
  0.232642179439839     
  0.289119042617212     
  0.246219298206614     
  0.235566630953987     
  0.209728516657668     
  0.216423023015872     
  0.307398731268306     
  0.262711025565524     
  0.217503517013300     
  0.230594674546919     
  0.219752055985329     
  0.254497205625749     
  0.198485408286537     
  0.246072820598588     
  0.241644012171456     
  0.198785067162152     
  0.240697806703678     
  0.231267627432921     
  0.274933094239059     
  0.273173908123378     
  0.260720596666488     
  0.260006649029621     
  0.268269787977832     
  0.247750684869930     
  0.252395208285402     
  0.277070730042184     
  0.253460357387458     
  0.220158839806561     
  0.230960191960912     
  0.279506783300202     
  0.258380201678186     
  0.250675197810874     
  0.237982770851858     
  0.265384954489708     
  0.264012413442175     
  0.230738588820143     
  0.275373487205331     
  0.250724171606397     
  0.281534180122862     
  0.243944901499672     
  0.268556263712737     
  0.241879482240620     
  0.265074132513271     
  0.254778278889544     
  0.267910351487200     
  0.208868274871057     
  0.211475872411087     
  0.273455941382858     
  0.272403417303639     
  0.233385272820765     
  0.231187745429299     
  0.233580743431609     
  0.221160246080287     
  0.271326050675481     
  0.293828821091023     
  0.291906580993541     
  0.215682925424302     
  0.213064819628901     
  0.236509746039406     
  0.262532200990190     
  0.253834064897128     
  0.277954998734569     
  0.257417165432520     
  0.237679261254981     
  0.276289901565267     
  0.230605407516550     
  0.246749291674792     
  0.246938726202212     
  0.280277788979273     
  0.250886956238761     
  0.257503370082131     
  0.321383097703367     
  0.195106566666529     
  0.272863210539291     
  0.246487515537684     
  0.234833137760774     
  0.277929678618541     
  0.260177667001722     
  0.221501089670843     
  0.295851667854624     
  0.213924810045875     
  0.249502022318680     
  0.285823619122551     
  0.229435779493327     
  0.300242130555696     
  0.251739811747251     
  0.291060616688800     
  0.217406765954223     
  0.265790823848265     
  0.250524012853668     
  0.258775256546389     
  0.281140553778384     
  0.220190635259530     
  0.223855289071348     
  0.247857474462747     
  0.291513471287734     
  0.267792643833758     
  0.264829839786867     
  0.244469968060159     
  0.301844413311071     
  0.266904050130392     
  0.247340735390510     
  0.244976538317640     
  0.211290258170111     
  0.221281146512649     
  0.247168006636025     
  0.265155830094009     
  0.279076127674614     
  0.241589048986557     
  0.289240855629242     
  0.255606123286707     
  0.216057492540951     
  0.225030715284527     
  0.233198191136082     
  0.225580238394770     
  0.264202717444090     
  0.273403922519897     
  0.292731335071732     
  0.241688017719590     
  0.219797340181647     
  0.238823142070808     
  0.214827395971720     
  0.223903644000960     
  0.259242372648350     
  0.287748925267106     
  0.236526497729164     
  0.233904254696555     
  0.274893616063987     
  0.285533289371476     
  0.242158226274684     
  0.224216279811266     
  0.243485976184597     
  0.302598737773467     
  0.264516615743137     
  0.261864334986939     
  0.253790550086687     
  0.250167882186588     
  0.272183374837156     
  0.260021036861394     
  0.219655860814785     
  0.231844240587088     
  0.261704659027222     
  0.260169539769239     
  0.232443290443007     
  0.264400862361453     
  0.226632154901107     
  0.261711678993157     
  0.225841175344960     
  0.219884117324785     
  0.214268507156992     
  0.244088555184676     
  0.202957112818871     
  0.270162855311463     
  0.263255099482865     
  0.245196939017705     
  0.202881278558974     
  0.272892923543186     
  0.238332840572569     
  0.254152399996062     
  0.234086746220461     
  0.228426420338468     
  0.300584567514473     
  0.247666449828454     
  0.243619645010277     
  0.257706648481070     
  0.261269049140114     
  0.221922297170067     
  0.249535487673281     
  0.246766662579976     
  0.222843819824884     
  0.279851079054328     
  0.261650178781399     
  0.277947139690106     
  0.244339201237975     
  0.174104480970932     
  0.249373613102883     
  0.289779880172005     
  0.235559574237151     
  0.232785083219556     
  0.247759339664172     
  0.293722769662453     
  0.263526050955214     
  0.234407444387034     
  0.274347633800478     
  0.278074006584345     
  0.235958177733647     
  0.253537963203109     
  0.275958854204057     
  0.191024103338269     
  0.194317149266959     
  0.278238322881601     
  0.226862121064592     
  0.253905895900721     
  0.238405712980749     
  0.221501387997273     
  0.232485642036566     
  0.256425897875059     
  0.214531224266626     
  0.227721521384889     
  0.211530361456144     
  0.274392320867755     
  0.248451352350929     
  0.260864036114842     
  0.219330780155853     
  0.257335383222958     
  0.255497321309656     
  0.200492719864346     
  0.304054389447548     
  0.214316905273693     
  0.287342827365534     
  0.284392426478203     
  0.279898054095074     
  0.259982278415137     
  0.237879080546556     
  0.279700993366075     
  0.240386895676636     
  0.314448157750430     
  0.246015130880070     
  0.212768378857865     
  0.264205672069867     
  0.265060595953538     
  0.263371391360418     
  0.296307383839854     
  0.245364187265647     
  0.249411583554652     
  0.256674193356077     
  0.259047759966053     
  0.251132409351597     
  0.276943317035789     
  0.266486944330534     
  0.263005109031703     
  0.290315458851420     
  0.282097532431189     
  0.254619270726372     
  0.240195752618792     
  0.285893526441604     
  0.256841676930202     
  0.251005594481468     
  0.278773983144182     
  0.240807621422673     
  0.242025848442274     
  0.263861257071646     
  0.253690198815838     
  0.232530011728374     
  0.271165892570550     
  0.262094392753803     
  0.221916494068290     
  0.304698915707668     
  0.230897388583680     
  0.252557633649771     
  0.247932268957625     
  0.260383912016709     
  0.234838684000759     
  0.236339552817949     
  0.247143275436509     
  0.233489060411347     
  0.237154930265329     
  0.256798858676631     
  0.240973865556417     
  0.226078643293421     
  0.252874822052190     
  0.244914307078656     
  0.214034624385657     
  0.272595516806139     
  0.206968112658423     
  0.241066360619904     
  0.272012522094237     
  0.234022699594768     
  0.288121350260255     
  0.207704782487894     
  0.222282866757461     
  0.243211745664548     
  0.222379294421190     
  0.253456249075802     
  0.266639924372839     
  0.228803523156159     
  0.277565230962020     
  0.248480693245295     
  0.221934649711603     
  0.297983167298942     
  0.278873760680427     
  0.241077403639921     
  0.242790183934314     
  0.246059996355060     
  0.218829144599031     
  0.251518445937075     
  0.230880805915119     
  0.259954978793853     
  0.212419552119686     
  0.308475140800789     
  0.264885336455891     
  0.260304830363006     
  0.254508585228504     
  0.216665742777346     
  0.246724967397851     
  0.253087410286099     
  0.259965363842714     
  0.241142250706208     
  0.250033544764249     
  0.259990809446838     
  0.250146948817834     
  0.262685770439299     
  0.263178523742314     
  0.199007742017318     
  0.249791965029977     
  0.209222814285172     
  0.241959061732632     
  0.266314457832381     
  0.251481120331233     
  0.264337543298857     
  0.210991147871701     
  0.241646820569219     
  0.237436128294724     
  0.262904466002212     
  0.272507720833934     
  0.249470705840640     
  0.283156804829461     
  0.273479249765954     
  0.249981784598363     
  0.242093544445547     
  0.275253537535101     
  0.250861674893130     
  0.211179463993986     
  0.235284442138504     
  0.283410200685950     
  0.256019772685702     
  0.235985784877661     
  0.237230279838248     
  0.236726809713508     
  0.298794740912074     
  0.228690295778634     
  0.235013240693143     
  0.256869013194570     
  0.229264112352335     
  0.197940749026118     
  0.209325318486766     
  0.228788540508442     
  0.236411181066480     
  0.287248729670319     
  0.299140537336469     
  0.252925959015639     
  0.251178470978520     
  0.264677836326041     
  0.242756354116579     
  0.240330831514921     
  0.228465971878296     
  0.299207778291172     
  0.234366822343099     
  0.205725796175172     
  0.242103549269085     
  0.238995384980648     
  0.255860269771795     
  0.212534994188595     
  0.237340327431098     
  0.270019536295940     
  0.220522135072773     
  0.266306631440355     
  0.234173529499594     
  0.273773121685303     
  0.238581152532294     
  0.210491137873267     
  0.207516123518208     
  0.268407967458531     
  0.220950241757852     
  0.241082597734083     
  0.202262092226574     
  0.253397959907422     
  0.234285594280644     
  0.255632548745950     
  0.232677074217136     
  0.241612143381369     
  0.251523195673882     
  0.227541678515978     
  0.223500166525790     
  0.234675897471128     
  0.293257535888196     
  0.275693060347131     
  0.285214158197948     
  0.242395347629200     
  0.236093167321996     
  0.222417680960311     
  0.232769221706123     
  0.251348276875070     
  0.275451313431160     
  0.293686880096404     
  0.267237489943748     
  0.229501302171538     
  0.246143955336140     
  0.235450137416102     
  0.217831355138337     
  0.250556068499653     
  0.274162782216214     
  0.259714509426669     
  0.237523375665725     
  0.278244112395439     
  0.233425588991455     
  0.194048331849262     
  0.223409413066476     
  0.229120874778334     
  0.235165346526550     
  0.198977125068540     
  0.184824150500714     
  0.288051884642335     
  0.233947209401123     
  0.211728761017987     
  0.238486108223010     
  0.228433628711000     
  0.239587603941658     
  0.224089636498344     
  0.215989281521666     
  0.316131139154907     
  0.275337242186419     
  0.265400073162008     
  0.224712633561027     
  0.234992682308046     
  0.249704412470986     
  0.236721562469668     
  0.217869909492581     
  0.251349632848593     
  0.243738770521042     
  0.236099434732234     
  0.265369615118684     
  0.237576922144785     
  0.269865275395854     
  0.268890540273859     
  0.218866438158444     
  0.231542053510530     
  0.281160863187475     
  0.273404324843142     
  0.224859948989074     
  0.215261243165671     
  0.281745318603821     
  0.226961385815398     
  0.213529273474544     
  0.264188914247237     
  0.214513892813126     
  0.244177873755614     
  0.242241277023847     
  0.234984350605256     
  0.239049371145732     
  0.285407818987707     
  0.257322748064952     
  0.224920998738452     
  0.223792404771454     
  0.229697326846276     
  0.257685835854394     
  0.201050603316357     
  0.224414411981024     
  0.198898615054419     
  0.217407059285199     
  0.260532535260980     
  0.249193435401008     
  0.226834569287078     
  0.255299652567699     
  0.242734989593115     
  0.252075035828355     
  0.304384178527824     
  0.236018382325765     
  0.217895478643515     
  0.238683028815641     
  0.203627704809372     
