  0.444908447494023     
  0.519278079792140     
  0.444096194882884     
  0.460059970643326     
  0.440600476588698     
  0.455882648735150     
  0.456490604738801     
  0.552287654427961     
  0.532441841631622     
  0.509621168748395     
  0.527477037282283     
  0.498033857512317     
  0.510944683916847     
  0.488261610729719     
  0.509832680532165     
  0.574063499402108     
  0.554024156657888     
  0.495591679838424     
  0.508236464872904     
  0.582835887269963     
  0.475621438878544     
  0.491674193813675     
  0.457712201774056     
  0.453026816391711     
  0.529756533251209     
  0.466263152735335     
  0.531741571726411     
  0.501686839949967     
  0.531692231398292     
  0.492122301657504     
  0.484770929339490     
  0.475264823262506     
  0.569721858824927     
  0.499866546448410     
  0.504293735574853     
  0.497261705717754     
  0.477561819470119     
  0.443690273997165     
  0.459315307079445     
  0.509045706249904     
  0.529103770825159     
  0.536672148917340     
  0.478871464654050     
  0.551284298392760     
  0.558139639339229     
  0.496812118826451     
  0.516729802860735     
  0.544033640892227     
  0.467530131739513     
  0.544125728988263     
  0.543942058778832     
  0.437316338655862     
  0.558678952324780     
  0.508923964525072     
  0.443608474946376     
  0.449782866767669     
  0.608832839138580     
  0.503720844177568     
  0.592958527344161     
  0.496980578145802     
  0.519217706955405     
  0.540438252635775     
  0.559887582162120     
  0.490406664213661     
  0.471890468681743     
  0.511541738764209     
  0.450651371738752     
  0.511904167223836     
  0.476671625970528     
  0.461858539066751     
  0.482399097899868     
  0.495394804215710     
  0.486603140027440     
  0.557385367951759     
  0.475224530280137     
  0.525667963269447     
  0.525949170480318     
  0.474166334596112     
  0.506314351000843     
  0.526144062828579     
  0.454773237271354     
  0.509012937658978     
  0.487808502909722     
  0.428243268138595     
  0.510104040737886     
  0.524953121117256     
  0.529808211463187     
  0.524560513195990     
  0.495090981899595     
  0.482059680617717     
  0.430070863501320     
  0.520000999090519     
  0.569498358821815     
  0.529683848517641     
  0.518992806612133     
  0.552086040599529     
  0.468422101822465     
  0.523572029472793     
  0.568557797853344     
  0.614587076882042     
  0.440122466256309     
  0.508440378312878     
  0.433206352809980     
  0.504358806103603     
  0.543047463804602     
  0.525158013456205     
  0.540633929841250     
  0.434003107888723     
  0.487188437539352     
  0.430111218426956     
  0.555341335884340     
  0.531956003285935     
  0.540880319821236     
  0.446365849834027     
  0.493589280372280     
  0.476627965731888     
  0.468629065952796     
  0.534672749826876     
  0.487906787546111     
  0.475947576913672     
  0.508074654497274     
  0.486095863121031     
  0.521040720436142     
  0.506332925381675     
  0.490355310702000     
  0.464972897120282     
  0.503219252017811     
  0.487674177897201     
  0.470183036390750     
  0.501928337361423     
  0.524369586322267     
  0.491439213873622     
  0.543165473398499     
  0.476979184794514     
  0.528297160516711     
  0.419698150328308     
  0.498592299852394     
  0.486679124264157     
  0.432311942477738     
  0.538206972026368     
  0.482310953354076     
  0.517702391850303     
  0.522655515802683     
  0.462325863001817     
  0.501476670974426     
  0.494138159914993     
  0.503786269843650     
  0.521284612453396     
  0.432966325051961     
  0.509686345312988     
  0.521687940092135     
  0.480125299645439     
  0.521214538708316     
  0.461043397661152     
  0.482879673468397     
  0.556061240213618     
  0.494032518523310     
  0.471649459546368     
  0.482361816362572     
  0.525129729782172     
  0.500840704639163     
  0.506942686721540     
  0.486635090875870     
  0.491110782370039     
  0.474131455542824     
  0.499378355717491     
  0.529866525948894     
  0.573592032175744     
  0.486724908325949     
  0.531073275882242     
  0.535684913158063     
  0.482428384080858     
  0.555770224881084     
  0.429005072251548     
  0.435052470759120     
  0.535529691458546     
  0.523404837739605     
  0.483366504475340     
  0.438049153340939     
  0.453770026969425     
  0.536207084168068     
  0.501194189496232     
  0.509186943147001     
  0.440453336549961     
  0.535421591179384     
  0.482700076998568     
  0.502319809052279     
  0.498137500306987     
  0.474307919024264     
  0.502596260790081     
  0.593315294259872     
  0.466154600188808     
  0.570734055710782     
  0.547035494122856     
  0.452196294379197     
  0.526653276222243     
  0.486656879813245     
  0.531949633290220     
  0.477882318613496     
  0.442395761108084     
  0.500493019635626     
  0.517422180407141     
  0.469734861144388     
  0.515051953163986     
  0.467048768767948     
  0.468082075373075     
  0.511880734812825     
  0.532263905890755     
  0.576212186079492     
  0.497007092454715     
  0.448967497614328     
  0.488058280027147     
  0.468182410187878     
  0.520527435284612     
  0.527173431548511     
  0.508608678827984     
  0.548936950812876     
  0.427387795705490     
  0.517172846932180     
  0.460887055195557     
  0.408218499022923     
  0.496636687025940     
  0.490470651182989     
  0.520884832442743     
  0.468580620250189     
  0.491477833516316     
  0.547888166307680     
  0.516299266839646     
  0.444354290703512     
  0.519293550671069     
  0.492104896973354     
  0.497984691668783     
  0.532687420245054     
  0.481104381445404     
  0.556398445801076     
  0.519486825519233     
  0.571750747952259     
  0.521801137147889     
  0.448902307530972     
  0.472739437545963     
  0.484423697258400     
  0.493272864585777     
  0.463768533204533     
  0.538071358580664     
  0.504667663470296     
  0.492970620463692     
  0.526093814124752     
  0.498927422617962     
  0.526155795337556     
  0.438799976313017     
  0.583858619688165     
  0.539997878608974     
  0.482699634954910     
  0.465662244252750     
  0.571222153700170     
  0.481564352660844     
  0.464224907708598     
  0.430909578659783     
  0.481677489036761     
  0.485541719255090     
  0.507872164707277     
  0.525267155583907     
  0.545802075116190     
  0.501606584661780     
  0.487618013390403     
  0.516683256195992     
  0.543280659912206     
  0.526061047372979     
  0.533300470556914     
  0.490625499588247     
  0.516597066225847     
  0.489095063406530     
  0.531864824038947     
  0.471109014239585     
  0.551062657599871     
  0.489967913457467     
  0.524181677962758     
  0.514129670507454     
  0.548644151486766     
  0.436801266614460     
  0.496352925460215     
  0.512264261520179     
  0.487413942146515     
  0.513419672304683     
  0.453667972748205     
  0.544134011112487     
  0.480287564412787     
  0.542682977918457     
  0.500301288652214     
  0.541609829060275     
  0.509859421030576     
  0.495034634492331     
  0.457157968218309     
  0.477894210745305     
  0.537786974920118     
  0.517024203572223     
  0.476908567594065     
  0.475021241924266     
  0.512581391793934     
  0.572121527161661     
  0.477732394912244     
  0.483393474231453     
  0.489075563416239     
  0.533117988956245     
  0.512770193638052     
  0.464735699471276     
  0.419052459242924     
  0.522567458952902     
  0.501607122460741     
  0.482933284630437     
  0.499145466177357     
  0.498966820682195     
  0.471064947437621     
  0.539839857990096     
  0.512900342356649     
  0.500965190673604     
  0.517119153306729     
  0.544219537451009     
  0.473052465191047     
  0.528414161869377     
  0.484966825494522     
  0.497589251518383     
  0.492167159720257     
  0.474254943006719     
  0.480577956933280     
  0.459800766199144     
  0.503583664247102     
  0.544933482019606     
  0.512087227471219     
  0.531127492280817     
  0.492009420551485     
  0.458472119637993     
  0.468811845465765     
  0.503122333304684     
  0.533899188360869     
  0.521842821418643     
  0.477655933370495     
  0.497406432252978     
  0.472405692448793     
  0.499521375473458     
  0.530354851265496     
  0.500066396536494     
  0.479971515715582     
  0.506921643825455     
  0.465474842366943     
  0.509423956308615     
  0.511420610030183     
  0.467436044382648     
  0.423745263340407     
  0.495652006166089     
  0.493528676943490     
  0.496848650225256     
  0.478748989767863     
  0.454754393965601     
  0.510087067273516     
  0.476735051828710     
  0.573020666965913     
  0.551976125204228     
  0.497226934867839     
  0.512017322210274     
  0.503123608222747     
  0.551623638633036     
  0.502993953416970     
  0.488192834729299     
  0.483072162144251     
  0.505513794402943     
  0.453384308612496     
  0.484313433163671     
  0.493693943875331     
  0.519464583088265     
  0.523755986696876     
  0.500936337847353     
  0.491501002377736     
  0.554074546150444     
  0.452100024255002     
  0.504597341800117     
  0.496276331467988     
  0.502009573901258     
  0.434701363529223     
  0.497487538130077     
  0.515054145908711     
  0.544664883738103     
  0.536286790321390     
  0.475262084644985     
  0.506073443712398     
  0.523390729319995     
  0.446357928285203     
  0.509401538275627     
  0.439574626757459     
  0.483899629153358     
  0.506478686557221     
  0.514643312577013     
  0.505404435405421     
  0.499335954865456     
  0.464765816088275     
  0.492973453495583     
  0.501853104988811     
  0.560303851954865     
  0.426040210640112     
  0.457815281367185     
  0.450166090473945     
  0.527128005432118     
  0.500688005291193     
  0.472082644736523     
  0.443148446728778     
  0.488359401905651     
  0.493050948625691     
  0.512075950646434     
  0.510641359431160     
  0.463228545199190     
  0.471819364258452     
  0.498298537684009     
  0.448817505403202     
  0.500567386025873     
  0.522326701807736     
  0.530602051039899     
  0.476615267042972     
  0.484850722134752     
  0.464601288350617     
  0.416824718885915     
  0.482071634736346     
  0.477239004657137     
  0.548301918987543     
  0.444739518541354     
  0.534185387417285     
  0.525004104834501     
  0.442940737761698     
  0.499483863018854     
  0.485246055132254     
  0.536642612799324     
  0.568118223826911     
  0.538746551509609     
  0.469980238402220     
  0.527455987451466     
  0.537945924862053     
  0.524366353529732     
  0.487702982626036     
  0.469364480054081     
  0.536175684878202     
  0.484052222070129     
  0.503994853174378     
  0.458140584803617     
  0.506658540384692     
  0.537637490947170     
  0.440192499775308     
  0.547474941843546     
  0.534920572101437     
  0.502117041152903     
  0.524005555863222     
  0.462523289358278     
  0.517228721779700     
  0.492049443824757     
  0.469537530821528     
  0.471567727695661     
  0.541306415631201     
  0.509810102796230     
  0.513231380912908     
  0.582182064387238     
  0.472061430618046     
  0.531821185167701     
  0.491025746290248     
  0.542057803941494     
  0.467321029967839     
  0.530188626504510     
  0.555928868543791     
  0.543402283436305     
  0.503976286524968     
  0.504048375772470     
  0.521989872630181     
  0.399125954761515     
  0.462853710438309     
  0.501128363617477     
  0.523331208239348     
  0.463120536905875     
  0.530228615640694     
  0.474556637519996     
  0.487261195917393     
  0.468099588474901     
  0.487352735668089     
  0.500431267237504     
  0.480571024115355     
  0.513603196329406     
  0.509361281280781     
  0.451521721440001     
  0.501252186648949     
  0.492888152286881     
  0.525063871744729     
  0.512529735478862     
  0.451432952482395     
  0.407344026395897     
  0.501609888844387     
  0.501132583181180     
  0.484346857253953     
  0.517740556118341     
  0.572628784494769     
  0.526000744687790     
  0.474160925983865     
  0.479238860407806     
  0.436810410197540     
  0.501588333935555     
  0.460342298406163     
  0.457604952132746     
  0.484462927888915     
  0.586346122363158     
  0.537133301063961     
  0.498083258549229     
  0.526196530345196     
  0.547469372345320     
  0.510567652978865     
  0.532288524289988     
  0.497248994667236     
  0.494208140392600     
  0.502796775852546     
  0.474552719725624     
  0.455103229919643     
  0.531111092232954     
  0.512658317476495     
  0.562327361081072     
  0.452128328473724     
  0.500328904511632     
  0.493292294932841     
  0.493464757577325     
  0.450839700744031     
  0.492416985789295     
  0.536998201486886     
  0.493324242596971     
  0.513379743340293     
  0.511763214008386     
  0.515155001622398     
  0.515927053038067     
  0.435616356865218     
  0.440354494203172     
  0.504580298502595     
  0.434993555140219     
  0.429314770782443     
  0.506221145455887     
  0.493129349800287     
  0.520823931850950     
  0.427383216130022     
  0.489882560712515     
  0.515065378159295     
  0.493985321813844     
  0.482519484197492     
  0.512305539547464     
  0.542049141202841     
  0.492378932129210     
  0.446110909009388     
  0.516569565246708     
  0.490013838518457     
  0.502168609691681     
  0.406674605609006     
  0.525557564290071     
  0.531189584884874     
  0.420541368311481     
  0.489378137203101     
  0.480144286759786     
  0.503124395589655     
  0.556397416681154     
  0.567029134655534     
  0.524632988899496     
  0.504843561472306     
  0.521123001172356     
  0.532957504393340     
  0.453259271700544     
  0.514746059675028     
  0.462686787051277     
  0.520587315630978     
  0.478920148197373     
  0.488002461670316     
  0.556725281231336     
  0.525962038234674     
  0.515738200728359     
  0.502681897313316     
  0.494956306846827     
  0.515619780392396     
  0.518949499925847     
  0.490007928552747     
  0.492506438260098     
  0.480386364446928     
  0.536054375809963     
  0.443566073198585     
  0.448939785037036     
  0.531356091529463     
  0.498491109638811     
  0.510957393613478     
  0.452533142213816     
  0.518769271553501     
  0.488603707802440     
  0.568697531946006     
  0.459895136303977     
  0.477950776258985     
  0.523116105506975     
  0.472495205220158     
  0.517015892309316     
  0.478525879124992     
  0.496066593579340     
  0.447173634100667     
  0.472404585416269     
  0.422751785218206     
  0.494595801663528     
  0.499018370865524     
  0.489758934597022     
  0.503262570477652     
  0.429725600141801     
  0.397831389839795     
  0.438445403187211     
  0.427583578138084     
  0.541100326315113     
  0.520905494833949     
  0.556639245992032     
  0.437095539760650     
  0.470694686042487     
  0.468648796249331     
  0.473082490815467     
  0.539811978141502     
  0.514474154730479     
  0.523295267142558     
  0.490379239964333     
  0.536004296725252     
  0.526516881512079     
  0.520880109256152     
  0.422306723281176     
  0.474048202178887     
  0.489804857176971     
  0.507231036865240     
  0.481379722857911     
  0.483492384282404     
  0.526984915135030     
  0.454094808529711     
  0.504175812564868     
  0.520746986453369     
  0.475376904916831     
  0.565434592128074     
  0.535836779144055     
  0.537512820299330     
  0.501660347161189     
  0.516374841204890     
  0.498556009023461     
  0.543224300319855     
  0.475115878737950     
  0.484522855991482     
  0.504604236140477     
  0.460220296567562     
  0.515100473352448     
  0.462538262202168     
  0.511825494686476     
  0.464364944284263     
  0.485365244156892     
  0.458922715891867     
  0.476242552310386     
  0.522560755069978     
  0.520626167716807     
  0.480951338950894     
  0.518415324329524     
  0.436696091266550     
  0.482229696074800     
  0.515143090772381     
  0.497761651677581     
  0.485884468114036     
  0.539747186657819     
  0.504003659585622     
  0.524727274447171     
  0.533385522307055     
  0.512497401477979     
  0.547939517220859     
  0.605399863514939     
  0.455161982316248     
  0.460330861886485     
  0.451952893141835     
  0.486089555385963     
  0.541961232069738     
  0.570507929211185     
  0.496062622196426     
  0.495093438228731     
  0.522805762299764     
  0.551008810890706     
  0.510336680442149     
  0.509906593826691     
  0.521925312424462     
  0.464559189015757     
  0.459336078176043     
  0.543762368290572     
  0.494658344986245     
  0.583568601538348     
  0.530577660310612     
  0.508016930621016     
  0.569113467956897     
  0.505194716499097     
  0.469618501180034     
  0.482174104486911     
  0.537090512480186     
  0.476553556263499     
  0.473691152477070     
  0.452613454109018     
  0.508095201911177     
  0.514857673696194     
  0.523021070624299     
  0.470353095071064     
  0.535983868390851     
  0.498997587162895     
  0.484437820613032     
  0.483513092342851     
  0.471601217082748     
  0.504293798172724     
  0.512679056729721     
  0.521967598682797     
  0.515399498992647     
  0.533645211131391     
  0.466693851714341     
  0.515728923303239     
  0.439059218893664     
  0.528601905863333     
  0.508110136172943     
  0.463236331778894     
  0.477706903630982     
  0.478650649396801     
  0.459748488697219     
  0.464090398274160     
  0.485278979267768     
  0.525580575900811     
  0.537659985956959     
  0.520890527755101     
  0.500449561051763     
  0.520885307264325     
  0.536209702377843     
  0.486640822602739     
  0.536059853251937     
  0.492456169945409     
  0.539287920220276     
  0.485052320327712     
  0.522484460540415     
  0.494674252301393     
  0.480196148495121     
  0.490527372536577     
  0.444173779808786     
  0.522089269280278     
  0.486600083380837     
  0.539634295042885     
  0.442684187201943     
  0.520980880125643     
  0.537627508151189     
  0.604446283517814     
  0.476327155468438     
  0.500038521175901     
  0.462108446254973     
  0.480512165674113     
  0.498098866147854     
  0.522869422355801     
  0.487454958170201     
  0.510569139882368     
  0.425603354615657     
  0.541039044441194     
  0.475204017559206     
  0.452949369841157     
  0.452912399594732     
  0.534155816039526     
  0.523652060110521     
  0.464923626731295     
  0.493410990682865     
  0.496131363850443     
  0.479793709806591     
  0.484167092644113     
  0.488397166803399     
  0.558075826224909     
  0.502158369317552     
  0.505328343084089     
  0.552731816845382     
  0.431923959575102     
  0.434614531558446     
  0.496057672506689     
  0.467055336914182     
  0.470511232635014     
  0.474639611929373     
  0.486192500157386     
  0.460583715675492     
  0.476492586234021     
  0.449629253713383     
  0.500111845259942     
  0.489204882942596     
  0.499149929653229     
  0.504056464236709     
  0.511883698057362     
  0.521734010918152     
  0.539444148076158     
  0.469960727507583     
  0.474063377203840     
  0.578603764317060     
  0.520031139957556     
  0.474505636857713     
  0.478264196308162     
  0.479650181542832     
  0.449735969732498     
  0.490668419838910     
  0.532535202452047     
  0.514315099378463     
  0.505550878782413     
  0.547043243097891     
  0.525368535564136     
  0.501437194788795     
  0.467671435649455     
  0.542717553315317     
  0.501183721798487     
  0.546981147653236     
  0.509951261854355     
  0.452330712581266     
  0.567398984047843     
  0.489417920865177     
  0.497822303932394     
  0.569758754087145     
  0.572646369179156     
  0.513930626977710     
  0.458915670513778     
  0.442390145948532     
  0.554480291712174     
  0.466709573575247     
  0.433239386999820     
  0.491097440427518     
  0.553967546824294     
  0.504537492831012     
  0.504328216059009     
  0.484564994509076     
  0.548447005509170     
  0.522599405864843     
  0.475618040981263     
  0.483345827266016     
  0.546861470469481     
  0.510496147747689     
  0.507532188806809     
  0.546151929882457     
  0.512071044665231     
  0.492963487692647     
  0.488797030418471     
  0.484780059928020     
  0.469117702256925     
  0.419927408433503     
  0.445981361490581     
  0.516057545539571     
  0.476795593317772     
  0.510016474933825     
  0.476469336281575     
  0.543242014921281     
  0.494904535597315     
  0.469704934626552     
  0.502112204110309     
  0.495433540926678     
  0.489202870221589     
  0.530545722590177     
  0.494845140683086     
  0.501912120225815     
  0.510071504807294     
  0.405671381361374     
  0.498858007803298     
  0.468557428121000     
  0.435924585327283     
  0.559799783007528     
  0.522554546965579     
  0.488144711345756     
  0.506016399740323     
  0.489521743279864     
  0.485389023180909     
  0.463401520098455     
  0.502567924515193     
  0.426586471152717     
  0.548828775297645     
  0.585167299161628     
  0.522748872680005     
  0.535870458457921     
  0.546124280325072     
  0.532120182921891     
  0.525417305528481     
  0.524514741187834     
  0.485535776858401     
  0.540044739261705     
  0.554839129903608     
  0.502048457769676     
  0.468502777605345     
  0.492283812553381     
  0.490529019905157     
  0.504755371251134     
  0.480660751265895     
  0.468673201621690     
  0.464400562146921     
  0.527861144147830     
  0.527047548865823     
  0.535199945035573     
  0.505394968522068     
  0.489580046312740     
  0.489680189490723     
  0.486172627838966     
  0.515116588612907     
  0.529251877773781     
  0.499373461114714     
  0.559157932414647     
  0.513928764353871     
  0.481961801647858     
  0.442287841290169     
  0.508119874991372     
  0.467235126300837     
  0.559366655568993     
  0.437331414413247     
  0.494231507209765     
  0.552402400529163     
  0.489720512322693     
  0.526102415954995     
  0.435299544161730     
  0.472230339560200     
  0.537006480124051     
  0.459477961386048     
  0.550438961585363     
  0.477242181969443     
  0.464601413046718     
  0.501557084974745     
  0.514349366728109     
  0.483048666421305     
  0.516090349227028     
  0.471100162128949     
  0.505344905989689     
  0.486707352537898     
  0.536255327515548     
  0.480802577322713     
  0.517363654807966     
  0.507054938255918     
  0.512530359238669     
  0.457990648722953     
  0.556639767435307     
  0.556155010725041     
  0.540395514535960     
  0.494472968109953     
  0.461492777133198     
  0.550997476399181     
  0.482992985992877     
  0.535123824459333     
  0.581536868534475     
  0.508719968724894     
  0.495267687875632     
  0.505141097504728     
  0.512846994314425     
  0.511097420703662     
  0.495854679228741     
  0.503281605056318     
  0.534184461320415     
  0.510502211429553     
  0.519094428235133     
  0.502491285252015     
  0.500748872183862     
  0.470395589922395     
  0.500133244533771     
  0.508939843492613     
  0.463926252617614     
  0.459465474242419     
  0.541408053113106     
  0.479896076236757     
  0.463446079839291     
  0.518447407613623     
  0.458958072147215     
  0.509030971348825     
  0.511358394865168     
  0.494058400965495     
  0.500504464522356     
  0.524417641320219     
  0.514307962089758     
  0.530834609381438     
  0.538377240655542     
  0.536317701861215     
  0.563458149696175     
  0.541576095887113     
  0.493468274723061     
  0.542602348405140     
  0.493061722499185     
  0.488968534693319     
  0.459095092593717     
  0.524005107953653     
  0.534448620798180     
  0.509019005412609     
  0.475804664419413     
  0.505265618329949     
  0.473896655811301     
  0.516015545353657     
  0.516238448997669     
  0.456848277732161     
  0.495608285783331     
  0.463474588042063     
  0.543776603673702     
  0.498576727552827     
  0.548130523226722     
  0.508247083247388     
  0.519835188433559     
  0.422870333738136     
  0.462450229036231     
  0.472252530846347     
  0.439960495035450     
  0.487119602143723     
  0.452156280553075     
  0.545151970793759     
  0.543813407600558     
  0.505099476759766     
  0.485617676707473     
  0.516434727943262     
  0.567035962660562     
  0.442505861738306     
  0.225807866016616     
  0.257930271770310     
  0.259353464831419     
  0.214117793220143     
  0.239286218812672     
  0.248711880660719     
  0.245510460656944     
  0.277620188773400     
  0.251928597932615     
  0.253899204156675     
  0.235314170340344     
  0.260973997602467     
  0.228677021074413     
  0.270579485504282     
  0.262208984459070     
  0.233057020297568     
  0.267990097582309     
  0.213009223231464     
  0.269508262197342     
  0.264452024358266     
  0.289979734656258     
  0.233231811188331     
  0.275829098243741     
  0.254682127451421     
  0.227740732733707     
  0.289756936164986     
  0.253715460632878     
  0.242330633166931     
  0.207038561014653     
  0.242926864095327     
  0.232858870665034     
  0.236309913459146     
  0.240045740731573     
  0.252186958662324     
  0.229155672114738     
  0.241179916409806     
  0.256296130713876     
  0.240977662906522     
  0.210314489330273     
  0.239986629828780     
  0.231065741032344     
  0.250797256560396     
  0.225875484149615     
  0.238800909897108     
  0.278817133077149     
  0.266170851455610     
  0.257761666774395     
  0.329229951268796     
  0.229830136956179     
  0.273866794011189     
  0.253393164876247     
  0.210288868766447     
  0.264063886711715     
  0.292451521999895     
  0.246960067131944     
  0.251990857847306     
  0.282003999755011     
  0.238368995258018     
  0.250074615693694     
  0.199119835271477     
  0.237218645641692     
  0.295775272835476     
  0.235910172793570     
  0.226002473425670     
  0.198130270771386     
  0.238982399405813     
  0.244303003818630     
  0.194908192183634     
  0.293204262065698     
  0.258336130502829     
  0.257133768954240     
  0.286079822614487     
  0.273468993583928     
  0.259907724720553     
  0.264067922328675     
  0.205712408853518     
  0.254975800921261     
  0.240144757847726     
  0.257904474648155     
  0.206807023790471     
  0.227166793844847     
  0.236484170869131     
  0.239880287257096     
  0.242317814428888     
  0.199302862407868     
  0.248508109693392     
  0.193532844011457     
  0.239244567500519     
  0.285554460403191     
  0.282037084556018     
  0.253525311549364     
  0.241168161468470     
  0.219520922358348     
  0.244430286450794     
  0.193845411557439     
  0.230897746024211     
  0.269464958485664     
  0.227491650183789     
  0.188711454605197     
  0.214354832517219     
  0.263577400811423     
  0.284726545216088     
  0.279830716401561     
  0.256422057167925     
  0.250776771670061     
  0.273776112642788     
  0.217769567068145     
  0.289517199212428     
  0.207294620296040     
  0.251781617319719     
  0.260723553891869     
  0.260225468319105     
  0.277145019189992     
  0.256806447606982     
  0.259279320425117     
  0.233589117168869     
  0.248432917759113     
  0.231142543471167     
  0.261745157989559     
  0.270799638379055     
  0.245561693536063     
  0.212752585574276     
  0.286046016206374     
  0.251534383532065     
  0.244714753115886     
  0.238572168100468     
  0.261160728163386     
  0.241386278970949     
  0.196990426985821     
  0.227483633361659     
  0.305474783754931     
  0.228082833078623     
  0.275294978368735     
  0.249615093086359     
  0.272000205013756     
  0.218236060975279     
  0.208939855958212     
  0.271159884203717     
  0.248228754262514     
  0.267569896389886     
  0.281179457142244     
  0.290753794673070     
  0.264019125412110     
  0.208100647566012     
  0.233429899670240     
  0.259213836638436     
  0.192837324803910     
  0.253310529654514     
  0.315110272081323     
  0.248014834898169     
  0.245365489416807     
  0.222662291541773     
  0.242474040761320     
  0.234739438471816     
  0.257548351645845     
  0.227306383183532     
  0.269651085144846     
  0.254831702676050     
  0.237678517229275     
  0.275093383043362     
  0.196395400138398     
  0.218675992015116     
  0.234524691572608     
  0.237061306441267     
  0.236593531074947     
  0.286685333356989     
  0.282070137986731     
  0.236013905394522     
  0.260751819807707     
  0.228912376264233     
  0.215066220242879     
  0.224770874589755     
  0.307849616916304     
  0.254274897880311     
  0.267623384627420     
  0.226896117534385     
  0.267524703933228     
  0.216627137723649     
  0.288085502033189     
  0.280826298168418     
  0.234233673658282     
  0.243602121146062     
  0.269827163450514     
  0.261731759320915     
  0.252559937726788     
  0.240711594399201     
  0.258857982631829     
  0.280889978920285     
  0.246683798714453     
  0.217435959733183     
  0.249530739982048     
  0.217684590862431     
  0.216622692357584     
  0.264517449955295     
  0.239698472329080     
  0.242000286325405     
  0.232601658122155     
  0.255667112232496     
  0.257333815591263     
  0.214515171826484     
  0.209990067247134     
  0.265529162087552     
  0.255715394516272     
  0.264718632780251     
  0.257814341197058     
  0.246480411174972     
  0.275915442403497     
  0.263662280418078     
  0.272639391948501     
  0.254067866383641     
  0.283785882306120     
  0.249873474217026     
  0.267179655135806     
  0.240814506231909     
  0.261675467245958     
  0.199790049721551     
  0.271005176945448     
  0.236695065030472     
  0.240586809360814     
  0.265801298818865     
  0.240053307350171     
  0.267418433342262     
  0.244673279856435     
  0.278138056023399     
  0.259470608959130     
  0.211396294472127     
  0.240838247795923     
  0.251230866609733     
  0.252070362478073     
  0.272995964363752     
  0.266246094496594     
  0.234315768957534     
  0.198909979167962     
  0.235277292391257     
  0.258008865202774     
  0.235139579593942     
  0.251769500205282     
  0.223004331787259     
  0.229480875789289     
  0.263941701617566     
  0.251887616501412     
  0.263885831466765     
  0.240837905494054     
  0.254837052062496     
  0.228017887251150     
  0.217108222366505     
  0.203972933843657     
  0.212199201175720     
  0.290440082921929     
  0.266369140176890     
  0.242999787608768     
  0.250186515926804     
  0.218610092533196     
  0.250695726449873     
  0.270518192937225     
  0.265331935614731     
  0.212810291632563     
  0.278905593651984     
  0.232843263854642     
  0.243861255089014     
  0.274405410811838     
  0.242570907576958     
  0.244971286676272     
  0.249986198030450     
  0.281551399761880     
  0.265164770813568     
  0.228126502022711     
  0.307599053605498     
  0.244577641427726     
  0.278563516303678     
  0.222065276092622     
  0.216214075886278     
  0.238266615159825     
  0.290791779244389     
  0.222107558955055     
  0.243229299026524     
  0.224192148949297     
  0.257761224159720     
  0.250036361420385     
  0.231283061811648     
  0.225318768614156     
  0.223175421686168     
  0.253800584296523     
  0.277526987471852     
  0.237458133210778     
  0.263763364479831     
  0.211317847081850     
  0.273141143240081     
  0.264799998876760     
  0.302332435661357     
  0.261312071651335     
  0.258673320467706     
  0.266153915176506     
  0.253979884649286     
  0.215514299210334     
  0.265570428967866     
  0.285815929281697     
  0.234721786099294     
  0.285459084463851     
  0.209633229811235     
  0.276843217930254     
  0.271509120359682     
  0.259237051277660     
  0.243168034111489     
  0.230265707394505     
  0.237606217776584     
  0.229581433868658     
  0.228717063318612     
  0.227090919723709     
  0.215410303304571     
  0.259250971407153     
  0.255090645439042     
  0.231827870214039     
  0.251119030819118     
  0.245251555781185     
  0.245995240742794     
  0.223186383387803     
  0.242969762901515     
  0.224379051824256     
  0.248600257288595     
  0.268136143846187     
  0.242573408557611     
  0.256176224034524     
  0.253082416403022     
  0.274713177283803     
  0.268324661780363     
  0.221705162690689     
  0.224281603997074     
  0.257473565760164     
  0.223162342882078     
  0.234659513983034     
  0.246192021157157     
  0.221592397922803     
  0.262134065152052     
  0.234621871427134     
  0.244657353288305     
  0.229706286399878     
  0.227680793466940     
  0.233315808014819     
  0.224878329598938     
  0.269848702018849     
  0.269823397679354     
  0.260290657461857     
  0.243973321631227     
  0.285083730648108     
  0.274712803570844     
  0.268062434183598     
  0.250939146848109     
  0.217156752956416     
  0.249853842776752     
  0.316022512176823     
  0.278587372352523     
  0.231721555406178     
  0.219794038156493     
  0.257617915458572     
  0.263183554173910     
  0.268043051113302     
  0.231156282334196     
  0.239058465874209     
  0.199245536974839     
  0.243591882219432     
  0.195570303271184     
  0.262170654296163     
  0.254827831277414     
  0.223022579381215     
  0.273244038877806     
  0.236569521724620     
  0.261848341334824     
  0.271080389356444     
  0.233328747750405     
  0.252404649693059     
  0.249396885389055     
  0.225126538870030     
  0.285764075142484     
  0.223121623691357     
  0.218105482899650     
  0.227892312543509     
  0.214531331631119     
  0.224545769826190     
  0.263632809992813     
  0.227200763745200     
  0.259075559825588     
  0.235859767456296     
  0.282750171292605     
  0.246063458072299     
  0.224986325813112     
  0.284157658777736     
  0.244634833609477     
  0.220241429929132     
  0.261996581595908     
  0.291577618794711     
  0.220584272139083     
  0.227038301415503     
  0.205611593188957     
  0.268791334783692     
  0.217150982354218     
  0.269713580715431     
  0.228129712629132     
  0.248761611082757     
  0.203484445884750     
  0.266986157135308     
  0.301063347867749     
  0.212284193425941     
  0.235754846439587     
  0.212296359449450     
  0.252529811496768     
  0.211397491511437     
  0.242687919726946     
  0.271957479778739     
  0.271372632071467     
  0.255988458705426     
  0.221500766350511     
  0.190181352620285     
  0.223521639558249     
  0.275604598286447     
  0.249660971690649     
  0.267408393206637     
  0.240569579320770     
  0.227506036250539     
  0.259431336731814     
  0.245331009137160     
  0.273147012991237     
  0.265775169210027     
  0.210660263270249     
  0.230598670297604     
  0.209921441927518     
  0.230113075855916     
  0.237833161213651     
  0.264852696529613     
  0.303794569001202     
  0.234341804200396     
  0.281178477060630     
  0.277300938895353     
  0.289369654722678     
  0.291369100295009     
  0.274943077761010     
  0.218164095276555     
  0.311204229111161     
  0.225380508927461     
  0.262790308432803     
  0.237218758216163     
  0.292488140171160     
  0.259865295565536     
  0.253847646502053     
  0.264191594774924     
  0.227752683588940     
  0.270697408333887     
  0.325601097043391     
  0.262662346032321     
  0.237154304924441     
  0.297594347865545     
  0.277193616175527     
  0.232209956101916     
  0.222752694778589     
  0.303365410291785     
  0.228553659946509     
  0.288080474086023     
  0.234861835334167     
  0.238286668328631     
  0.271862627855954     
  0.246526986105373     
  0.264513656232906     
  0.217648548517058     
  0.250972936276981     
  0.231656845065882     
  0.254968403510357     
  0.240852098458301     
  0.248559330739534     
  0.232935605696836     
  0.229399445917189     
  0.267511161769510     
  0.262334304597733     
  0.238094474338916     
  0.236824989760513     
  0.217127858849480     
  0.221420269429867     
  0.269821300957042     
  0.252475690679942     
  0.207874473236767     
  0.216977187556453     
  0.202941651689011     
  0.266945845984395     
  0.247853755553951     
  0.267092102212440     
  0.252190731655527     
  0.253638988903224     
  0.283019080659195     
  0.237707704543385     
  0.211908004285055     
  0.242590435669966     
  0.210231481232428     
  0.252651630444407     
  0.262419823921465     
  0.235156245134943     
  0.242123423910429     
  0.280926026704998     
  0.256977724929810     
  0.224500612162178     
  0.240456076467940     
  0.238843771731187     
  0.247534472713793     
  0.276128568100711     
  0.237742015942882     
  0.254557628034882     
  0.267147918666424     
  0.282861050165014     
  0.276270069317750     
  0.280410140752062     
  0.200865878201704     
  0.227812152166144     
  0.240400742888747     
  0.209017451945747     
  0.234203424295240     
  0.234667789585837     
  0.209434028893012     
  0.265920686789722     
  0.252182066257581     
  0.261120678467177     
  0.241805425328526     
  0.245894991644629     
  0.231351213612670     
  0.288218898714191     
  0.223167895141799     
  0.233996934508260     
  0.240832129121906     
  0.291613876967889     
  0.267564072622064     
  0.286895953919398     
  0.239923760396654     
  0.229499896936008     
  0.256341395298787     
  0.206972585599074     
  0.277787146404504     
  0.228139851915865     
  0.243870643159676     
  0.245064778404699     
  0.233963194138648     
  0.266379364897610     
  0.250553270379433     
  0.226154493174209     
  0.248321428609134     
  0.250819768620830     
  0.236388294083396     
  0.227861434295904     
  0.249186480007788     
  0.263383516276332     
  0.234527271837296     
  0.287633313387993     
  0.256408402916221     
  0.258523027471981     
  0.235875482856201     
  0.265367909064292     
  0.247986498056478     
  0.308650164682155     
  0.258944203211996     
  0.215759953012117     
  0.234535561449845     
  0.244536651685191     
  0.266777011609230     
  0.254625018268623     
  0.255777510360097     
  0.211602469808095     
  0.242236152792641     
  0.250744445956319     
  0.236526369381254     
  0.246774098331554     
  0.291280436701977     
  0.209594889786440     
  0.232486120599318     
  0.252200482098754     
  0.243147476686519     
  0.228036314364071     
  0.248878245134815     
  0.203654582693937     
  0.223668938759099     
  0.257524097686939     
  0.248121190068677     
  0.222148543620680     
  0.221621448091678     
  0.242681686900841     
  0.222923529635709     
  0.268286745004902     
  0.227140567875800     
  0.193148735033610     
  0.287865964906089     
  0.284046229498099     
  0.203275924957847     
  0.280306997573338     
  0.203744913901938     
  0.235863177197367     
  0.285469040165781     
  0.279578941069620     
  0.267081728839582     
  0.268474130390330     
  0.261000752365155     
  0.254484792192744     
  0.234893665102204     
  0.226707072581583     
  0.263307652290657     
  0.239576197786389     
  0.256668106129287     
  0.247721499585171     
  0.254386035034629     
  0.197896205245042     
  0.213611295910282     
  0.245741714819608     
  0.247086404707716     
  0.222138245202556     
  0.264670994254261     
  0.255674822576862     
  0.239620509307115     
  0.236250334390254     
  0.289866794526098     
  0.268778596582053     
  0.254077177111537     
  0.228843873986867     
  0.271115947258591     
  0.234432459800799     
  0.255002073352798     
  0.296339286008272     
  0.250356889269627     
  0.330896835914549     
  0.244992537196886     
  0.263785677851533     
  0.257500647006980     
  0.291931464594421     
  0.278880635364497     
  0.223154362243677     
  0.273120976317959     
  0.198431929813095     
  0.257923854040315     
  0.251329846755831     
  0.215480094565248     
  0.254763880689596     
  0.194430580146135     
  0.261439352706260     
  0.278901094039164     
  0.272214652551383     
  0.278655022114251     
  0.251156179946536     
  0.221212765149971     
  0.223617056738555     
  0.246415194185125     
  0.253258488869065     
  0.238598085177059     
  0.226300890859031     
  0.282588787896862     
  0.205386819721925     
  0.225824231169527     
  0.218729570979087     
  0.281848918839943     
  0.254226088644208     
  0.217609083709636     
  0.235453679719077     
  0.331638741453423     
  0.283359013705656     
  0.291879656641789     
  0.235455687613990     
  0.232234475987262     
  0.198228956023660     
  0.214334742397188     
  0.211911016067234     
  0.251859502480037     
  0.247334705691657     
  0.222750061305167     
  0.246965125209724     
  0.260044818959158     
  0.261084097045378     
  0.238097566871415     
  0.220604623014336     
  0.264998651681496     
  0.248862802700570     
  0.283445544986137     
  0.257925465084729     
  0.282899600310592     
  0.290121834032138     
  0.257952487638855     
  0.220905214660086     
  0.222036071918416     
  0.289205780263909     
  0.263056596671982     
  0.260784612539942     
  0.242705161435717     
  0.236636149287127     
  0.291483335592350     
  0.296145258072205     
  0.219368457381322     
  0.261479570339995     
  0.278435640264098     
  0.234122560510286     
  0.205028918972827     
  0.272388113515873     
  0.253412219062163     
  0.233358233097470     
  0.226950892791264     
  0.254824245636228     
  0.205466954391194     
  0.237259866386780     
  0.240077010563534     
  0.226442000396147     
  0.222465984163961     
  0.234535484606396     
  0.237295084448965     
  0.248942691192805     
  0.267405500095321     
  0.218521467662889     
  0.229396897457927     
  0.224303796823557     
  0.252479702133737     
  0.276051983640291     
  0.239539805804678     
  0.260495763229068     
  0.254692518365159     
  0.232880630201940     
  0.241062651231016     
  0.212359660021182     
  0.263746212984833     
  0.248082863315483     
  0.304703505551201     
  0.256742157411158     
  0.255759583179773     
  0.243998191407639     
  0.243354761772584     
  0.238071185567617     
  0.227319193064412     
  0.258684953827883     
  0.206898782437413     
  0.218635689677852     
  0.223265545462819     
  0.263060921839482     
  0.244943491007761     
  0.239138535773941     
  0.246033795941150     
  0.272306966892344     
  0.251598933229648     
  0.209979780060306     
  0.269572185384448     
  0.243417395216146     
  0.229888707578932     
  0.223643143576269     
  0.218252135142795     
  0.224732497419074     
  0.217275955804789     
  0.243282516702604     
  0.255614498035102     
  0.242981300917989     
  0.261987655797912     
  0.230671438296020     
  0.210179291491167     
  0.228740555902948     
  0.229553595437638     
  0.242078813601417     
  0.216679467117653     
  0.251872159509493     
  0.259598831100348     
  0.256934684183668     
  0.266079580705433     
  0.241076933423766     
  0.230298744605971     
  0.270026010706964     
  0.277261749619608     
  0.258374935998722     
  0.248398144322096     
  0.226429848229812     
  0.289220983454091     
  0.238310797151647     
  0.290436413106748     
  0.268538358511400     
  0.307794248526384     
  0.271233093898582     
  0.224568214475853     
  0.280123245892766     
  0.286769060967355     
  0.252118903948009     
  0.234427791718364     
  0.218249119081236     
  0.300396415163445     
  0.231891734713190     
  0.240967519213170     
  0.262027605655989     
  0.222623541317695     
  0.268435959595044     
  0.250973938234513     
  0.229849153931369     
  0.239448747941674     
  0.244714255685213     
  0.246283257002741     
  0.254387700465539     
  0.293173406143544     
  0.258604643469523     
  0.261257831156281     
  0.241958438744543     
  0.239524327538448     
  0.260443392323932     
  0.239293210759932     
  0.222425737665167     
  0.229451517542293     
  0.282118347087446     
  0.257824556439599     
  0.230300281021282     
  0.250831159981650     
  0.253508683925248     
  0.214914306553780     
  0.230622781452491     
  0.249362954340202     
  0.247955210172549     
  0.210182625270446     
  0.223841672695156     
  0.252276001496993     
  0.264261144997027     
  0.306462045580043     
  0.230628823883054     
  0.268862537189322     
  0.237461857651177     
  0.264802549567808     
  0.275418679083329     
  0.226689893595147     
  0.251125713199092     
  0.268277390181825     
  0.235136113970823     
  0.242429213904431     
  0.277343622352699     
  0.218324890168938     
  0.235960762996401     
  0.239593300773056     
  0.253173799361926     
  0.224495082769355     
  0.236969152162636     
  0.244818515115685     
  0.230593799095769     
  0.248854404460596     
  0.244200015333877     
  0.252356921597836     
  0.204741175909152     
  0.235012182697954     
  0.282336825835001     
  0.198507352326558     
  0.260528144817705     
  0.221156158616735     
  0.234918738545890     
  0.282536231668376     
  0.211080314398563     
  0.265476030721959     
  0.239220822194735     
  0.218941507649695     
  0.273815353534119     
  0.256315586909135     
  0.243741064720536     
  0.244074072747513     
  0.284216095685125     
  0.212543874614387     
  0.276774702062714     
  0.282100799975358     
  0.248388018460640     
  0.218675937414397     
  0.287494829209164     
  0.254624177311062     
  0.280988437360757     
  0.244950862224600     
  0.230214485447595     
  0.253360327028846     
  0.239126282915347     
  0.242398029890096     
  0.198594973189582     
  0.253743052194771     
  0.243061013567017     
  0.247053005160925     
  0.242472612233631     
  0.247338528926499     
  0.202046641149211     
  0.273673956040471     
  0.244610390998211     
  0.271374897021622     
  0.247827847671088     
  0.260990564750368     
  0.216721086158311     
  0.219865296137025     
  0.248086383911412     
  0.255552204018427     
  0.235405005212410     
  0.241989766486252     
  0.283806045596971     
  0.260359909696043     
  0.240096497002056     
  0.248141607984018     
  0.262744993161805     
  0.232474622359762     
  0.219090288763260     
  0.254126334468096     
  0.215981140104451     
  0.225315633171989     
  0.260995917462688     
  0.225483188304497     
  0.252040185274457     
  0.201044388010185     
  0.272951049078931     
  0.228034797583801     
  0.243327251757399     
  0.180819479215193     
  0.271815818103976     
  0.246086982211202     
  0.222531791091100     
  0.216743498856894     
  0.268488440174124     
  0.254152744005969     
  0.232631123187248     
  0.264763130063996     
  0.271648333042515     
  0.278950870235857     
  0.271383112671929     
  0.246060553801368     
  0.229447668562340     
  0.289499077757013     
  0.282667772045487     
  0.238460103289984     
  0.258924393244815     
  0.240231285279835     
  0.260444874877852     
  0.235898936964234     
  0.255818932825304     
  0.250380010098928     
  0.233379770056968     
  0.256850413252664     
  0.295752658862361     
  0.293813346715582     
  0.290740159509101     
  0.253161328193520     
  0.251056096144191     
  0.251551353503165     
  0.219375123809832     
  0.234266400722594     
  0.261172051115854     
  0.305438214935284     
  0.243862079750622     
  0.227919964509334     
  0.293272512865566     
  0.265035531518762     
  0.264782813731699     
  0.243872560666927     
  0.236101977189139     
  0.265106659817384     
  0.250922671307721     
  0.261272292649444     
  0.271152184845169     
  0.264879893902563     
  0.268900239871636     
  0.256678938496493     
  0.246367415680328     
  0.216346627091930     
  0.198567860022999     
  0.257505103985870     
  0.254037020655161     
  0.256531319854323     
  0.223419956436483     
  0.273920395037173     
  0.298608877546688     
  0.233487287802236     
  0.249656934184648     
  0.269311353450885     
  0.200845153216828     
  0.270391737474210     
  0.256766802155031     
  0.232267849680701     
  0.224106817459861     
  0.242286888850761     
  0.262583117899281     
  0.239136901373742     
  0.240159959147345     
  0.229062541006188     
  0.221872210461985     
  0.252045784251991     
  0.227168274350226     
  0.206774588811884     
  0.259730871785752     
  0.227273210747705     
  0.271315886905287     
  0.248973911602657     
  0.245078689714831     
  0.281277957261852     
  0.240293471250536     
  0.258955575808331     
  0.248152233722322     
  0.264520778743709     
  0.246292544046530     
  0.246899916493216     
  0.244854518107056     
  0.216956182585921     
  0.244802894427557     
  0.257536084081952     
  0.262654523083411     
  0.258737180813796     
  0.272764487655526     
  0.282601997297635     
  0.285051461552565     
  0.269465591689710     
  0.234719646608405     
  0.268070743679976     
  0.245159789455040     
  0.241199711303930     
  0.263776236858115     
