  0.515201429278814     
  0.520077880685716     
  0.460983487221336     
  0.474639770977455     
  0.486999012166086     
  0.463953569833916     
  0.465035446663705     
  0.513854072056063     
  0.561396260940596     
  0.552913208596465     
  0.456420730332946     
  0.464455033432474     
  0.497426564848413     
  0.492800623754907     
  0.501185690233579     
  0.517563569912751     
  0.505174504079355     
  0.545898498611106     
  0.491134143074932     
  0.526089129881820     
  0.486818524363644     
  0.508473401594851     
  0.479685730745898     
  0.481707799047957     
  0.487561312832121     
  0.490457083326726     
  0.543687412889095     
  0.444655327792833     
  0.506144435758142     
  0.467395448365878     
  0.456668044242854     
  0.521871544123708     
  0.496888566047406     
  0.516301580078075     
  0.492316054289213     
  0.505871925284609     
  0.515047016900794     
  0.515847089118056     
  0.479561617062737     
  0.520098044844666     
  0.426653982175052     
  0.500684629339894     
  0.509847528404853     
  0.541616523709467     
  0.435222377493826     
  0.522031323530207     
  0.505297722810970     
  0.527041572103362     
  0.445774530774594     
  0.523080390927365     
  0.439354058592355     
  0.548734776034148     
  0.526828394553910     
  0.484639425507625     
  0.474480509435898     
  0.495554707327413     
  0.475605020034438     
  0.516646261008779     
  0.534330546149347     
  0.475016273211996     
  0.506757690862107     
  0.514000159495470     
  0.459892499154517     
  0.515608996587915     
  0.480158930344941     
  0.546348498774463     
  0.475276874582599     
  0.492991964944727     
  0.395290053133483     
  0.480827648491194     
  0.493346039587882     
  0.544816013001215     
  0.492806365188376     
  0.506970157393822     
  0.524167880394607     
  0.492535227022651     
  0.413543961826212     
  0.459811125827415     
  0.460642041348902     
  0.486739598971153     
  0.496644275447169     
  0.474422583139383     
  0.494321114001229     
  0.530327040335390     
  0.483088110074436     
  0.498280426857677     
  0.506699353785371     
  0.439243106881244     
  0.464141935977005     
  0.469391044217448     
  0.505005252959783     
  0.531847127184036     
  0.509287796240166     
  0.572436575745361     
  0.523281014305248     
  0.483450460107389     
  0.498299318165020     
  0.481408113043324     
  0.553154060333902     
  0.468605522840085     
  0.558377787856130     
  0.534087903593151     
  0.493083908384186     
  0.506613049765694     
  0.383511375777977     
  0.476590851517366     
  0.512253809819117     
  0.519432549005020     
  0.482933799868688     
  0.553744709132473     
  0.469656479336704     
  0.524205138707914     
  0.540164880259896     
  0.507446728358699     
  0.511643793044923     
  0.540133421253485     
  0.523126755090436     
  0.464312209052349     
  0.484301761371142     
  0.452504981300264     
  0.418543270396175     
  0.513926456935642     
  0.530167195084458     
  0.452617084814250     
  0.487692823437503     
  0.480703110073795     
  0.465261929531290     
  0.552922677282111     
  0.487649640848942     
  0.486244972107157     
  0.527673652071243     
  0.483188449434484     
  0.546501615029404     
  0.539910663915149     
  0.464732290793687     
  0.595080752652386     
  0.510009300493548     
  0.501397678485286     
  0.512552507320279     
  0.474860370534597     
  0.489354745559495     
  0.501812306605498     
  0.502611779561638     
  0.516680500893707     
  0.514278281983314     
  0.499850068179389     
  0.486166622494893     
  0.589298754812337     
  0.534206396909427     
  0.495839097824102     
  0.528537895007493     
  0.577910244762281     
  0.569350471568223     
  0.500133826564493     
  0.483819911613809     
  0.476648276989181     
  0.521970112271636     
  0.539696481718757     
  0.486504214306350     
  0.555872435873346     
  0.506603825595092     
  0.478354105957893     
  0.520142067198985     
  0.448689315869167     
  0.494488475785520     
  0.565947494732023     
  0.442416255816800     
  0.454143861468950     
  0.512007648534060     
  0.494615042108917     
  0.520171241669723     
  0.514608684124683     
  0.513262429412717     
  0.432078295646049     
  0.454779672545067     
  0.536749114270261     
  0.531199594048952     
  0.511229007973017     
  0.420688458588931     
  0.491699647920898     
  0.538828453094555     
  0.529176607758001     
  0.455344478162163     
  0.575909947101564     
  0.438254119166176     
  0.554326172014467     
  0.531835879513529     
  0.510623297562469     
  0.520041324976058     
  0.528370624528847     
  0.522146763084775     
  0.489498572141663     
  0.538469093677658     
  0.538587882017270     
  0.445713118357808     
  0.495939022604105     
  0.516671571933611     
  0.482269310056409     
  0.454602813287289     
  0.527992881209080     
  0.527606122089993     
  0.530781896438958     
  0.475907278872952     
  0.498585411647788     
  0.514886021312030     
  0.520661816927930     
  0.474209323900180     
  0.475811109657670     
  0.472704359213703     
  0.526913344038276     
  0.480470216807035     
  0.541131144287404     
  0.520535221464434     
  0.494090152584977     
  0.485477092245394     
  0.488188126721371     
  0.527542692747526     
  0.495429985874426     
  0.515404045531722     
  0.501611236701512     
  0.486997475385947     
  0.455235930676832     
  0.566059814024119     
  0.535656567831271     
  0.497618532957338     
  0.495228199935088     
  0.539285353880992     
  0.567833705529294     
  0.506811037754127     
  0.450793375222899     
  0.481634334742721     
  0.553749502352498     
  0.493474199378698     
  0.541678562039902     
  0.465265878421213     
  0.560275691523153     
  0.489700075152811     
  0.547979627691813     
  0.523402746018372     
  0.487214777485228     
  0.486237766890463     
  0.468773258787704     
  0.507683404616877     
  0.415373718574384     
  0.516780603654676     
  0.544078439723849     
  0.462107132492050     
  0.471414400104965     
  0.512487829150368     
  0.513310784458706     
  0.481602824437241     
  0.396214737996813     
  0.506731129669954     
  0.500605200044908     
  0.521162925639017     
  0.531514802431207     
  0.480322318967931     
  0.530813115122627     
  0.495174271348420     
  0.474206349337151     
  0.576315159250881     
  0.543114650154080     
  0.480580785378165     
  0.570607617254863     
  0.495079702670845     
  0.491809586875357     
  0.482303206253414     
  0.509375997165119     
  0.492091783498768     
  0.531314664294989     
  0.467525869452674     
  0.481324707893514     
  0.556964286692685     
  0.531744930450177     
  0.507402166208256     
  0.461315476747764     
  0.499925950103530     
  0.476579562374802     
  0.521355889333540     
  0.467334639808066     
  0.481904904440371     
  0.477663189217357     
  0.516078739291840     
  0.457269171154077     
  0.457022455037869     
  0.481242396240217     
  0.479364193091225     
  0.436725220881088     
  0.539444349930239     
  0.481297898686189     
  0.524383293030865     
  0.502789626454941     
  0.473551648325307     
  0.546421905633810     
  0.492821834882479     
  0.523412060704610     
  0.492419125158086     
  0.488483927911696     
  0.478621010527455     
  0.527900111931215     
  0.559498367954684     
  0.440260517693826     
  0.506972642303897     
  0.481805419588984     
  0.544208245663778     
  0.494367143235835     
  0.482794665089954     
  0.520898868236599     
  0.428873686239262     
  0.548888775235174     
  0.553213567821001     
  0.539363848884617     
  0.425918424980808     
  0.471522311483474     
  0.488903717278979     
  0.494947612555014     
  0.527260271345564     
  0.444927885611952     
  0.488097927258480     
  0.496727840202492     
  0.507498110143552     
  0.465280880504930     
  0.512171747328296     
  0.470962510970751     
  0.576103628008347     
  0.530624637809095     
  0.442678882300572     
  0.518857472485131     
  0.470480759057029     
  0.512837599262347     
  0.467599111909709     
  0.479935767486769     
  0.467326296455122     
  0.533735874165965     
  0.533485703354159     
  0.479302076416543     
  0.486244006926561     
  0.516399332168907     
  0.429193375157628     
  0.513511526178101     
  0.514658506413055     
  0.454809103295556     
  0.505934416352245     
  0.425144020445848     
  0.463246190054822     
  0.518557101438267     
  0.557200913871681     
  0.513081159533884     
  0.573192974850495     
  0.510459430524232     
  0.482641428950241     
  0.482769217129638     
  0.521766961693461     
  0.566029468005564     
  0.472571718466215     
  0.523041007795825     
  0.446944269133706     
  0.419780444324396     
  0.482671410302683     
  0.535462082141747     
  0.464337223815834     
  0.479550020605705     
  0.412961473845948     
  0.499277582037360     
  0.521709882093504     
  0.490434864729420     
  0.531482158036107     
  0.452525180437864     
  0.499725920318264     
  0.537540699161889     
  0.540456211742244     
  0.492031589304143     
  0.475564408614344     
  0.465612649050650     
  0.463559576584669     
  0.485896609309311     
  0.495096779975736     
  0.532824165528872     
  0.568391224429909     
  0.487652854240673     
  0.483401568485401     
  0.468275941323646     
  0.487169453057547     
  0.495088333868077     
  0.473986762555129     
  0.475294698178470     
  0.440523664562631     
  0.538918969139344     
  0.509655983877993     
  0.511663863005470     
  0.476189015076167     
  0.524408180101124     
  0.501011083243460     
  0.496299357855110     
  0.452963459389861     
  0.452269343317357     
  0.445176009274673     
  0.453642039883371     
  0.458474996856081     
  0.453293871346106     
  0.472362933518468     
  0.541948249218543     
  0.498904360642954     
  0.473099836472965     
  0.521404581552763     
  0.495944457511049     
  0.481995662491098     
  0.495978379248348     
  0.454568992933638     
  0.559255350911070     
  0.474437024464406     
  0.513371375194379     
  0.506558992826897     
  0.451071165866425     
  0.474847811596126     
  0.450409529117482     
  0.438768618220107     
  0.517535253757816     
  0.500005932804572     
  0.466448540676523     
  0.485022492989934     
  0.517382629960000     
  0.511476500632685     
  0.460242202388669     
  0.477281725566809     
  0.461830485196930     
  0.504128933329622     
  0.451654187942276     
  0.486200414148566     
  0.540786497458319     
  0.528772938656360     
  0.472907433730989     
  0.489710710609075     
  0.543248963865112     
  0.499965408927053     
  0.514632885952510     
  0.440686070597992     
  0.447326297751943     
  0.487698760364771     
  0.533244987076283     
  0.525191082660543     
  0.510238829231906     
  0.506461184267262     
  0.486137635277124     
  0.549539571451438     
  0.496808504383906     
  0.490921277852667     
  0.479470596551327     
  0.507070335344660     
  0.458819891965123     
  0.441797787856951     
  0.460400121641587     
  0.466094128490517     
  0.540241898510881     
  0.492157897101396     
  0.496941716357549     
  0.568924684433631     
  0.507678205497571     
  0.581853174826253     
  0.501370501749857     
  0.452638527808351     
  0.483649337847900     
  0.485630328114849     
  0.455585509650788     
  0.533161399019995     
  0.508525337861359     
  0.523200853185535     
  0.535953940030310     
  0.487542658227069     
  0.516161423371862     
  0.481299855685426     
  0.490491039257502     
  0.597539615471022     
  0.515582146035947     
  0.481202530040464     
  0.456584584055338     
  0.526359806682549     
  0.494026884004927     
  0.521394907610017     
  0.512548339162093     
  0.467192212064529     
  0.478125781880737     
  0.472167083933698     
  0.517847724685352     
  0.503528819465970     
  0.501197303273663     
  0.502780328329355     
  0.421695837096573     
  0.510210253600887     
  0.490792159007252     
  0.496538710453252     
  0.589420625558783     
  0.449126799781298     
  0.478041939101173     
  0.450532611975093     
  0.475290354984967     
  0.516536431450116     
  0.513681082750514     
  0.405179011316225     
  0.512665329866590     
  0.427714521708939     
  0.575547317676726     
  0.518613376358271     
  0.501804380890489     
  0.507514395574819     
  0.475001769163145     
  0.525558642730976     
  0.437300025585052     
  0.526807649675024     
  0.539726526260969     
  0.469519835092839     
  0.542302287155438     
  0.541532215104261     
  0.528193986231276     
  0.506575567824917     
  0.530416706307466     
  0.513904015318938     
  0.529901324245522     
  0.471740060784780     
  0.451474738910161     
  0.469353293652131     
  0.520389113226615     
  0.494687139197188     
  0.522417816935536     
  0.501002928001862     
  0.535489768719889     
  0.511695357760773     
  0.499515999693935     
  0.473798404652767     
  0.494777655364557     
  0.472191282077194     
  0.503527538745863     
  0.472803086870593     
  0.479116580130903     
  0.500505969398364     
  0.473605323707733     
  0.447479925791500     
  0.509650602779355     
  0.489978603532215     
  0.490733293571582     
  0.481635782730640     
  0.476913913063712     
  0.496690534157823     
  0.494554601429883     
  0.435962807055010     
  0.467119186776991     
  0.491495590748505     
  0.486937189356672     
  0.495867494408764     
  0.524394121952829     
  0.471594747287982     
  0.543692467632444     
  0.534343913507666     
  0.507829257993452     
  0.503057569689242     
  0.534447041229576     
  0.464435536830174     
  0.546183038656833     
  0.523003189820425     
  0.474768292046160     
  0.468219413970758     
  0.461081495418145     
  0.508253887172373     
  0.530483632738802     
  0.533700954713049     
  0.533606104924864     
  0.424104249752717     
  0.454616112083778     
  0.445330343940315     
  0.485778249670423     
  0.538619408354015     
  0.441172139549201     
  0.517653146786679     
  0.447210783453355     
  0.522098906092607     
  0.495422603920282     
  0.462318287953154     
  0.513702069116490     
  0.498003712439996     
  0.481892776229405     
  0.528926392633614     
  0.455345620519793     
  0.540415067925453     
  0.515273086343508     
  0.522232085936500     
  0.521910894745320     
  0.498906813710727     
  0.448543753069811     
  0.489805958252598     
  0.537317357026143     
  0.482028017258144     
  0.446268877941370     
  0.485450447079406     
  0.533086438229755     
  0.588533329018326     
  0.483822986582637     
  0.482065084609569     
  0.419091433453758     
  0.490017297602020     
  0.509787888435065     
  0.490601691725235     
  0.489839273235180     
  0.509680427684083     
  0.457737509559812     
  0.527439901021871     
  0.571338918638022     
  0.541621297458441     
  0.523283123002548     
  0.473406865421864     
  0.489753678227694     
  0.539670292892415     
  0.528215871862917     
  0.507849536687598     
  0.450298125695206     
  0.456886097207631     
  0.500282563897599     
  0.526059441462688     
  0.496547437332580     
  0.460726244138031     
  0.465822777694275     
  0.519842023163233     
  0.476592195732841     
  0.587978944312715     
  0.461624058848464     
  0.500029705533787     
  0.484874264397256     
  0.521019073190606     
  0.452437754784938     
  0.487501519639529     
  0.525228452155302     
  0.440615820098193     
  0.497312998796456     
  0.525765349194106     
  0.495720550947352     
  0.484082974217408     
  0.501793486181108     
  0.513015402664078     
  0.545670854857099     
  0.466031967330186     
  0.514544092722058     
  0.490699937639529     
  0.478479447752742     
  0.495143840005343     
  0.448452598585723     
  0.462992685284443     
  0.630124613897180     
  0.482525599596526     
  0.482925341266161     
  0.550495220383465     
  0.502055351619241     
  0.463440967429668     
  0.495018822945980     
  0.498658783012022     
  0.506567835839201     
  0.468621697787476     
  0.558520050112541     
  0.506783381642001     
  0.444490389738912     
  0.508162657950116     
  0.547942560399416     
  0.539289113987989     
  0.561525991330468     
  0.548800427313329     
  0.516173106579572     
  0.533673683489184     
  0.477955895402644     
  0.516788575952088     
  0.547138194251093     
  0.457188385594805     
  0.487001899027511     
  0.511133547507439     
  0.521326911275492     
  0.539088270124083     
  0.518752237640518     
  0.487617180613311     
  0.487143186292800     
  0.479535076895681     
  0.508458406027881     
  0.473466180560702     
  0.508046837742804     
  0.542502015200503     
  0.564944086969385     
  0.518865482787410     
  0.465315532008642     
  0.466768674789025     
  0.537291633841643     
  0.536868256616202     
  0.492713619068688     
  0.499546917833082     
  0.549827252966783     
  0.500610315582569     
  0.508939120296729     
  0.508908202344379     
  0.470800641502644     
  0.439915974282719     
  0.479169902636136     
  0.521493825617974     
  0.448111249790194     
  0.550327384135814     
  0.482227690077748     
  0.483351912797423     
  0.537302446698573     
  0.517887384941205     
  0.540581162952020     
  0.455826943083052     
  0.515863870990900     
  0.482197460705521     
  0.513244986757231     
  0.560626946058711     
  0.486744254897908     
  0.457595226377895     
  0.517756771849667     
  0.466962458440105     
  0.488604080250759     
  0.520269053987284     
  0.493597933661147     
  0.457553295087432     
  0.481595146194175     
  0.456073045697367     
  0.462593146996047     
  0.473352775973848     
  0.524006752487905     
  0.437021309732599     
  0.508223468941460     
  0.431717701633804     
  0.440171104869389     
  0.507336737149105     
  0.466112396286350     
  0.531800914843436     
  0.488355041159219     
  0.484860425293000     
  0.486356549203092     
  0.536634354090498     
  0.532163595379740     
  0.565566136730101     
  0.525488349942007     
  0.543434728866738     
  0.460951768571039     
  0.508642468238158     
  0.572906828800578     
  0.481777760790875     
  0.575826092878703     
  0.474818531445462     
  0.548416350191313     
  0.515722230577302     
  0.496370907725752     
  0.477028096665976     
  0.504076329087875     
  0.466913345134366     
  0.538663806449335     
  0.513747512984212     
  0.525956735340126     
  0.533365923141018     
  0.506539525588562     
  0.464995380915815     
  0.471812635981465     
  0.502860214845116     
  0.437513460639511     
  0.551510135017862     
  0.576234962922357     
  0.519412105889299     
  0.495179639367254     
  0.500698896578533     
  0.508889130147100     
  0.460649470664853     
  0.478262887239620     
  0.506329245006989     
  0.517777969000352     
  0.475766005472140     
  0.444092292681592     
  0.481411141239582     
  0.503736865642198     
  0.472720482968387     
  0.624882727173909     
  0.480087534220226     
  0.476668433585360     
  0.456846669056869     
  0.498573553424582     
  0.523110479320258     
  0.457873935132518     
  0.508157162071641     
  0.534315566269550     
  0.579143475022151     
  0.533703201787637     
  0.522549835171282     
  0.542664725571834     
  0.514235942426479     
  0.445372113737849     
  0.510094097701353     
  0.498056558018970     
  0.494480254960508     
  0.520927653955205     
  0.484161752672346     
  0.537871996548121     
  0.599409323954329     
  0.508299796785474     
  0.512915701425893     
  0.469240355524080     
  0.517112189004709     
  0.516461451657099     
  0.477894376212859     
  0.454801282689900     
  0.474581339352238     
  0.544841706756338     
  0.519838329777123     
  0.512156426281767     
  0.528981627437254     
  0.476585177592719     
  0.596931293953818     
  0.505063262306480     
  0.452365040199871     
  0.518123722121454     
  0.477586249468324     
  0.552467974298835     
  0.497286468940413     
  0.446565933651980     
  0.529179279339335     
  0.504183527143603     
  0.525051961631923     
  0.513011567945362     
  0.473308219454531     
  0.490567730243858     
  0.442945478170469     
  0.549366328244569     
  0.504478625762832     
  0.499016959588307     
  0.530711431162773     
  0.473757003058763     
  0.522740049100547     
  0.443320047167516     
  0.506171028669166     
  0.476167410622293     
  0.553221426286944     
  0.549129889647840     
  0.549006921097051     
  0.474682750220228     
  0.501250941619428     
  0.511056232143499     
  0.530065761116177     
  0.472413408669166     
  0.538505232331626     
  0.498286718695892     
  0.452881978333210     
  0.547008778563688     
  0.584864039917734     
  0.403486139593027     
  0.590215311876345     
  0.447850350338463     
  0.535158656580508     
  0.510749228891192     
  0.442600668853461     
  0.513462954051351     
  0.534846771180733     
  0.470635303128247     
  0.465096202584989     
  0.490072885829773     
  0.518038385734824     
  0.476535751569596     
  0.484867840799572     
  0.487586090882163     
  0.501496347307682     
  0.427951904308147     
  0.488947817972914     
  0.501145158892131     
  0.512612669757435     
  0.543491799206386     
  0.475106728817356     
  0.453218246041126     
  0.504014031947494     
  0.517406095217162     
  0.487013404026005     
  0.490371162770081     
  0.532209710395643     
  0.566513555616730     
  0.516631131660393     
  0.479557364912498     
  0.502962294470515     
  0.515005287347469     
  0.500657877054988     
  0.595940147728467     
  0.503936779917697     
  0.540896016780196     
  0.480808689289737     
  0.516475732678946     
  0.495111618744891     
  0.473779893916998     
  0.499092625749180     
  0.521210780328166     
  0.454940802411633     
  0.501078376726647     
  0.503907954353010     
  0.451834714906897     
  0.449652079948696     
  0.487043044455209     
  0.513312476955988     
  0.515103727942867     
  0.570462387776912     
  0.442795217379319     
  0.511566987151436     
  0.557924157191032     
  0.500516380594071     
  0.467325150136579     
  0.461264201278073     
  0.457668869829722     
  0.502216074382457     
  0.381876406410149     
  0.484091272925730     
  0.437107004933647     
  0.508858453048495     
  0.539850162534719     
  0.570841257365341     
  0.489276498963074     
  0.495514694234690     
  0.498716195039317     
  0.496576040049415     
  0.509770940273949     
  0.527746303112589     
  0.509577419294754     
  0.498211679625905     
  0.522225603067243     
  0.441483612197873     
  0.531590226451512     
  0.484414945108073     
  0.492961721388663     
  0.502641933407098     
  0.454647358720639     
  0.563204710517223     
  0.447694977010513     
  0.542928185942689     
  0.493068125708588     
  0.590181704473288     
  0.525997084417879     
  0.511526002616607     
  0.520204842506974     
  0.465480860775716     
  0.480139569365954     
  0.454222402898830     
  0.468703721900237     
  0.490367217500388     
  0.535524937440844     
  0.456816232112618     
  0.528724480023987     
  0.508498716565132     
  0.474086704244098     
  0.512297407022811     
  0.541134028096056     
  0.518906160218835     
  0.459338300497358     
  0.578345976045345     
  0.459253316396069     
  0.485818994280865     
  0.507154618582554     
  0.512336455134519     
  0.436169709659627     
  0.472606633126789     
  0.497380536482853     
  0.499195008155596     
  0.481855223616349     
  0.462895122077382     
  0.448116233327124     
  0.521781199542332     
  0.513060975975911     
  0.532345783761187     
  0.546019827334768     
  0.539003367997414     
  0.571229843914875     
  0.512334432760773     
  0.467204449986631     
  0.569968616013447     
  0.497794148115096     
  0.573016314647828     
  0.478804142205228     
  0.605292804264330     
  0.464102442543818     
  0.474010056253668     
  0.471987993974357     
  0.508158047535390     
  0.546960875284132     
  0.471577724405558     
  0.475359835136512     
  0.486247739208516     
  0.453956223442091     
  0.466925934676023     
  0.448898958591081     
  0.488496732595154     
  0.498042154139779     
  0.494074526472704     
  0.563095882166286     
  0.451274272615604     
  0.487985202062270     
  0.494302436887583     
  0.521878604831940     
  0.563186526166251     
  0.502681226074554     
  0.503868663430569     
  0.467420496000773     
  0.517576026913488     
  0.518711100692148     
  0.450355699336848     
  0.474964951575717     
  0.230346146347483     
  0.250024370312940     
  0.307686945928465     
  0.206971767009882     
  0.292940404628562     
  0.276774838359462     
  0.302528577977530     
  0.245557912987176     
  0.270487343844519     
  0.248624209454324     
  0.234318814357813     
  0.222513654877572     
  0.267507877458395     
  0.279458467552135     
  0.249251831415370     
  0.277305594181807     
  0.233102870754657     
  0.280931325611634     
  0.265893610125210     
  0.226931981421475     
  0.239350018590700     
  0.244278830799838     
  0.228728842670062     
  0.245117728039376     
  0.272659681969724     
  0.256590805889283     
  0.234030401773040     
  0.268653505221357     
  0.271426511936157     
  0.266274881126059     
  0.253433179533027     
  0.239594436453651     
  0.259806932014845     
  0.235659091979065     
  0.283841263239057     
  0.272087851637313     
  0.267502647214921     
  0.265778880173998     
  0.265153037445090     
  0.246967918748940     
  0.254009895173290     
  0.275797111382361     
  0.293229139050817     
  0.249234162231132     
  0.223849780810190     
  0.266710352693226     
  0.313481029339804     
  0.257675922579390     
  0.233397727394500     
  0.205382686704192     
  0.288962969346712     
  0.232108829294722     
  0.236989471596457     
  0.271215691748390     
  0.268549502474411     
  0.269480555198813     
  0.244235563433259     
  0.220621925201994     
  0.194707290922796     
  0.217260837020628     
  0.219969623665810     
  0.274466743197998     
  0.232443777389017     
  0.232089678387409     
  0.227052509124142     
  0.248177417973228     
  0.229157411297824     
  0.246070036244879     
  0.248687600355630     
  0.250502779174243     
  0.294352382554066     
  0.257731282292085     
  0.216556490146712     
  0.293457896840675     
  0.297452110079675     
  0.275981370534191     
  0.224356199945051     
  0.226999135026418     
  0.225509880196035     
  0.235061076355919     
  0.229392102217915     
  0.279487842844167     
  0.256370177201239     
  0.225982786447264     
  0.280666922895895     
  0.198423418346344     
  0.202284164270764     
  0.239828428915280     
  0.230865624634060     
  0.225704890138820     
  0.275105268274053     
  0.250005585533447     
  0.242520412269542     
  0.286245304163775     
  0.256525973972512     
  0.270321537336682     
  0.291184412816646     
  0.223308532587510     
  0.239225344935570     
  0.295811972715343     
  0.274489121307852     
  0.261548728778641     
  0.273048924427826     
  0.236492406298046     
  0.212933510378705     
  0.234157396067739     
  0.278210512772913     
  0.250676436916287     
  0.240304695935010     
  0.239165676725538     
  0.244768174592335     
  0.256408774693494     
  0.252936761466282     
  0.229654658137146     
  0.227759431028896     
  0.211307618545884     
  0.236339127522566     
  0.193008108978662     
  0.218864354221822     
  0.248974924238414     
  0.229855856257509     
  0.242606182209937     
  0.268334450050247     
  0.236391953614443     
  0.236039747808779     
  0.251620425702729     
  0.213827386569008     
  0.222649308789974     
  0.264482326703081     
  0.230539563857178     
  0.240339715159197     
  0.249515174729769     
  0.301149778968530     
  0.268349138376570     
  0.248900594156495     
  0.275207766695871     
  0.236114875923945     
  0.281223452791107     
  0.233159131025566     
  0.244589414372478     
  0.220985417473502     
  0.224429537267942     
  0.251435561806696     
  0.251521695796445     
  0.218360241540519     
  0.252821066312409     
  0.274357859545187     
  0.245200537718347     
  0.283800907676656     
  0.290225002751301     
  0.240211487402901     
  0.303597211062040     
  0.220455873558207     
  0.260034085147545     
  0.250408747555257     
  0.185391473559245     
  0.265265674689581     
  0.235842399071992     
  0.215124840357439     
  0.227649583064591     
  0.279148255970541     
  0.222022063882357     
  0.248881885853539     
  0.273621021822138     
  0.280753256539139     
  0.240164315668664     
  0.253674284067885     
  0.255135594256987     
  0.259161555259036     
  0.284987361218808     
  0.240087746025298     
  0.268990692753897     
  0.240707705691141     
  0.208015305603491     
  0.259866266480753     
  0.269146467947260     
  0.253687463788811     
  0.243932797151427     
  0.254216626857777     
  0.217463953127708     
  0.259667426706627     
  0.254868655249463     
  0.292143257712108     
  0.244710020357145     
  0.242245727467571     
  0.246257177902373     
  0.304625631545681     
  0.245744917709147     
  0.214642556354774     
  0.273094018784018     
  0.255757233694504     
  0.242493389178552     
  0.273537902545463     
  0.233327196107609     
  0.227712067505856     
  0.267285700044167     
  0.230762849152993     
  0.258863288902350     
  0.250349650630648     
  0.258765681232736     
  0.280339788661844     
  0.227086032542102     
  0.249083724271532     
  0.205677692197818     
  0.291864940499667     
  0.245399490777798     
  0.292308036713821     
  0.281118379108094     
  0.202327219052169     
  0.204704028099430     
  0.230092442335935     
  0.222256514087972     
  0.266539350666438     
  0.227405101564994     
  0.270960114656190     
  0.214288772219978     
  0.263065283562867     
  0.267432016922121     
  0.242269958065312     
  0.294626461037781     
  0.254725961898036     
  0.229913043070260     
  0.282831617175501     
  0.244100175726842     
  0.225293546537752     
  0.244159073067993     
  0.289481451768345     
  0.235476683011857     
  0.228336608093560     
  0.288120641848826     
  0.275645571386025     
  0.244540424349785     
  0.223864171320627     
  0.232089619404602     
  0.260823836307983     
  0.226145879914494     
  0.256700450209950     
  0.245652092506661     
  0.265128043568689     
  0.215734227323472     
  0.268001896306179     
  0.267554770462693     
  0.239756303104508     
  0.291321749185340     
  0.306078976302065     
  0.245923260566413     
  0.252671732698951     
  0.259351306858226     
  0.229594335761855     
  0.238088843391485     
  0.235357123801709     
  0.290352525657700     
  0.207207479333551     
  0.245192943346157     
  0.280143418830042     
  0.199953973381500     
  0.232231260426558     
  0.291339411464573     
  0.217193910651109     
  0.238799359210227     
  0.263618469363458     
  0.201013995945315     
  0.260817375920036     
  0.286729169924282     
  0.287470858523657     
  0.201169047200297     
  0.236242874576322     
  0.264140339366202     
  0.257267750422854     
  0.234914624352135     
  0.252759860671330     
  0.227477600287552     
  0.323681119263952     
  0.279857986826660     
  0.233385302171503     
  0.222503326961513     
  0.209353394610551     
  0.229472475052418     
  0.265679268553889     
  0.298828973733682     
  0.282733186239009     
  0.235402715424164     
  0.273783465376576     
  0.256563118389461     
  0.258759401283820     
  0.261842042634183     
  0.270908352129899     
  0.302274285559470     
  0.282234015691582     
  0.233612127529709     
  0.291191146850471     
  0.230347955467708     
  0.301013353333636     
  0.252009556551007     
  0.312622991299284     
  0.211458575464476     
  0.246721237451439     
  0.263841432530814     
  0.223634091071755     
  0.277960450463623     
  0.237978485829675     
  0.256967525672423     
  0.278652803581070     
  0.269791310621532     
  0.267161334665534     
  0.304261028010809     
  0.256990031829768     
  0.224656091410004     
  0.299499583320820     
  0.267533391841857     
  0.261718917484935     
  0.240317021776252     
  0.257144434577024     
  0.278960753860184     
  0.227865529552543     
  0.216395808596025     
  0.248299758253899     
  0.211400484514365     
  0.209646677755054     
  0.198889683956021     
  0.249138077486357     
  0.274024442272711     
  0.275906729008590     
  0.276434868524022     
  0.288552171266324     
  0.219330029077986     
  0.269200727599597     
  0.261480948920370     
  0.245563519235996     
  0.292019338980882     
  0.294725840749109     
  0.239365598602809     
  0.229408614387604     
  0.262108523373841     
  0.264048181943970     
  0.244372025666332     
  0.230062748708752     
  0.213654188071831     
  0.295146272088670     
  0.286589929066600     
  0.267964915107579     
  0.201597556945810     
  0.255792609063710     
  0.263482130442560     
  0.245514276854293     
  0.282638305244347     
  0.255557598580269     
  0.283248449761682     
  0.247252199735847     
  0.218968861575818     
  0.206164649453503     
  0.245412183974528     
  0.203658292280349     
  0.282433725296920     
  0.256753549006990     
  0.223389273264993     
  0.209071654364091     
  0.273491477989340     
  0.290478052182204     
  0.247570150458563     
  0.225470366710670     
  0.232865289060610     
  0.265171809368847     
  0.257805363230636     
  0.218278772906746     
  0.224790540649882     
  0.278821293183590     
  0.266968518837932     
  0.238111421278905     
  0.271890327810984     
  0.280659331780628     
  0.237540887341438     
  0.233175501274384     
  0.237048234901004     
  0.244753053515204     
  0.228882262587584     
  0.239274727239757     
  0.279564482572229     
  0.227416918835874     
  0.271080517011028     
  0.259812662923205     
  0.260293578678553     
  0.275797560340099     
  0.311035443272429     
  0.250884186430221     
  0.287102620760766     
  0.232662550684557     
  0.284301817304950     
  0.247905725124892     
  0.255868854895995     
  0.240456501734000     
  0.263537877312629     
  0.266376026175995     
  0.261817276913741     
  0.283861641604828     
  0.224164230907384     
  0.273786599682247     
  0.320075140944892     
  0.230336649989732     
  0.249094019444445     
  0.233872831600909     
  0.203169716443752     
  0.297721847207274     
  0.244192624827830     
  0.204460137449939     
  0.266996844111780     
  0.279841474010219     
  0.307716878215303     
  0.241987283460127     
  0.257118868516194     
  0.218974798544050     
  0.276722659197634     
  0.253015605165367     
  0.265304614129296     
  0.250163426343709     
  0.250545169796538     
  0.264267182052800     
  0.269632343827602     
  0.242289148881408     
  0.242050645947628     
  0.278741545189248     
  0.240598044561173     
  0.232033572974773     
  0.302537451875055     
  0.274129337357745     
  0.243867567758534     
  0.239681962975561     
  0.188661604585149     
  0.270440618185194     
  0.253026954928397     
  0.248482458668352     
  0.232801734950578     
  0.244659710452759     
  0.253595301746094     
  0.276179941335114     
  0.234094043470162     
  0.237890779323136     
  0.244195455406705     
  0.218122564008494     
  0.239412550976500     
  0.279087155362616     
  0.219508188155920     
  0.224953091976047     
  0.284802781961044     
  0.220561037993033     
  0.254196788117519     
  0.227916215172970     
  0.224784662034291     
  0.228080217412271     
  0.277331380943005     
  0.214645217100776     
  0.224546215451530     
  0.223474655324139     
  0.243797086551937     
  0.252937524207425     
  0.296319514563962     
  0.268803075721022     
  0.309194675023495     
  0.299912307642347     
  0.273606029811958     
  0.243122226319895     
  0.254671301988510     
  0.200639355552942     
  0.235248655343734     
  0.232300185926170     
  0.243820859338748     
  0.262860720171477     
  0.287670696448446     
  0.230907369281728     
  0.211843928441628     
  0.264585496658556     
  0.198989884671582     
  0.240405956681687     
  0.302849120151526     
  0.258232859161121     
  0.244994743897542     
  0.268281309667748     
  0.241452125662721     
  0.284272497813838     
  0.258966478253106     
  0.237106533229304     
  0.237033347394423     
  0.226959672076729     
  0.252456300762576     
  0.228151495689423     
  0.259682311167604     
  0.261551549079233     
  0.230762253528295     
  0.239823392157970     
  0.238795937712822     
  0.247328279105243     
  0.196945160204320     
  0.269827555221962     
  0.218878909408618     
  0.295073916803748     
  0.258449023845308     
  0.318009300683357     
  0.271356426812390     
  0.279396218123273     
  0.254941616708536     
  0.205339619047245     
  0.274282033326815     
  0.233704714470819     
  0.280090812193077     
  0.262139559456363     
  0.215618240427163     
  0.229571476822373     
  0.287267641789961     
  0.209349713893288     
  0.272573125496810     
  0.290010097372785     
  0.246211286487771     
  0.239616792102485     
  0.248957806740012     
  0.219194174770300     
  0.272291561344426     
  0.250835381473250     
  0.246966177137725     
  0.248435633542384     
  0.227145627742424     
  0.285050388579050     
  0.312187294777756     
  0.251278087837341     
  0.224604919862800     
  0.283284031651744     
  0.273432500935200     
  0.227871614824650     
  0.227333348317247     
  0.269578964471872     
  0.248108972667091     
  0.334970912267113     
  0.237353574579779     
  0.247194903607019     
  0.264604475311940     
  0.232364926688196     
  0.272767191014138     
  0.274352717799947     
  0.199581166179359     
  0.242838744153343     
  0.237273235410284     
  0.233897496527566     
  0.213197227446017     
  0.253859107787300     
  0.307925449906078     
  0.261211114011534     
  0.251687770352985     
  0.230536272779402     
  0.225802441111421     
  0.278452410434083     
  0.276744573108827     
  0.259530989170265     
  0.222815913880895     
  0.275113175554192     
  0.242106563687051     
  0.213895312766838     
  0.225217049763915     
  0.229492227700502     
  0.272105239259011     
  0.215527861959931     
  0.231038566183377     
  0.209869548807598     
  0.240537143458642     
  0.218336570336204     
  0.244456883089543     
  0.279426036569909     
  0.251080184937009     
  0.235007880952417     
  0.251732254767404     
  0.276367108242515     
  0.273242328825204     
  0.236360467286325     
  0.251276313973140     
  0.255023778997716     
  0.245155332658856     
  0.293276123680791     
  0.290162367485236     
  0.220542609462052     
  0.206757306226750     
  0.226585172372137     
  0.263281212042804     
  0.263454277437306     
  0.313289535852953     
  0.210050962099466     
  0.236355368447417     
  0.252175535397006     
  0.233016719893505     
  0.256112204863752     
  0.245304849494150     
  0.236445072042486     
  0.236161527732621     
  0.318633604942470     
  0.248895580426875     
  0.240527704873643     
  0.215720874332133     
  0.262978425618294     
  0.274235911843249     
  0.263832434686369     
  0.244559552719529     
  0.281506393754964     
  0.260159275402147     
  0.266731008251805     
  0.237153471405606     
  0.233587709395111     
  0.252347164688522     
  0.262108402170292     
  0.214114692586997     
  0.227749310886766     
  0.215351842511528     
  0.247684180893039     
  0.230716779817207     
  0.286860765035218     
  0.230423678102308     
  0.250670225490417     
  0.297010576247572     
  0.259735323528310     
  0.261721875341680     
  0.297097354205560     
  0.235438616338032     
  0.296547646382046     
  0.238456208926653     
  0.289748707363181     
  0.254159829260391     
  0.266621328960474     
  0.241366924822949     
  0.248073543468597     
  0.258271282092236     
  0.245398404562597     
  0.275659942448662     
  0.252617525178093     
  0.245898233064919     
  0.261440105959804     
  0.267585401605574     
  0.293281777854633     
  0.250870645479154     
  0.269525381625471     
  0.224156742673696     
  0.254109539823600     
  0.244581462720908     
  0.176053012781966     
  0.257981662679175     
  0.263977293072399     
  0.325348913199774     
  0.254588484735930     
  0.248910956367712     
  0.266207476125353     
  0.258823142963859     
  0.212496168284392     
  0.227131229794758     
  0.246485396956191     
  0.271776477326509     
  0.252072236610841     
  0.235505246543550     
  0.295336130667599     
  0.261443232019931     
  0.230370183738508     
  0.222482736372679     
  0.239798824246629     
  0.213288091203209     
  0.229776532879553     
  0.277126224495469     
  0.206826795299453     
  0.264657634048105     
  0.263770004966551     
  0.249535538746988     
  0.260254996273082     
  0.269150201304293     
  0.216179600741834     
  0.276275936784331     
  0.185209903109871     
  0.248895848114510     
  0.273149701191397     
  0.260344025925172     
  0.226015300137775     
  0.209882497119942     
  0.241040174886473     
  0.270083698002329     
  0.218069895378219     
  0.242963841529083     
  0.208381864762624     
  0.254839798491648     
  0.231788538126013     
  0.281379399166083     
  0.266407077914245     
  0.272772064235949     
  0.287617168114667     
  0.255358011057427     
  0.240991543749977     
  0.281629937806740     
  0.229188928718069     
  0.237250225930920     
  0.250673742488861     
  0.309152677272181     
  0.263427721855727     
  0.235742556180535     
  0.264383143691417     
  0.239896605566811     
  0.239199724371844     
  0.207671727475949     
  0.249839936235788     
  0.233223037607386     
  0.274944530799688     
  0.256512636134087     
  0.269149450900304     
  0.228628138104397     
  0.254096746191514     
  0.221949820292264     
  0.230439712609308     
  0.226056255093358     
  0.253720131452631     
  0.206718348041109     
  0.223742491699434     
  0.238432496450851     
  0.236522795878310     
  0.243848791487226     
  0.272987032369707     
  0.273683936193705     
  0.238309028119742     
  0.315070433601877     
  0.269818069973934     
  0.250319753636201     
  0.277653497707090     
  0.287992086395385     
  0.257953800374098     
  0.244683570928274     
  0.213654823398518     
  0.228307566883216     
  0.224925872508280     
  0.241158539701675     
  0.211697450494791     
  0.236462337879880     
  0.231990921511715     
  0.248143174634020     
  0.262615673711301     
  0.269264991846585     
  0.283553295448211     
  0.254649063133693     
  0.261271980355667     
  0.241208438915598     
  0.232113409448335     
  0.261350170737394     
  0.272145890561540     
  0.288044185481136     
  0.298512914001198     
  0.223727109309312     
  0.264575129551086     
  0.294110543175869     
  0.296545624776943     
  0.207283561197699     
  0.250265154153049     
  0.221245617499329     
  0.262509786643581     
  0.253947639048163     
  0.282859916860825     
  0.254223944993122     
  0.232519107631401     
  0.219456835274859     
  0.289263495075653     
  0.265637801288221     
  0.252611862287743     
  0.257039441955966     
  0.235163997529323     
  0.307550176635942     
  0.273666326979870     
  0.217681821210876     
  0.263807160080737     
  0.240397941004375     
  0.250206698715241     
  0.244543889407806     
  0.258387289795195     
  0.236391184103679     
  0.237547171272488     
  0.259566969946518     
  0.226427306286564     
  0.269515420081357     
  0.217452089640478     
  0.286517039471025     
  0.240503429983477     
  0.261826022428977     
  0.248334659694013     
  0.238035694485548     
  0.212719912105225     
  0.261450103352260     
  0.226671777110459     
  0.270380182362477     
  0.258576959751224     
  0.262966665969718     
  0.275665100436574     
  0.284690788443957     
  0.242573823709275     
  0.263411917680175     
  0.242450319670255     
  0.248235343711107     
  0.243415662669043     
  0.283905002859217     
  0.291270764258993     
  0.275447976010132     
  0.240293049425676     
  0.214619530453408     
  0.209795456264345     
  0.211327467765870     
  0.262963892824525     
  0.228148938606199     
  0.327800122508735     
  0.230178257964958     
  0.277143864884678     
  0.233994956714392     
  0.245988402556309     
  0.241557051712616     
  0.278463630593192     
  0.241739490752872     
  0.258723038140469     
  0.197790709996592     
  0.239559484045028     
  0.252991133725700     
  0.249564420246917     
  0.245286059161886     
  0.234267447231297     
  0.227619417157987     
  0.250687272093826     
  0.273746691401649     
  0.241943371523114     
  0.228010511235331     
  0.278268169672866     
  0.272119174747489     
  0.257079494407668     
  0.221843299761687     
  0.210961552617503     
  0.278766754557869     
  0.239514272046782     
  0.284840339811216     
  0.261295739194841     
  0.219155965034227     
  0.244961235083022     
  0.256659254381399     
  0.236200820409779     
  0.245590180170419     
  0.246364148576990     
  0.315656561077947     
  0.214915627676703     
  0.232709697624659     
  0.215714932459699     
  0.240130372902117     
  0.276884773512344     
  0.261830390188101     
  0.268959759409448     
  0.283497455997176     
  0.245310845830348     
  0.247426022257361     
  0.236451711083992     
  0.261459984974807     
  0.238768587632054     
  0.245249642439427     
  0.314148475567503     
  0.230605349276055     
  0.222476171242499     
  0.232659456728081     
  0.254044226682584     
  0.258591256146791     
  0.273468317697416     
  0.322165286734665     
  0.286112936461767     
  0.244887396573310     
  0.258881950286594     
  0.267913003909081     
  0.215957031694661     
  0.238323111980883     
  0.248908759002621     
  0.305591477180993     
  0.214354101112545     
  0.237348666776946     
  0.238970238258386     
  0.263410369894196     
  0.221547410752351     
  0.242586937934311     
  0.260949133547627     
  0.298602987309082     
  0.266700201789960     
  0.204286016534702     
  0.222425847631279     
  0.216566675021554     
  0.217985853006859     
  0.244226545856161     
  0.269014478200384     
  0.254453929289588     
  0.242870629631748     
  0.279860284557412     
  0.230747711278006     
  0.308482747140296     
  0.248450402876321     
  0.298228182645535     
  0.272094459961635     
  0.273447644100140     
  0.247274018700253     
  0.186127987616031     
  0.272159936393659     
  0.240883417962316     
  0.215529218563631     
  0.309662613588759     
  0.242817359288780     
  0.239856043594029     
  0.271252899688848     
  0.266337483303450     
  0.255089834260006     
  0.212342597753210     
  0.245540896645132     
  0.238883168392071     
  0.246191940854821     
  0.234674324665981     
  0.300767945979051     
  0.206614461409603     
  0.209728706947010     
  0.264572921382652     
  0.245916001300084     
  0.190616063116077     
  0.215073383442369     
  0.251745624341244     
  0.212853076718038     
  0.255800765417367     
  0.301861105099131     
  0.241115943573874     
  0.248953969768298     
  0.268668910377636     
  0.272511470870400     
  0.203800450440383     
  0.224990355280378     
  0.239204293428847     
  0.253222369040221     
  0.256048009660546     
  0.289256390848999     
  0.232436829041552     
  0.223919993624638     
  0.286164632407971     
  0.264263793073995     
  0.278738655944286     
  0.245130059496879     
  0.277476394698316     
  0.237383971310838     
  0.214564249544083     
  0.258628070208988     
  0.261267022154688     
  0.253808601809845     
  0.268166767421045     
  0.248866776722413     
  0.232124015293109     
  0.211430086780936     
  0.253192574844538     
  0.233539855861000     
  0.254103733227658     
  0.270765671832739     
  0.248141105585341     
  0.242530864944672     
  0.207472199421805     
  0.260393575440344     
  0.268729333186537     
  0.251202091476302     
  0.218415634560688     
  0.213935759206425     
  0.251839396538165     
  0.229201885728753     
  0.229997554837442     
  0.280751869113555     
  0.294669436652390     
  0.268847548308540     
  0.266087342053560     
  0.246771516466744     
  0.241827641697486     
  0.212120753445178     
  0.294191432811355     
  0.235335280541703     
  0.298396889880692     
  0.279305708511757     
  0.231719852940189     
  0.286846876927538     
  0.259564074614332     
  0.215325755407218     
  0.217981885197833     
  0.258945899237454     
  0.241630884230801     
  0.257492634277406     
  0.218513479408776     
  0.250083716076729     
  0.209549522760646     
  0.251751857117000     
  0.244364143335643     
  0.263483386780100     
  0.262783740679751     
  0.239176591372451     
  0.271137286342489     
  0.289383203539721     
  0.259582883830524     
  0.241754030196631     
  0.259925699108875     
  0.240876638641968     
  0.244578821230729     
  0.272359169687676     
  0.277656146798014     
  0.264844415134830     
  0.226840168497278     
  0.242017468623681     
  0.251024539556360     
