  0.501514474607637     
  0.476686363568234     
  0.442340867322029     
  0.482467088816671     
  0.523313213532672     
  0.511428877014920     
  0.500531195029866     
  0.560684948054134     
  0.464600413912621     
  0.552141156253082     
  0.532320699502047     
  0.520300323153513     
  0.485723650165037     
  0.522675860941657     
  0.437670943414000     
  0.469413977513761     
  0.492151591841806     
  0.475527890093071     
  0.528951441649338     
  0.547087171253619     
  0.504434092826535     
  0.530742738055021     
  0.520719736964028     
  0.522318257420666     
  0.471728684780167     
  0.482972321849220     
  0.513459757792312     
  0.489564174002926     
  0.519360918464036     
  0.505987169167190     
  0.491735210698275     
  0.485403294211812     
  0.487449009851333     
  0.480615387380259     
  0.584915752065378     
  0.480554164022999     
  0.515056899969434     
  0.457850604653303     
  0.489071819119279     
  0.448211828349087     
  0.462006148185528     
  0.471541169384940     
  0.476221723551878     
  0.522697932972621     
  0.521172194074984     
  0.472348219898245     
  0.483160862655720     
  0.452036568313023     
  0.495796965402512     
  0.474675051752048     
  0.486221270046981     
  0.466166237946986     
  0.493626610606373     
  0.476087273538326     
  0.518574375443087     
  0.410782010531698     
  0.526736128387124     
  0.464065577029155     
  0.546091275412310     
  0.466842737492801     
  0.481922460796557     
  0.503653357356122     
  0.517610512028583     
  0.427036165459451     
  0.516144259619381     
  0.488090755971971     
  0.500030122725265     
  0.505426364813576     
  0.516861851428441     
  0.511707656097282     
  0.557212046584559     
  0.461380396966216     
  0.475264137599582     
  0.493605922713215     
  0.480484194101652     
  0.496433950970506     
  0.551279396321659     
  0.562886311444838     
  0.487357673690699     
  0.543108138415331     
  0.485128704890528     
  0.519189590764318     
  0.520698362876227     
  0.520608200297399     
  0.490282775625786     
  0.459051069928459     
  0.542306498296465     
  0.509323333272464     
  0.470963736938289     
  0.504078875552361     
  0.504290957740913     
  0.558360589040038     
  0.463855690127708     
  0.533694155098893     
  0.522069044789671     
  0.504683257387434     
  0.521232705074071     
  0.507202082124897     
  0.541186658220047     
  0.490191285842154     
  0.505026459255966     
  0.533996816784700     
  0.542755302569944     
  0.476143177915876     
  0.572175694551644     
  0.478522346199818     
  0.577215269004338     
  0.490396234541288     
  0.461337114974467     
  0.507736584666778     
  0.445927446951217     
  0.485665375258152     
  0.427264426271302     
  0.435087635508777     
  0.483440652508151     
  0.524649846884028     
  0.501753160116284     
  0.532112594080636     
  0.479557111591290     
  0.560119348153159     
  0.522341968557421     
  0.523695943825974     
  0.522792005771449     
  0.531535939986288     
  0.577282623721485     
  0.529733550674813     
  0.523407443843183     
  0.512919312142158     
  0.525417233926709     
  0.450706467263212     
  0.548625529019206     
  0.461685501466925     
  0.555501772124436     
  0.512983695737462     
  0.533442253670617     
  0.461402381988979     
  0.487444603890524     
  0.497444505213338     
  0.572459457139872     
  0.529533718609420     
  0.470855737183749     
  0.461628527968239     
  0.436926435828445     
  0.511980738041403     
  0.491025179663114     
  0.510639380584079     
  0.458882459787332     
  0.519022484913467     
  0.503077091397963     
  0.482695465228036     
  0.512257440573757     
  0.494437947191382     
  0.527273193281840     
  0.456400303898152     
  0.481245176422531     
  0.499237890275391     
  0.525543330392615     
  0.569018236586873     
  0.514286702323964     
  0.542000201286534     
  0.550182965536426     
  0.518993287281895     
  0.493338845882080     
  0.461561755003245     
  0.493737624356925     
  0.450774887323585     
  0.502923857323359     
  0.501527264395065     
  0.453348593655262     
  0.521786573501507     
  0.458639943564176     
  0.512310407545191     
  0.508310389765896     
  0.495167397836793     
  0.537677483842830     
  0.491989204863682     
  0.519306516866613     
  0.515973335271500     
  0.545947625231860     
  0.529603447138686     
  0.515460264683999     
  0.487892647020563     
  0.526643508455202     
  0.450786347404098     
  0.537150983720985     
  0.474888302970373     
  0.546695727536086     
  0.478026833395438     
  0.473452293356222     
  0.483829334414267     
  0.518752198697003     
  0.462545695576616     
  0.436588738083593     
  0.517036392364428     
  0.446533661156363     
  0.506456661068752     
  0.470985973905679     
  0.513919484512362     
  0.534651521834204     
  0.477837444260833     
  0.616171482481796     
  0.492484355433852     
  0.499146188190260     
  0.532795395165246     
  0.595615186539350     
  0.550070267366066     
  0.467088850806563     
  0.494187144506108     
  0.551862875669410     
  0.414525100398280     
  0.502130020069963     
  0.471866737257990     
  0.475075742756725     
  0.484542863146714     
  0.471548526285871     
  0.452877866907844     
  0.484535093174849     
  0.487836120248333     
  0.543311718600836     
  0.483932238603771     
  0.517782049872921     
  0.431066486488543     
  0.529702749124910     
  0.542789629659947     
  0.541189167041304     
  0.571879346811487     
  0.429710828081407     
  0.504101842313568     
  0.522750167721907     
  0.534533072580374     
  0.572350426138540     
  0.540293244468594     
  0.411926192616718     
  0.474837366131464     
  0.515488862764264     
  0.499697680617194     
  0.509444465167028     
  0.487595442921505     
  0.514334769771571     
  0.476454966110103     
  0.571620409997424     
  0.464201998238693     
  0.482449319629709     
  0.474841221781040     
  0.491979541544568     
  0.400465412080366     
  0.533716070209416     
  0.520502069286411     
  0.499377034831142     
  0.488097361524943     
  0.508556828725547     
  0.518929209225255     
  0.489553928382630     
  0.557151672443465     
  0.532493483943050     
  0.445539737541467     
  0.497664327877167     
  0.494636549466420     
  0.427500258832346     
  0.514693467199724     
  0.560976216293392     
  0.475529446997463     
  0.453375040635952     
  0.514896554996291     
  0.566126195462759     
  0.508988416956802     
  0.453490141076265     
  0.515758451034544     
  0.484080311747995     
  0.452204406904254     
  0.508098529434693     
  0.518435133680491     
  0.483378583358420     
  0.480022138298042     
  0.485572018518854     
  0.509201940111175     
  0.470281567033727     
  0.567137274105475     
  0.456624399974467     
  0.488273249976944     
  0.447881137290294     
  0.506153973015068     
  0.492596183659293     
  0.470652085855339     
  0.448212444333076     
  0.537560614983734     
  0.427066668395959     
  0.462217340366293     
  0.502436315960709     
  0.502074163726245     
  0.445536365110061     
  0.500445203887406     
  0.466280546343773     
  0.475466998749558     
  0.497825329290001     
  0.467569960810324     
  0.482098262008702     
  0.537689766718475     
  0.454732696120847     
  0.484504704422882     
  0.487381235877087     
  0.443809930152838     
  0.535769340898705     
  0.449117670051371     
  0.551441327916205     
  0.445562475580145     
  0.535718119774917     
  0.507331840596494     
  0.513305682707902     
  0.425846419352893     
  0.522005777171054     
  0.502182545871743     
  0.528954468935575     
  0.426261321877070     
  0.506830401541864     
  0.425887366974518     
  0.459768578620471     
  0.534500818999655     
  0.559679732526690     
  0.503455602476697     
  0.510330741286501     
  0.502234968349994     
  0.486378522563659     
  0.471755744215505     
  0.573817069005032     
  0.520416424937676     
  0.501993118870176     
  0.518139622140850     
  0.536280532223354     
  0.507785829432261     
  0.543707939429088     
  0.539928278333223     
  0.507080482048389     
  0.472866196786316     
  0.519777828674917     
  0.435215167240590     
  0.514644848840277     
  0.522726860194307     
  0.498170012018338     
  0.510765736145901     
  0.493400982836757     
  0.502410098752932     
  0.467218159320317     
  0.478322990443337     
  0.492588919653843     
  0.541012382242711     
  0.537571114788614     
  0.525914837662051     
  0.529028620474150     
  0.473935778232141     
  0.479531794813782     
  0.472802180285394     
  0.488161586955483     
  0.511470350749703     
  0.508386062762298     
  0.509125514224684     
  0.462945867176864     
  0.493290481201482     
  0.544598368452702     
  0.480628281616624     
  0.520688020763885     
  0.538546793080006     
  0.602994724010309     
  0.521956304266573     
  0.567229144601508     
  0.549866947182910     
  0.502818347004573     
  0.403462464536245     
  0.563838719300867     
  0.516978930066028     
  0.487093131929687     
  0.544202986500043     
  0.485893242910452     
  0.495801139211726     
  0.456714719859458     
  0.532091274885060     
  0.448542850095093     
  0.554407190092583     
  0.509900401477780     
  0.547694268589594     
  0.485741893042590     
  0.454697615332529     
  0.480926711322946     
  0.492987617964057     
  0.466171979833806     
  0.489574483975694     
  0.491559069443629     
  0.482859202748890     
  0.521450786837795     
  0.502209221378931     
  0.454835068703560     
  0.463222388342933     
  0.470907308189650     
  0.522230373669443     
  0.564462524966373     
  0.493608272674588     
  0.496740803680516     
  0.532493083380927     
  0.462907542219800     
  0.576661885968065     
  0.576860608770458     
  0.493243987897107     
  0.498691422772077     
  0.494384613443744     
  0.529889442429718     
  0.483868019750552     
  0.451382243249194     
  0.489368944530862     
  0.424364985326175     
  0.431989207336931     
  0.465034555620338     
  0.539831468343240     
  0.492194783074974     
  0.530927637302970     
  0.514413984221103     
  0.544768890245366     
  0.534231545329479     
  0.461075600656109     
  0.468590631876126     
  0.528640736497139     
  0.548596157860626     
  0.518492499106192     
  0.513808689904856     
  0.569140735878288     
  0.441863032229888     
  0.521687742601035     
  0.519867288087634     
  0.509739352152495     
  0.502353908319925     
  0.535918875168275     
  0.452970932420416     
  0.515913649321604     
  0.479440298545586     
  0.491171908528509     
  0.483264713815530     
  0.475853011204304     
  0.481512882100224     
  0.564286336770583     
  0.518958169212675     
  0.527257629396808     
  0.478462913538781     
  0.510276009963263     
  0.501149332230009     
  0.446294057769808     
  0.423513413339141     
  0.495417851008449     
  0.437127397516366     
  0.511710401880238     
  0.470952201809172     
  0.474874694634444     
  0.509228163172526     
  0.442151715714498     
  0.531863729337954     
  0.477197534464079     
  0.483669828148769     
  0.517251684113228     
  0.542651491025714     
  0.535972899053733     
  0.549883461352981     
  0.524710368113996     
  0.481186270801768     
  0.474302133627041     
  0.450556717806128     
  0.441075704628611     
  0.487942197880613     
  0.477078346333901     
  0.490437623606248     
  0.486287276108715     
  0.469076507542762     
  0.518755448554968     
  0.577200620398502     
  0.485943182325684     
  0.489423378692707     
  0.552996360285941     
  0.542580405428747     
  0.487844238007540     
  0.508761817064616     
  0.536320847463326     
  0.427772977600798     
  0.566829012630418     
  0.503296983003159     
  0.537035898142047     
  0.492505944596321     
  0.495203843472835     
  0.530409165964454     
  0.501698266312180     
  0.512648207868717     
  0.519913834405139     
  0.467990494867707     
  0.490657557124287     
  0.527712608897179     
  0.491529898207123     
  0.521889676754401     
  0.445873562393721     
  0.544472275604956     
  0.493935548083353     
  0.471955270373921     
  0.478635709234054     
  0.520300834477381     
  0.492647631772494     
  0.513310472277622     
  0.506378116134937     
  0.453454383330683     
  0.470550424283081     
  0.538207455441494     
  0.494030340250416     
  0.499401165450444     
  0.492646452371036     
  0.492957616505659     
  0.520736040487321     
  0.545933888810427     
  0.513174364347319     
  0.529808762536513     
  0.523767671007312     
  0.525770315165999     
  0.538240917325372     
  0.507957642824387     
  0.529307448741724     
  0.468108576949463     
  0.523415722674629     
  0.485991326619954     
  0.535577810944499     
  0.489691192837735     
  0.474824825936589     
  0.524060173630374     
  0.481013895245851     
  0.543530969111235     
  0.485701838434378     
  0.536843910665456     
  0.581305966506793     
  0.524909068915857     
  0.551125016969282     
  0.508152202564693     
  0.517990123227307     
  0.498354819738919     
  0.488946876530310     
  0.501482946110884     
  0.527563633014017     
  0.470574378817473     
  0.444802361435659     
  0.436845931232560     
  0.479420099164459     
  0.542986386787186     
  0.516568173493705     
  0.495042160448917     
  0.469163885934642     
  0.467542905390401     
  0.489315779713837     
  0.469803903644344     
  0.436127488913952     
  0.533823864199204     
  0.444191010989102     
  0.548780500250239     
  0.522230446880118     
  0.411369835541702     
  0.552645363985162     
  0.536635565459202     
  0.478565375657550     
  0.527829973615982     
  0.526202204570334     
  0.477179755057831     
  0.518729176983502     
  0.483224966634385     
  0.416352686636734     
  0.389059501125554     
  0.506017717265654     
  0.451828346692825     
  0.537454119765863     
  0.526233759203933     
  0.573083022754613     
  0.535533049023818     
  0.437369769162091     
  0.428978320752667     
  0.472330051609905     
  0.490949284641134     
  0.511008223716547     
  0.462922732326700     
  0.476649205476069     
  0.453353994046205     
  0.525306828776778     
  0.452421304266893     
  0.493767864197869     
  0.498114871437313     
  0.468878293815504     
  0.512090350457504     
  0.461585193359413     
  0.552556519963121     
  0.454835540183310     
  0.518522348588495     
  0.438141367015013     
  0.466147675152365     
  0.521561857254919     
  0.501681208574525     
  0.480009269101150     
  0.490026920222161     
  0.575006370272202     
  0.490705966332438     
  0.467490989814990     
  0.503996527405134     
  0.513940604198288     
  0.509513937266862     
  0.498793460150109     
  0.514999278444879     
  0.488332383873404     
  0.507094303361819     
  0.518074300890838     
  0.529017338639520     
  0.445860026184194     
  0.468262557971239     
  0.515280371867768     
  0.507031354442581     
  0.519179221247375     
  0.477995370303346     
  0.496882777064626     
  0.512297496356491     
  0.477752487843933     
  0.441019638409161     
  0.526833215597182     
  0.513655113274704     
  0.493214762871246     
  0.487403418820992     
  0.564529815656924     
  0.549908411242656     
  0.491839184774673     
  0.543491537547130     
  0.504178984987880     
  0.492115368127672     
  0.520060700479186     
  0.490558195352553     
  0.478125642588861     
  0.519284012477019     
  0.556551643880403     
  0.477333559252684     
  0.457188252526586     
  0.518075153175431     
  0.481717757529990     
  0.477683339578723     
  0.443593520134175     
  0.559026517138698     
  0.488773326626117     
  0.512940490482066     
  0.449867509379368     
  0.484318968162468     
  0.452254997101835     
  0.436187533022706     
  0.534016457915922     
  0.570628038596054     
  0.548046003834327     
  0.519815923080402     
  0.499143682079188     
  0.531156709897573     
  0.462584403926373     
  0.501227088881899     
  0.526739880973132     
  0.469423681048496     
  0.573192353559529     
  0.494512394115845     
  0.503341451750014     
  0.547957137546477     
  0.513697599795425     
  0.518788011106190     
  0.589753294779048     
  0.477129236718932     
  0.480385967161874     
  0.498417655652738     
  0.526336310998220     
  0.520141708888297     
  0.510047872772740     
  0.495753390259233     
  0.532743338136612     
  0.518656586344196     
  0.560371837242585     
  0.463810105335599     
  0.463682682087665     
  0.453358280703850     
  0.516170768562636     
  0.441857102690971     
  0.518545866137510     
  0.465983715781893     
  0.513630016116182     
  0.499645810600168     
  0.477401821744329     
  0.484012327724785     
  0.523274400898744     
  0.562398609065730     
  0.469070364167962     
  0.549610050533888     
  0.472001976154413     
  0.500691143186166     
  0.449740616767084     
  0.452581015232177     
  0.496702373344863     
  0.521710293975028     
  0.557242028326146     
  0.490122751368542     
  0.515289263789450     
  0.512412723210978     
  0.456321982639068     
  0.540070802036521     
  0.560804559223532     
  0.506607246209440     
  0.516979309603178     
  0.465004116544772     
  0.471604956449051     
  0.491764205619640     
  0.514359751939939     
  0.516914658838919     
  0.501419500431528     
  0.478600263103022     
  0.545134026173763     
  0.494203082769447     
  0.491461449813358     
  0.491725971515379     
  0.469547182255397     
  0.439610922486217     
  0.502850231346078     
  0.487748729700685     
  0.501923462715077     
  0.488409919628306     
  0.548222557857851     
  0.530413939708476     
  0.477543154831874     
  0.563312820983344     
  0.511732279877796     
  0.427684169731487     
  0.504663822845450     
  0.545774495016744     
  0.569852604516832     
  0.460525351593643     
  0.433405805272087     
  0.470217247318821     
  0.515678805982901     
  0.518481506223809     
  0.543911411437852     
  0.497230734795565     
  0.519544396476736     
  0.488406467111098     
  0.502210764411922     
  0.532035910379686     
  0.503259931823545     
  0.508317545934650     
  0.536627173611230     
  0.509377868225926     
  0.493237693605273     
  0.542005328305279     
  0.461054341952926     
  0.495250196096679     
  0.562236431896944     
  0.521669464313632     
  0.503454181127081     
  0.444147043938138     
  0.483088248519159     
  0.503782852983235     
  0.519680307945210     
  0.518816619970240     
  0.505873793425352     
  0.543725367873125     
  0.506490384945747     
  0.464653603010034     
  0.538497712707860     
  0.490487081022111     
  0.453798270467350     
  0.533581062255420     
  0.571149740238502     
  0.533833873152156     
  0.469080660303604     
  0.493123248148081     
  0.523393796610492     
  0.488696292548018     
  0.503231514180530     
  0.477916140841396     
  0.477200964684469     
  0.434386680790971     
  0.472062679373335     
  0.469503943514757     
  0.529348521596183     
  0.472599973111957     
  0.545157237673165     
  0.569613736850129     
  0.498620625851569     
  0.516740814317700     
  0.519329562999826     
  0.508399302519954     
  0.603438434321357     
  0.488323511329407     
  0.494158384124153     
  0.523347053064096     
  0.457592934412415     
  0.434744436582273     
  0.503298911755757     
  0.483146991433969     
  0.509449899947124     
  0.500823015029611     
  0.498670537925843     
  0.487663924531351     
  0.460204235951706     
  0.500809871997767     
  0.521623082102272     
  0.517053495171878     
  0.535431340119882     
  0.529156231973032     
  0.473570698592712     
  0.501556684025661     
  0.478071696848647     
  0.565907150018800     
  0.492537689451943     
  0.462524201388976     
  0.509827411170384     
  0.494996188736074     
  0.479534948576188     
  0.468687581523631     
  0.505997317880004     
  0.545566424883696     
  0.458889600955339     
  0.487188829995203     
  0.530277583263179     
  0.490674411645355     
  0.460830702503752     
  0.482037303071815     
  0.501159708569883     
  0.480832414328730     
  0.482015940856527     
  0.560461583456626     
  0.549325974721575     
  0.475655428972913     
  0.480202221705066     
  0.555738836649912     
  0.523166720845089     
  0.476156063943473     
  0.503601235043243     
  0.528210895798652     
  0.524275647191783     
  0.446291028928515     
  0.479619316253606     
  0.542779034730620     
  0.520044303707807     
  0.507676647890459     
  0.486748304731596     
  0.518428267481413     
  0.484244638644981     
  0.508054833678516     
  0.496346143553391     
  0.514836903114720     
  0.470586536167011     
  0.476359855572609     
  0.519892391208409     
  0.452894032758821     
  0.471519863135062     
  0.500452593359183     
  0.464621646193843     
  0.557693808252796     
  0.566160356273628     
  0.451535702018752     
  0.524411711692254     
  0.435461555867757     
  0.472135899375813     
  0.480259680848567     
  0.484828438562307     
  0.451886901023042     
  0.533450250364077     
  0.458741223724993     
  0.541504455751695     
  0.502274178770722     
  0.483640873154870     
  0.505865805739445     
  0.489898289965973     
  0.529163810294566     
  0.470262114507541     
  0.460359501457061     
  0.508581030341075     
  0.518177207756837     
  0.442277677925127     
  0.466238023468689     
  0.501130926580153     
  0.463757132251325     
  0.466188098953525     
  0.510798348127648     
  0.519336459327314     
  0.536462485927531     
  0.475138205840356     
  0.585406657483367     
  0.504720383810795     
  0.471596907444302     
  0.542260184226854     
  0.524135389696058     
  0.471979892645146     
  0.518968673804112     
  0.458100154953834     
  0.465522173044397     
  0.547730300198060     
  0.504307580140007     
  0.500417157300548     
  0.402530712471843     
  0.516777426264457     
  0.540888522293181     
  0.523597663374908     
  0.500434979234702     
  0.565506832778325     
  0.484776379565016     
  0.508655582488997     
  0.448789645926332     
  0.476867171982171     
  0.509695151979887     
  0.432275070394080     
  0.415788829469831     
  0.502534291191515     
  0.469612527201555     
  0.458768878004464     
  0.479525568703554     
  0.504895519823141     
  0.523770126336269     
  0.489918062409295     
  0.584322873233486     
  0.482412686163357     
  0.548287526829547     
  0.498720771394191     
  0.545383053186751     
  0.512485162172126     
  0.500978976472405     
  0.474276364794189     
  0.494019835387599     
  0.548105715830894     
  0.496263283169647     
  0.510353883123864     
  0.487673988056288     
  0.504048845503421     
  0.513598911557174     
  0.520546944684108     
  0.493723318398320     
  0.544650497467922     
  0.493906217832878     
  0.535737096809750     
  0.500200303936513     
  0.530381644048597     
  0.481824003049200     
  0.548652929166469     
  0.528509902315827     
  0.509763698652008     
  0.503259224972059     
  0.481698132499812     
  0.525262864538447     
  0.504795936155980     
  0.521410583370969     
  0.537369288403108     
  0.495793200991386     
  0.497883561467355     
  0.526525639349828     
  0.512351044430415     
  0.476591567944358     
  0.509245765271490     
  0.514305697497547     
  0.456084646025005     
  0.464322804628834     
  0.545557226031289     
  0.477363815198422     
  0.502025892943592     
  0.533419378401886     
  0.448237275344716     
  0.530458211257297     
  0.511774880025231     
  0.479050354989693     
  0.484751733354580     
  0.439418655589678     
  0.513197783534904     
  0.508294815234663     
  0.506928610685084     
  0.513408512132757     
  0.510159231858183     
  0.506037279890473     
  0.455118255644101     
  0.513045646401159     
  0.488191336439835     
  0.510515604878047     
  0.475518846113518     
  0.518873138006624     
  0.466066995119680     
  0.539980872720346     
  0.481434380245803     
  0.528194227415156     
  0.478612480924420     
  0.499517077967613     
  0.529096487766098     
  0.480436151105840     
  0.510473565002757     
  0.581662444633335     
  0.477455471973098     
  0.507984970302156     
  0.555048746669174     
  0.451904548228446     
  0.458141476725852     
  0.498732971691256     
  0.581708482821184     
  0.526254180062389     
  0.501229194530148     
  0.459433058846912     
  0.466498532727430     
  0.494413973368836     
  0.480955801357711     
  0.451688901365085     
  0.469415482734910     
  0.260026446055567     
  0.292694043324533     
  0.239050267422956     
  0.246850994306724     
  0.229597513957331     
  0.283032514477345     
  0.235783774933600     
  0.234368109153881     
  0.282431991758824     
  0.308857180131531     
  0.229909494722681     
  0.268491903440367     
  0.276552315598748     
  0.321320379143127     
  0.290214328885066     
  0.243835139796565     
  0.230310422407073     
  0.231461820002075     
  0.235201727045018     
  0.212949250387653     
  0.277685497306949     
  0.252176673981604     
  0.253148460448243     
  0.225798911979321     
  0.236616522085453     
  0.238487423384088     
  0.224233968154929     
  0.245528059249679     
  0.272695540630385     
  0.231894648796409     
  0.239192572748884     
  0.269350193771432     
  0.212480659654344     
  0.198978956578058     
  0.248231253254981     
  0.258048216762731     
  0.267409457273465     
  0.290111498441273     
  0.250926422287411     
  0.232820026575397     
  0.235059773136555     
  0.218705650115703     
  0.241323339894591     
  0.221915188025123     
  0.281177331527116     
  0.265851820565930     
  0.254150677635533     
  0.268718670134676     
  0.278511693851161     
  0.262855437469999     
  0.235090101876066     
  0.243851125368833     
  0.251605344169112     
  0.244160935106881     
  0.250425376768328     
  0.264003442466362     
  0.267630665309933     
  0.273755091032281     
  0.280851063818519     
  0.242928880655751     
  0.242859479419294     
  0.256751688418082     
  0.235831563895812     
  0.217416999155380     
  0.212962562215710     
  0.256272564961156     
  0.254452820801897     
  0.212449049567836     
  0.206045456257075     
  0.208724519308535     
  0.261558811876410     
  0.266850039119467     
  0.292539583578827     
  0.248289834451086     
  0.220900870264733     
  0.237804984808499     
  0.250300458721168     
  0.251826825461989     
  0.238180777551100     
  0.253802674428502     
  0.247217349140235     
  0.264356141514432     
  0.263095449985150     
  0.242086044501904     
  0.252512191622918     
  0.272014374452277     
  0.236732609191771     
  0.252646240069724     
  0.243118268769384     
  0.287541927263244     
  0.230132047600787     
  0.221764497028268     
  0.284470679729034     
  0.250309032813878     
  0.237764791769105     
  0.247935517184489     
  0.238585727365370     
  0.266029843818600     
  0.265439325606382     
  0.225941448979152     
  0.247742641535963     
  0.278584971337045     
  0.235656977832222     
  0.277997656756480     
  0.262703631653224     
  0.273533522255636     
  0.249179036605019     
  0.229608528642270     
  0.232084749679050     
  0.226280808650740     
  0.240226072149625     
  0.249393985675314     
  0.241094468811691     
  0.244722756876844     
  0.272345548081543     
  0.259923418848886     
  0.322496499235610     
  0.228921805383693     
  0.241096738414479     
  0.250888646750649     
  0.272959214304645     
  0.208254146832196     
  0.239492154456377     
  0.258866477798296     
  0.208380151288771     
  0.230736743742707     
  0.276061231225985     
  0.264573092082050     
  0.226293712033369     
  0.270692649335691     
  0.271672407413790     
  0.252523807874028     
  0.261479707199967     
  0.251035698455708     
  0.231380735349759     
  0.223227541232431     
  0.253650921177874     
  0.300129017459573     
  0.248999852507681     
  0.229620591508354     
  0.232363373206689     
  0.237344210799914     
  0.249015434308488     
  0.261604299036243     
  0.269932925556803     
  0.247665327922144     
  0.254857348025119     
  0.258024308604902     
  0.268672224230011     
  0.277631336191702     
  0.269308643572878     
  0.228914036188430     
  0.232535792767145     
  0.237076800730177     
  0.236835085265097     
  0.251991599984678     
  0.230694931978978     
  0.302564917706481     
  0.284635735937337     
  0.256693772228047     
  0.214469186715017     
  0.262172998849400     
  0.208400296261437     
  0.256578237035214     
  0.246337006737179     
  0.229591869604764     
  0.281843755422273     
  0.249079499885914     
  0.312842965821763     
  0.285747663387596     
  0.286002431918970     
  0.263392537079813     
  0.218945265555572     
  0.225658146756666     
  0.236039272475434     
  0.238906823641083     
  0.217268909200936     
  0.279316663991537     
  0.261126469957462     
  0.286940546770157     
  0.228664488438323     
  0.273014323535722     
  0.286151147719681     
  0.273973088394868     
  0.272133390997314     
  0.233691353008877     
  0.233022827382998     
  0.228481173882125     
  0.234496819579236     
  0.251894414552488     
  0.262632014160424     
  0.217299203994490     
  0.251193043170887     
  0.245050090590417     
  0.256466935217597     
  0.239904533970088     
  0.271586989679384     
  0.258054200753524     
  0.274163618440713     
  0.254886786895819     
  0.239923438165937     
  0.248440418456137     
  0.222952823882427     
  0.258539218415273     
  0.251774159062850     
  0.251831474502838     
  0.291533616292833     
  0.238534740835644     
  0.248237141955024     
  0.267130701659883     
  0.218760758793601     
  0.282170263283993     
  0.263054862476709     
  0.244176899407689     
  0.215882732287629     
  0.271579714437689     
  0.245889858911936     
  0.278680976806835     
  0.284588293340152     
  0.270098457891931     
  0.221447835812213     
  0.255264530226015     
  0.256955639566146     
  0.260524919196821     
  0.262223093496374     
  0.249597311499537     
  0.347521369326421     
  0.236792720280940     
  0.230103616591269     
  0.293463705083239     
  0.241469415876562     
  0.220195368808508     
  0.244063265844650     
  0.239448574416280     
  0.277870615465088     
  0.236227225671497     
  0.248324401771993     
  0.273794588208515     
  0.258306810608699     
  0.264048677735633     
  0.269194183664905     
  0.263401953562358     
  0.283503537135471     
  0.269240617971209     
  0.220640397842824     
  0.280025082202687     
  0.286125440211373     
  0.266460461698950     
  0.277525364513853     
  0.214249017356969     
  0.228217812758535     
  0.253726525381961     
  0.205114758738100     
  0.219587321141047     
  0.273998906719892     
  0.265697640333842     
  0.245738262594383     
  0.303475091874783     
  0.245230180115012     
  0.227427056132130     
  0.266682028922827     
  0.238396082685956     
  0.228426830194839     
  0.306156318696594     
  0.254300891945939     
  0.221279975571129     
  0.236597517077703     
  0.235814940542059     
  0.256971849862298     
  0.271397061609030     
  0.216473274493682     
  0.260247294717749     
  0.261108237784083     
  0.240085745746714     
  0.260080965223199     
  0.268995783592255     
  0.262590845508486     
  0.282800441304078     
  0.242221985259291     
  0.267519866500291     
  0.248963572560918     
  0.243341980503419     
  0.241716279990890     
  0.237250239065185     
  0.212880715341910     
  0.267449586671897     
  0.256174498045501     
  0.260795542309902     
  0.237722829258959     
  0.225338658340352     
  0.250525705197608     
  0.240082237058614     
  0.266714958180060     
  0.276631502845998     
  0.261205813045857     
  0.240634020442952     
  0.279016878060810     
  0.217579319432401     
  0.232816325695493     
  0.266996883285795     
  0.216105308410533     
  0.233313998531912     
  0.244625601595580     
  0.247890056949637     
  0.251183807197394     
  0.230419729210365     
  0.300788232389289     
  0.270467682229507     
  0.256853489479269     
  0.289674990431317     
  0.207145166967319     
  0.233765094769868     
  0.283500525021251     
  0.210204515675058     
  0.283632489956972     
  0.269682635574227     
  0.315948189092866     
  0.300105489498174     
  0.224795347931060     
  0.276906617014029     
  0.216759707244547     
  0.279858901859838     
  0.250891317593986     
  0.269817237506083     
  0.287916419782186     
  0.249563775952504     
  0.271796542215687     
  0.267695993925204     
  0.260255344189173     
  0.285515636425649     
  0.286970823015792     
  0.279110980802275     
  0.218938794111583     
  0.262444989415116     
  0.226587724103824     
  0.244571514868008     
  0.309413302209648     
  0.245267748112175     
  0.258290473955948     
  0.288323255683749     
  0.286418831021821     
  0.254272952155511     
  0.256981944557540     
  0.276651141264866     
  0.216679481386448     
  0.257057934447296     
  0.277997075527297     
  0.234403483353825     
  0.274221353644133     
  0.224105890830352     
  0.260063779254896     
  0.199582150286219     
  0.259732786166764     
  0.236564644077172     
  0.274237615856647     
  0.254504618111028     
  0.236002264222596     
  0.259664605889173     
  0.261015194811680     
  0.279486186120224     
  0.261971311072153     
  0.328180357000102     
  0.311165935199599     
  0.233775606249890     
  0.203831159505538     
  0.248420890298107     
  0.211245690646585     
  0.236775258147555     
  0.257254045610146     
  0.192324390440797     
  0.242266546971690     
  0.180724197944514     
  0.268432802136215     
  0.247543455491460     
  0.236745663552678     
  0.234835642794393     
  0.253111726715846     
  0.255591049189248     
  0.251910225173349     
  0.275378330878788     
  0.258456831245510     
  0.250106475901819     
  0.266386736416744     
  0.219184960303555     
  0.257973019957231     
  0.216175788166242     
  0.244584615937622     
  0.247814270621468     
  0.223455967996010     
  0.258292282190086     
  0.224785771482444     
  0.217395087066472     
  0.212780564178175     
  0.259046836054241     
  0.195203091794259     
  0.264385893643415     
  0.245620588617365     
  0.256580985408852     
  0.209177731127335     
  0.247244046811193     
  0.262027791216688     
  0.292341216789321     
  0.217698652052241     
  0.233510138014545     
  0.212030360592314     
  0.207053259336802     
  0.260274820701424     
  0.211602189715966     
  0.294639698033595     
  0.269993369910928     
  0.242634941113291     
  0.278990800239996     
  0.244986192739317     
  0.237681135170157     
  0.250781751176792     
  0.289293472612080     
  0.242806140797490     
  0.276338064081540     
  0.243484906837550     
  0.266565286574326     
  0.259697960456593     
  0.196046642394527     
  0.193060865045879     
  0.246199152641743     
  0.246035191489160     
  0.208303075614776     
  0.241019931301513     
  0.252866406034573     
  0.236760080535819     
  0.262627247164239     
  0.237198103758145     
  0.225394246726916     
  0.253062588584431     
  0.278604047651878     
  0.214619979959115     
  0.233726332170279     
  0.248204550795583     
  0.288656377315163     
  0.263684422820437     
  0.236485507170114     
  0.221573781360417     
  0.270911923837247     
  0.246457856784263     
  0.227030570381851     
  0.285247601942478     
  0.267731136863961     
  0.227438341470122     
  0.190102650671253     
  0.242477321608455     
  0.242334961295358     
  0.262075124349792     
  0.270447434838269     
  0.230367974233038     
  0.264637680979335     
  0.254527395660825     
  0.241536636016634     
  0.264130539101050     
  0.212387399487156     
  0.231828150700712     
  0.267918788936468     
  0.231571474293216     
  0.247137970149836     
  0.279101887455320     
  0.214851398440024     
  0.260219420219712     
  0.259593964316459     
  0.270390604672635     
  0.239981624348067     
  0.276198463036775     
  0.271491295591621     
  0.267087426161200     
  0.267912736043106     
  0.201690002195786     
  0.260942192236336     
  0.189340954855721     
  0.247461910856026     
  0.210046472619493     
  0.234832570510796     
  0.283508290507545     
  0.242514731012086     
  0.255415117209271     
  0.253250319709316     
  0.219396565318598     
  0.289613115680008     
  0.276789876941336     
  0.207506709757187     
  0.257608924954623     
  0.267433854323952     
  0.243620562882928     
  0.279670583198931     
  0.265590101982510     
  0.217997853358439     
  0.236783426910813     
  0.320448381178624     
  0.294362135040438     
  0.227097534914896     
  0.249391742097803     
  0.252839319042753     
  0.264517619339568     
  0.275904791322246     
  0.245705417384024     
  0.236717549287574     
  0.220706961657857     
  0.280939568903978     
  0.205477892534866     
  0.222029414651312     
  0.261098566621840     
  0.258900380905910     
  0.284757593478043     
  0.219841890996584     
  0.232741148364094     
  0.293377351307004     
  0.236802737044510     
  0.259443554212194     
  0.251183378532325     
  0.286484907843882     
  0.217747506837476     
  0.221956738447493     
  0.247697843262017     
  0.240758579181504     
  0.256369402244388     
  0.282498769615387     
  0.238833345109612     
  0.296366023937929     
  0.247944804256472     
  0.212359759415357     
  0.240590373543228     
  0.214238469233295     
  0.274320989408570     
  0.218311882454691     
  0.229602801241280     
  0.243442521490218     
  0.215213770845600     
  0.213337438450871     
  0.252855439009700     
  0.258112129315813     
  0.268558969820835     
  0.213861424137873     
  0.281748504148673     
  0.267158887678051     
  0.192555178082659     
  0.331216523882458     
  0.230453431430012     
  0.253275552238314     
  0.241167055436883     
  0.257484634287279     
  0.255431663433859     
  0.296672899296300     
  0.238684451114122     
  0.237734097596480     
  0.309323861234387     
  0.227847325509477     
  0.215181757010841     
  0.232255837477841     
  0.250739794438916     
  0.238486053584516     
  0.213374039534256     
  0.227573753773117     
  0.225417173400148     
  0.275278357774962     
  0.267444521117621     
  0.267726618306126     
  0.273466333094732     
  0.230873573678822     
  0.254969729010626     
  0.277397601825548     
  0.265261241702652     
  0.279123908303614     
  0.213978461616919     
  0.215828148572759     
  0.262336285455032     
  0.251778364669153     
  0.236474439269760     
  0.252578610906341     
  0.266082281022911     
  0.288706014670706     
  0.284564103243703     
  0.231385719566923     
  0.244091586814769     
  0.241057841075908     
  0.278442037472562     
  0.202347226223989     
  0.258545972348688     
  0.236931810938140     
  0.270010723601213     
  0.256041555696754     
  0.219418750547367     
  0.257290427969822     
  0.229929637889583     
  0.247727853787226     
  0.297949670535362     
  0.232485450521192     
  0.261660077028622     
  0.256296344550578     
  0.271213969291352     
  0.247458647404248     
  0.261969959646353     
  0.260906996040125     
  0.244921937109668     
  0.244482307033394     
  0.230547285462648     
  0.261598387938638     
  0.311374972887465     
  0.238961131428940     
  0.254233520995153     
  0.219358931673314     
  0.238259077776048     
  0.252440659521370     
  0.256171461007586     
  0.232036783817430     
  0.256429276167382     
  0.208520571559384     
  0.325139818311212     
  0.261028782999843     
  0.254294411013583     
  0.214749924835295     
  0.210135914199659     
  0.250775681463236     
  0.255327537275342     
  0.240153444501062     
  0.284988662306199     
  0.274654286580946     
  0.331712951601018     
  0.254584681621879     
  0.238348170203552     
  0.246786058906484     
  0.204986908655109     
  0.207192294968199     
  0.225093860113976     
  0.227100080874070     
  0.249644610156705     
  0.278692438976077     
  0.292839620476820     
  0.198232636209490     
  0.255019380801887     
  0.224171370075346     
  0.251333964792854     
  0.274053611122148     
  0.287024217211819     
  0.198471869554330     
  0.250792573864965     
  0.267516869067633     
  0.261723431075692     
  0.228348122851782     
  0.302462815438548     
  0.253383122422730     
  0.246233908662878     
  0.288034409844730     
  0.209324248907451     
  0.265121195249140     
  0.245245756929482     
  0.232344536389435     
  0.223509732959149     
  0.193268096161489     
  0.232329684428440     
  0.218274471190085     
  0.247945992706963     
  0.207532245583715     
  0.240034764886919     
  0.288775718115000     
  0.326891639085735     
  0.228232372184926     
  0.242088917502812     
  0.246230179881636     
  0.263345227550995     
  0.254665071939354     
  0.268147711978523     
  0.240314720895252     
  0.222860760077868     
  0.245353761787144     
  0.267338425592566     
  0.250234868305125     
  0.226944132272841     
  0.234898901669125     
  0.239785780017572     
  0.245011485693561     
  0.275664716755508     
  0.244775011700041     
  0.246767294954213     
  0.221331820861767     
  0.248593702361611     
  0.231232115373222     
  0.232618595908460     
  0.272899293735521     
  0.240321976438970     
  0.249306834790246     
  0.247982086310267     
  0.258711868450754     
  0.232145010960167     
  0.254090295172652     
  0.325602048569354     
  0.242491748697545     
  0.223551146340194     
  0.223020124219368     
  0.264544244363753     
  0.259194638313419     
  0.270743872492993     
  0.219452250088182     
  0.244542723966217     
  0.282772955770433     
  0.264109356242818     
  0.345207922542491     
  0.203471031259872     
  0.230186006876685     
  0.259737466197404     
  0.226595612911580     
  0.237810395539241     
  0.231587576066280     
  0.244782377945923     
  0.291127641103093     
  0.262910110382193     
  0.256199839391567     
  0.290569233739867     
  0.235816123353870     
  0.288279269662437     
  0.245019192624343     
  0.225281082911901     
  0.240852481066859     
  0.250412854360028     
  0.232522080754208     
  0.252540750842052     
  0.213136304753080     
  0.239811880220788     
  0.251496070036902     
  0.234526800076795     
  0.253577386097841     
  0.240802752633077     
  0.251450192465885     
  0.251234154826234     
  0.216627907215896     
  0.225347894444131     
  0.282673425776412     
  0.287848823135230     
  0.276588973361499     
  0.234890440599604     
  0.251889159152395     
  0.285317305025664     
  0.267557950007273     
  0.231824375963475     
  0.228264698835207     
  0.257043107590779     
  0.310670653556269     
  0.258589591816154     
  0.305308373364898     
  0.181845342376266     
  0.245407495854641     
  0.273041604241345     
  0.238085439774484     
  0.240673928738874     
  0.254933345864011     
  0.242761916573513     
  0.320875279183018     
  0.228567660186659     
  0.282738021224738     
  0.242514162582737     
  0.273684063033897     
  0.192851280789565     
  0.209498200739377     
  0.230701288922139     
  0.234451047979563     
  0.288607794652146     
  0.235665352963735     
  0.206553618751442     
  0.189573623888503     
  0.199103447153374     
  0.268954526096297     
  0.264355043284489     
  0.258976983145627     
  0.303909452024336     
  0.329334643428040     
  0.296940808662057     
  0.262290799607589     
  0.276302366487338     
  0.226549869334644     
  0.215407843037615     
  0.227337563973234     
  0.255228937871779     
  0.285569084978407     
  0.263822359251292     
  0.217496560917064     
  0.273319521271081     
  0.243345115919728     
  0.245099606869224     
  0.243469813859979     
  0.236700265743453     
  0.253791861120993     
  0.279326933104535     
  0.250122590553073     
  0.240602371828053     
  0.293479194946639     
  0.245673168458686     
  0.257057743503467     
  0.213842885556842     
  0.224561797844681     
  0.273705827793906     
  0.232856510698254     
  0.245650077321624     
  0.232183289816720     
  0.306058029033200     
  0.238777111771218     
  0.249341558449486     
  0.270495910391379     
  0.241489695533262     
  0.265047138418147     
  0.223853398067062     
  0.276323259906699     
  0.214559990088604     
  0.277936620840733     
  0.228424480131377     
  0.195514460534840     
  0.266255371169921     
  0.222843389426755     
  0.245954811156110     
  0.244762151055776     
  0.231631848288080     
  0.228164417533760     
  0.228766605082453     
  0.230987225626468     
  0.217558037966355     
  0.222702170445354     
  0.214703141325932     
  0.271011321963306     
  0.242513942554486     
  0.257150960792746     
  0.271941908374006     
  0.222596794761724     
  0.216908399547787     
  0.278613949998606     
  0.251552189399434     
  0.233951877082030     
  0.294843304038594     
  0.278831936817894     
  0.308932371337338     
  0.262963574688933     
  0.231473451539678     
  0.254152583584076     
  0.245765941227517     
  0.226745572334107     
  0.219404108842752     
  0.274309688456454     
  0.292479684833532     
  0.272093846321862     
  0.277401408203643     
  0.256788827439264     
  0.218469340011620     
  0.233163432443608     
  0.205011481232116     
  0.239888677717403     
  0.297787792730441     
  0.233143202577691     
  0.229156909528733     
  0.276467508384391     
  0.265419047850125     
  0.300770183618719     
  0.237017510528372     
  0.245566237463293     
  0.238477879353995     
  0.251827356914625     
  0.265620043372155     
  0.224135317860422     
  0.249938552347916     
  0.262034649407177     
  0.240828384679522     
  0.282125822543366     
  0.261523075594747     
  0.241565462795348     
  0.261821190926117     
  0.247340654881929     
  0.231884948278158     
  0.292886832152505     
  0.211405024935266     
  0.220977746377096     
  0.197122663027672     
  0.217066585955578     
  0.236484476221220     
  0.224810416973442     
  0.228789146395429     
  0.239635158072253     
  0.233782136993520     
  0.241253417248973     
  0.268897315722604     
  0.235829574214263     
  0.247222165515953     
  0.255962665134239     
  0.278595419522817     
  0.232991766160557     
  0.209924277168253     
  0.278548823226007     
  0.237584640516522     
  0.251693232525801     
  0.232749489640687     
  0.247724068996234     
  0.216833557061142     
  0.264766045286137     
  0.194956765378033     
  0.280939643705868     
  0.265572390688304     
  0.240166679648633     
  0.253530326782466     
  0.220540653311302     
  0.227556664472452     
  0.274397175363829     
  0.259618877390377     
  0.244291179363072     
  0.305486103089380     
  0.247576316690215     
  0.240991752329257     
  0.237063389529903     
  0.242630324252799     
  0.217666583880352     
  0.298773477912028     
  0.266847925528421     
  0.236636152408251     
  0.226351847532644     
  0.216013186539072     
  0.232640635327950     
  0.270198693942560     
  0.271149134515668     
  0.275424829636842     
  0.284038638024488     
  0.263108357072311     
  0.232601566636992     
  0.247556090275293     
  0.315489705574598     
  0.206346800100004     
  0.226754189802526     
  0.245126151929424     
  0.262102234646912     
  0.218903078936212     
  0.232624981257477     
  0.184881353429053     
  0.276265977340509     
  0.269939122344348     
  0.248756247842763     
  0.221501610075480     
  0.311158334498717     
  0.284965017642861     
  0.240711974549067     
  0.254136389426414     
  0.246154653733284     
  0.233609866397585     
  0.251638414469726     
  0.278190340412782     
  0.245748900460908     
  0.204367606661160     
  0.281830626866621     
  0.246252192019172     
  0.293773853951446     
  0.252787735300043     
  0.244233752203011     
  0.235522748275960     
  0.270415358114854     
  0.211792024494295     
  0.240880228137479     
  0.271803019954569     
  0.298480467863515     
  0.242398164255064     
  0.222971283698824     
  0.264873299252464     
  0.258933991839107     
  0.260354808034742     
  0.281090818937691     
  0.264819339615643     
  0.242689894748627     
  0.277201948738968     
  0.268494873601354     
  0.237428573195887     
  0.266832624668105     
  0.243469327118087     
  0.238374012112931     
  0.247917544651676     
  0.227052194122199     
  0.247942961786001     
  0.254959076556277     
  0.280379374646119     
  0.242898870868790     
  0.289321161809685     
  0.281868708432195     
  0.255397528820415     
  0.251683261161043     
  0.265339192931133     
  0.230471458654556     
  0.269621705999321     
  0.258568417903162     
  0.219441871346071     
  0.220954851660166     
  0.249279059088277     
  0.214002004718314     
  0.218149210034609     
  0.243019372570491     
  0.322754030803695     
  0.249562466549669     
  0.218392034734438     
  0.260837115615641     
  0.271503589524053     
  0.287888538701482     
  0.232338355262739     
  0.224972340595976     
  0.296251977608475     
  0.230807356616434     
