  0.461197868523431     
  0.524023949921214     
  0.510797003036722     
  0.541667859268658     
  0.563699039240889     
  0.494672274975111     
  0.418156383601153     
  0.448092567337948     
  0.508930413471051     
  0.453491341166611     
  0.473924797784828     
  0.556616597336134     
  0.490720370196600     
  0.470549555941868     
  0.501081643513228     
  0.489712184409234     
  0.491419176078675     
  0.535837714635687     
  0.515365720264775     
  0.495121813401325     
  0.533899330913153     
  0.553128615358060     
  0.514593406247439     
  0.513779190834324     
  0.543048443825027     
  0.437909078159802     
  0.536004249439150     
  0.534935793306824     
  0.479499715994832     
  0.555199525998394     
  0.516004102032286     
  0.464729800728208     
  0.546925119561307     
  0.547497460056236     
  0.572406353064514     
  0.576674232622891     
  0.562256648171417     
  0.477097559319172     
  0.527156619886692     
  0.496198587919034     
  0.441775486016240     
  0.551104978002735     
  0.511576093690249     
  0.476265328943615     
  0.516100441118735     
  0.466691826082983     
  0.480855502736223     
  0.534450230279297     
  0.535717155141341     
  0.476681461062169     
  0.485955004689434     
  0.520340722777835     
  0.506443812843720     
  0.511501826787787     
  0.527161516300010     
  0.440840595823610     
  0.515549043151126     
  0.506706028193212     
  0.571478866195471     
  0.496275062010309     
  0.456587495556481     
  0.570070343730493     
  0.505701407615506     
  0.450946038191128     
  0.493293219894686     
  0.499612031426041     
  0.468963699333405     
  0.452197567715396     
  0.437887723460579     
  0.517596648707669     
  0.499297113632388     
  0.560888988959927     
  0.512703655024842     
  0.533936984019006     
  0.539103102038038     
  0.488293840303829     
  0.487131814929554     
  0.467561565442074     
  0.475438991353382     
  0.574127684956880     
  0.537508115195582     
  0.523904478830518     
  0.529717735245519     
  0.433949466870848     
  0.478903394643247     
  0.491455707638085     
  0.586587669065537     
  0.512706797247693     
  0.472648171023728     
  0.476576760037383     
  0.458215479631908     
  0.527134726095562     
  0.538390760823558     
  0.467677133237246     
  0.544153905016180     
  0.503279943995044     
  0.510949630128344     
  0.462602798770498     
  0.529847212977245     
  0.518518232646224     
  0.493164331082391     
  0.468704120283397     
  0.459034421681891     
  0.469556879943587     
  0.483641721035682     
  0.561542575304028     
  0.497571316557088     
  0.466653902432015     
  0.475404633715983     
  0.465749345536425     
  0.424064408635043     
  0.443484136209895     
  0.518875716687216     
  0.450693519999582     
  0.580568580768931     
  0.441119819208433     
  0.415145755897633     
  0.464118105580833     
  0.424851076525794     
  0.510581340073814     
  0.483501500276273     
  0.556328770485112     
  0.473076024709214     
  0.489559419654009     
  0.474267277017302     
  0.494913149384710     
  0.472272111389770     
  0.510315756192445     
  0.460314025762882     
  0.531442630587610     
  0.513038548447540     
  0.517490139541447     
  0.464598345727938     
  0.508145253835746     
  0.464647939270047     
  0.535192991692809     
  0.570073167938561     
  0.484745434285680     
  0.505392084679365     
  0.477025302735213     
  0.534221641828729     
  0.483098586554667     
  0.509808539890901     
  0.475592164101555     
  0.548926649809117     
  0.537644504337511     
  0.514651463973085     
  0.473586782397108     
  0.504858072096756     
  0.489784990072940     
  0.493096134745695     
  0.537894299750922     
  0.470694874182905     
  0.473279269532810     
  0.471243568167549     
  0.504165092178136     
  0.546218494444655     
  0.521712611682115     
  0.416040888005982     
  0.522288314890255     
  0.507825011219879     
  0.492037545488648     
  0.470659791928949     
  0.487827027690896     
  0.513012428751352     
  0.473020489786575     
  0.465618708623868     
  0.503783463694499     
  0.508595553908707     
  0.506456858147258     
  0.441100391201566     
  0.524977679786895     
  0.512380787121391     
  0.471326351694674     
  0.474858426092436     
  0.491973949790814     
  0.513027615407266     
  0.499506497582991     
  0.506458054171483     
  0.521849138553929     
  0.445603186980912     
  0.504829408760773     
  0.479573777247171     
  0.484517421530616     
  0.582924956262323     
  0.524904098291418     
  0.457805013891072     
  0.497775078457458     
  0.449492611797428     
  0.542845304896409     
  0.479906336555006     
  0.512864431116232     
  0.561312641780090     
  0.521276771113344     
  0.537565112377202     
  0.500688329085352     
  0.483252159025638     
  0.553631796577951     
  0.491589360306953     
  0.448365212115370     
  0.458377444351565     
  0.474187481861818     
  0.501108603467225     
  0.496456490513460     
  0.446923710886044     
  0.501434806621663     
  0.542329608781369     
  0.560596786890807     
  0.531159406418284     
  0.507529550071754     
  0.505650974764808     
  0.502707482942861     
  0.464179374852242     
  0.506582727984295     
  0.494924109688314     
  0.418966964903627     
  0.495678460572992     
  0.487975190808738     
  0.526628253318500     
  0.490988684521098     
  0.529742026855306     
  0.490365334868682     
  0.536837261252396     
  0.510934935971628     
  0.473673287396620     
  0.537718153199511     
  0.459899504271071     
  0.461090853595046     
  0.477863763247486     
  0.481144969071685     
  0.550577287144364     
  0.477863920664598     
  0.547419237120632     
  0.480800095751721     
  0.489048969114203     
  0.444570062481278     
  0.533698405477600     
  0.475285902701461     
  0.523417477793370     
  0.460324019166258     
  0.481428081514138     
  0.449473399171611     
  0.548978388041525     
  0.497795766610623     
  0.437662125540964     
  0.482795674464002     
  0.482211156276968     
  0.488132980400619     
  0.425612212037358     
  0.523305213563497     
  0.550431967249721     
  0.454827651808237     
  0.509354904047928     
  0.504103001950431     
  0.456261618990057     
  0.548894549323605     
  0.456343393545156     
  0.505900587979466     
  0.527451784136510     
  0.499269634468228     
  0.459287358401915     
  0.453300867060124     
  0.512643178797082     
  0.532607650298554     
  0.446644164117486     
  0.539240135340287     
  0.512313195502600     
  0.477629631805787     
  0.499302791709356     
  0.533614777805972     
  0.508289919268509     
  0.533595386574916     
  0.589289761044959     
  0.466488767316950     
  0.474042604223661     
  0.451924865018393     
  0.495676274281286     
  0.504826378819085     
  0.482385773609264     
  0.499002242560458     
  0.496675920740483     
  0.515771041671248     
  0.465483459327332     
  0.494708771625553     
  0.499114762704165     
  0.509678833354999     
  0.455018395236080     
  0.484571762226540     
  0.529801946876172     
  0.571355288901916     
  0.512756799799836     
  0.508045843393079     
  0.467813575258982     
  0.442368668647974     
  0.500283404013519     
  0.568926533480136     
  0.541484911408623     
  0.527149598333735     
  0.534018099590461     
  0.494107419981877     
  0.555083615373953     
  0.520735327899224     
  0.476743288010549     
  0.484329953871835     
  0.552597448424731     
  0.534570671044349     
  0.516820798172083     
  0.524262780698177     
  0.502608545358998     
  0.520293168193240     
  0.512428679595065     
  0.571211058840031     
  0.477404794182619     
  0.500172664388491     
  0.523068991900456     
  0.500866634529853     
  0.541965360720695     
  0.526042918583470     
  0.520082573895981     
  0.509509800732181     
  0.511744805161996     
  0.474330946601308     
  0.461833603024225     
  0.472476642264806     
  0.521651209706032     
  0.454768140268257     
  0.503804932051191     
  0.547078488075255     
  0.466800987969204     
  0.538059057381990     
  0.509141721753760     
  0.506169744726173     
  0.503723378592274     
  0.546768898127221     
  0.474029032370046     
  0.454248470353978     
  0.452130656959399     
  0.476628039131403     
  0.461523786152386     
  0.501599286294810     
  0.550450172686702     
  0.513083667307711     
  0.559353488155964     
  0.495157004221632     
  0.459711767977638     
  0.482515085527909     
  0.528656375610581     
  0.537224556720366     
  0.485788041122600     
  0.527539172051935     
  0.519176995176843     
  0.551894853953904     
  0.509058582488523     
  0.537233600315187     
  0.483667497499016     
  0.500660953633041     
  0.529771511151852     
  0.555626351555434     
  0.559900847464056     
  0.459284184818921     
  0.506759207324317     
  0.483638898609441     
  0.439013871175320     
  0.478475243994903     
  0.495650546502282     
  0.528625493959983     
  0.501641106097491     
  0.448672614536381     
  0.442205499439470     
  0.481215311195449     
  0.488325958881891     
  0.531724015628787     
  0.496148474925926     
  0.514558427864014     
  0.469435610930099     
  0.486942547109338     
  0.502163372795043     
  0.479267494018426     
  0.524787280429109     
  0.442099692627787     
  0.446925479410488     
  0.514184033660367     
  0.544047481350436     
  0.527128125586661     
  0.528557711325117     
  0.494250413678906     
  0.470973637444057     
  0.524828813581428     
  0.523526672196196     
  0.523380449290436     
  0.456529380837126     
  0.461570171597116     
  0.530668333243370     
  0.562832891336527     
  0.479824703099334     
  0.487138241361181     
  0.542409168506348     
  0.492808648749966     
  0.541362702388177     
  0.507271556592640     
  0.473748038286549     
  0.525200011593685     
  0.510519347662713     
  0.541278979003843     
  0.454968239290159     
  0.526827924958678     
  0.554774017734191     
  0.522232591052613     
  0.509465863643398     
  0.455742456857098     
  0.422008616124441     
  0.524482055495109     
  0.471158338525391     
  0.515265946336821     
  0.510715591065156     
  0.528959916208316     
  0.514101731277749     
  0.507734868145525     
  0.483747920959759     
  0.521472845622689     
  0.568779584480581     
  0.449868863977157     
  0.558116233293388     
  0.530981217472835     
  0.568716690872613     
  0.560776735311644     
  0.599223001971047     
  0.484275242439139     
  0.508329590567457     
  0.488618651194565     
  0.464543803321999     
  0.487837905498799     
  0.527310124415496     
  0.560358102655094     
  0.512417852394525     
  0.522304105492290     
  0.466760815541869     
  0.508377846286852     
  0.514303824371297     
  0.547630629551862     
  0.538213673128268     
  0.458816749566802     
  0.536015186686149     
  0.477680413792826     
  0.527101666824873     
  0.515912150580846     
  0.484443432789414     
  0.519752553184782     
  0.504146663600897     
  0.456236237003874     
  0.518428830104621     
  0.515292844982438     
  0.519039071148027     
  0.500370176505197     
  0.550822571479842     
  0.483090349351621     
  0.447332232007504     
  0.520615891880963     
  0.459513159866179     
  0.489546723505808     
  0.474453079590115     
  0.550147354297462     
  0.495950481048257     
  0.511080066178634     
  0.510892120681345     
  0.493951539373279     
  0.512724841712510     
  0.515158990196903     
  0.490536680855987     
  0.465483908100102     
  0.525996607383279     
  0.516096366039972     
  0.459010453319537     
  0.537941000078532     
  0.612480027579179     
  0.496375204452992     
  0.471679869437285     
  0.548419730764223     
  0.468995708122684     
  0.502922477767386     
  0.495187271443099     
  0.462309921708012     
  0.492533175365368     
  0.461578047744708     
  0.533713421245275     
  0.455439696766457     
  0.486754616598110     
  0.494097678479780     
  0.465545780949778     
  0.513350185549173     
  0.480992302567917     
  0.480123142142031     
  0.560557759786069     
  0.462768902915184     
  0.490225524062158     
  0.449521902166589     
  0.472837720823929     
  0.495131498009355     
  0.453208971156107     
  0.476227900710628     
  0.477589408751441     
  0.454580663857262     
  0.540244392065474     
  0.484486511296408     
  0.501856774062085     
  0.545977245619870     
  0.502735813703696     
  0.510726673876015     
  0.491947614701454     
  0.489890851904668     
  0.474004319750987     
  0.432452904622499     
  0.475124369174246     
  0.466125504650548     
  0.526993868967585     
  0.564123329679449     
  0.517473130709837     
  0.467064831688668     
  0.526391935259571     
  0.585079225828489     
  0.491718839985783     
  0.454812607031366     
  0.478722684503325     
  0.466635943916937     
  0.605432520388497     
  0.516237866035752     
  0.506918782514076     
  0.500855363628707     
  0.545278040174836     
  0.472360692685313     
  0.545210562369939     
  0.513073460683020     
  0.480817498934918     
  0.541837206930392     
  0.484933105410979     
  0.490984311126684     
  0.532167763522033     
  0.537431513485138     
  0.480755788931592     
  0.538819468643911     
  0.502350962864418     
  0.483018062021536     
  0.471291878703244     
  0.495613143364773     
  0.479178365070003     
  0.449954941949734     
  0.519129442266838     
  0.518451735925229     
  0.485844985139950     
  0.519231785063507     
  0.506377877562796     
  0.504417241161876     
  0.498881468328802     
  0.449101310919956     
  0.504361875702670     
  0.518495012852538     
  0.490623320414165     
  0.497434453955326     
  0.488680194720983     
  0.566309434768451     
  0.529322682265565     
  0.460805140288839     
  0.494550243727090     
  0.489990610096631     
  0.487470772574283     
  0.518834524451818     
  0.507591293030117     
  0.523548665641091     
  0.516193127757451     
  0.499667060659261     
  0.485311549522843     
  0.570826102789590     
  0.540866215050184     
  0.489707984325556     
  0.541306006895933     
  0.441408453064044     
  0.543748125240164     
  0.472688830228442     
  0.445933929056425     
  0.517943498719352     
  0.482442641060608     
  0.511661878892031     
  0.534054396686563     
  0.521742110445082     
  0.516548830416275     
  0.514033719720283     
  0.481771400688773     
  0.473929459536423     
  0.529882655505856     
  0.525532251382827     
  0.444486743168362     
  0.462956764814334     
  0.494788459434556     
  0.503002760495099     
  0.595167260925460     
  0.538683238666235     
  0.491148217549630     
  0.474637469819248     
  0.516313055702556     
  0.522735934578860     
  0.488706571715645     
  0.483406902236875     
  0.499930249776819     
  0.474276914563486     
  0.474082925507487     
  0.469551560711053     
  0.565144143040799     
  0.497925043028458     
  0.502773203225041     
  0.527259752487837     
  0.544578549327576     
  0.468800972466100     
  0.567190711856215     
  0.553127225436358     
  0.466313313819418     
  0.485261100767618     
  0.452248096916475     
  0.491754858973546     
  0.502463260829814     
  0.519923440638129     
  0.473634423275942     
  0.542722781719187     
  0.480378534813661     
  0.512366782171961     
  0.445066877032298     
  0.537438181595297     
  0.484761790110055     
  0.549865032294872     
  0.530713346043191     
  0.498516736423973     
  0.470753534071742     
  0.455345420898602     
  0.472488837546326     
  0.475170539076532     
  0.525554060626471     
  0.493708307285220     
  0.553670924734620     
  0.455224380505319     
  0.483851251575317     
  0.466441696597066     
  0.501611263350919     
  0.566850428930672     
  0.436927874132472     
  0.462322259983474     
  0.462585325858483     
  0.466434583037142     
  0.516746870269844     
  0.427154781666415     
  0.477039293133305     
  0.530463134285651     
  0.534438053046700     
  0.543004114919937     
  0.495187679619688     
  0.486001054838018     
  0.519346411895022     
  0.474847961769162     
  0.505755907651417     
  0.525079522481386     
  0.458176332767262     
  0.509532448340480     
  0.465036528347420     
  0.483535974203064     
  0.524148580694123     
  0.429826455638412     
  0.497885153297179     
  0.482807963906081     
  0.515714812768118     
  0.477836463009450     
  0.501760878966181     
  0.475675572044096     
  0.480624500456915     
  0.506827337400477     
  0.509237517695866     
  0.455514644370325     
  0.480678915619265     
  0.528274975147309     
  0.384013293258038     
  0.498164279152593     
  0.567780115453044     
  0.512585234327071     
  0.466894896094946     
  0.501805579902410     
  0.522808195961834     
  0.484797233481649     
  0.534991868315435     
  0.510284823297087     
  0.490745032270621     
  0.475835141115403     
  0.570540424934274     
  0.589495425689566     
  0.522677092405653     
  0.503461801426649     
  0.513762590438800     
  0.509109071715922     
  0.502769405689505     
  0.563960458601507     
  0.530811997144565     
  0.485997198552523     
  0.544396965210505     
  0.514127147762586     
  0.495919730095212     
  0.446628382869049     
  0.551800077916622     
  0.518604581694365     
  0.517226960172643     
  0.518939338225500     
  0.464554079961236     
  0.483633094145328     
  0.494869229175276     
  0.480138533367922     
  0.510027106172150     
  0.510742878236023     
  0.549582145305448     
  0.570668900126591     
  0.484982786289389     
  0.516086029379311     
  0.474499289472423     
  0.460688878034659     
  0.462160034760148     
  0.518085286889775     
  0.507059347226343     
  0.512118241986609     
  0.489863553955116     
  0.557432253962406     
  0.540098455270786     
  0.512201875251726     
  0.570734823854141     
  0.479637160213319     
  0.491689205547879     
  0.498426080321754     
  0.513152232179899     
  0.527176173464984     
  0.503555142597644     
  0.507934294397573     
  0.537166818637557     
  0.514984692179796     
  0.436502594798467     
  0.485802036705383     
  0.531073848566091     
  0.550556528862048     
  0.445541580928874     
  0.503870411986080     
  0.489451715349556     
  0.475986368975583     
  0.515854375960305     
  0.547987991530068     
  0.479969967655113     
  0.538837476124447     
  0.520084481397229     
  0.429936887242868     
  0.525868566678405     
  0.469322845486202     
  0.464575448062347     
  0.486135211919325     
  0.508474018075485     
  0.526650263878005     
  0.438320070210020     
  0.467357380191648     
  0.460028850587662     
  0.507670210017107     
  0.463804875449864     
  0.486740097619870     
  0.528564654727554     
  0.519203705731644     
  0.554307168253145     
  0.520922007694956     
  0.462308896368801     
  0.580652700088089     
  0.493050933161804     
  0.481938838833525     
  0.491217290754223     
  0.474845850606059     
  0.553052662862318     
  0.439568600940902     
  0.496975280169307     
  0.517655180081521     
  0.447243782340053     
  0.521191293273152     
  0.520859136541016     
  0.496778847501262     
  0.476396371854238     
  0.497336806322760     
  0.460200835925651     
  0.504916022177698     
  0.517352279979320     
  0.506860355219624     
  0.520517167185751     
  0.434284698630735     
  0.545935951237005     
  0.502739774179976     
  0.541357816854318     
  0.467208713480102     
  0.448385400247924     
  0.451918643205902     
  0.500965041642240     
  0.447343871306514     
  0.479222637313612     
  0.444839673079868     
  0.550486376642972     
  0.477887148750481     
  0.467560885207129     
  0.507669186260853     
  0.495038363924158     
  0.530715740929183     
  0.481478945579300     
  0.445891982795922     
  0.501233227898536     
  0.566891102618974     
  0.551217531414313     
  0.505071487278195     
  0.535929997177258     
  0.564151225817108     
  0.447696497453957     
  0.451469064886278     
  0.468693323834911     
  0.504841896989818     
  0.496599559477995     
  0.536288208562224     
  0.536187738415968     
  0.507752895533679     
  0.513642270574171     
  0.548900824349467     
  0.440424985413804     
  0.467529877795420     
  0.518753964437325     
  0.496424862280884     
  0.462808131330857     
  0.464896834133399     
  0.487694905189603     
  0.482471326310355     
  0.507194717745061     
  0.562450832710808     
  0.495763159957045     
  0.468619693654997     
  0.467100548960346     
  0.469309036862915     
  0.516721915774739     
  0.471742120595278     
  0.495371946166013     
  0.490408555414517     
  0.411570581782435     
  0.505433449183514     
  0.516398678769974     
  0.502173248086571     
  0.481249946883005     
  0.521703923404067     
  0.523907607399886     
  0.512491821056305     
  0.502239663171645     
  0.492439912427893     
  0.519048770439527     
  0.575131258869135     
  0.510748021951132     
  0.488954119324372     
  0.545429582602570     
  0.499735842865307     
  0.511072211413337     
  0.537759955510463     
  0.463585741300116     
  0.488664351034633     
  0.499204701549747     
  0.468909293794921     
  0.453438761786685     
  0.546478188319371     
  0.486999009650829     
  0.556767059536127     
  0.511720179048657     
  0.464350143804850     
  0.483018991167400     
  0.489465170895177     
  0.535073703985317     
  0.569279023522928     
  0.501468964174316     
  0.524306210063884     
  0.538516221143628     
  0.518034544340766     
  0.487577775609800     
  0.482856371164480     
  0.513485135943744     
  0.511595511049329     
  0.560884366648529     
  0.544566710678933     
  0.423983705010232     
  0.536585625378406     
  0.559650643303220     
  0.475751921377205     
  0.479804249511508     
  0.455831926226100     
  0.551199980758760     
  0.488834983831392     
  0.532012486148818     
  0.494587571393424     
  0.459584122681072     
  0.463228986825444     
  0.494126247731632     
  0.505947501751121     
  0.515737108615582     
  0.509792296772717     
  0.474898573883133     
  0.424870743434585     
  0.445887099845633     
  0.495926968264996     
  0.491703182952095     
  0.514019095225504     
  0.506915123247931     
  0.537883942460195     
  0.514591564867642     
  0.493946190771384     
  0.570955117050321     
  0.510650720819625     
  0.485194695898057     
  0.538306940981467     
  0.469547557027591     
  0.503643702862946     
  0.517105071884183     
  0.512072980577490     
  0.544193047537550     
  0.403299284126096     
  0.468973913614310     
  0.554546172907150     
  0.471797174476954     
  0.503452356042074     
  0.452230571432343     
  0.435764015134460     
  0.476790819939051     
  0.532314759843996     
  0.457260777865804     
  0.476739536151123     
  0.537011234916749     
  0.410599639866028     
  0.477162442828405     
  0.520322714237808     
  0.488786758749664     
  0.456527960550766     
  0.462438270215689     
  0.532098074615290     
  0.532855230574980     
  0.484712177912190     
  0.465046747281618     
  0.528979864185572     
  0.531478286999737     
  0.502496114751979     
  0.537579736098059     
  0.475756038227027     
  0.505082290084970     
  0.478817753640396     
  0.486991152797859     
  0.479770579616463     
  0.570689412553688     
  0.489554596952916     
  0.461705325747771     
  0.412503449466318     
  0.521791190801474     
  0.549366279344554     
  0.532576092079499     
  0.484110471664584     
  0.465850806000256     
  0.478519774909090     
  0.464428532849876     
  0.451294767726738     
  0.508859807631039     
  0.458462359083731     
  0.495406414489258     
  0.499683880325435     
  0.519005396639689     
  0.484254759392415     
  0.536746214593561     
  0.478941699057297     
  0.515278127711333     
  0.515465256133514     
  0.536551502013962     
  0.482265068324860     
  0.505041460139099     
  0.405184770499781     
  0.488158623559873     
  0.512272248477207     
  0.535324841627640     
  0.417781632662871     
  0.567388375767733     
  0.534354421782792     
  0.521451140660013     
  0.539949411781316     
  0.523812768323283     
  0.497123285021101     
  0.590148756433441     
  0.558931826904567     
  0.479004741935742     
  0.457582195602706     
  0.520867185519196     
  0.522690861041071     
  0.543927664965557     
  0.507948425366418     
  0.536824074685464     
  0.511303888733431     
  0.483980066690157     
  0.486378057716697     
  0.561227909279873     
  0.485560458250504     
  0.511413830932382     
  0.458623830573956     
  0.227727191760034     
  0.263294441119445     
  0.241125878317642     
  0.212849799208723     
  0.267812425883356     
  0.246608217891266     
  0.219845106990600     
  0.271354965934695     
  0.258209632111454     
  0.228412499341325     
  0.210285896647493     
  0.227798983278093     
  0.281139927534072     
  0.239396630387065     
  0.224334172733980     
  0.224121099168314     
  0.232264540268742     
  0.262940169242064     
  0.267340596263771     
  0.264339025626719     
  0.246676229412048     
  0.318266809505352     
  0.273320438225871     
  0.225996123842840     
  0.281154151509743     
  0.233097210572466     
  0.269980489648422     
  0.278723984881185     
  0.248570513101779     
  0.294083336610096     
  0.237250651814614     
  0.250004421344181     
  0.256217366064232     
  0.249253015107096     
  0.243793087158606     
  0.259901344941492     
  0.249494006429153     
  0.243823647029990     
  0.264714597411531     
  0.250189504584494     
  0.208470861373939     
  0.234582747778047     
  0.256010075278363     
  0.238022256265588     
  0.251969889652287     
  0.245471377212523     
  0.278953036642670     
  0.277448043199615     
  0.240008607272237     
  0.229792587036410     
  0.263061319971905     
  0.251171195783122     
  0.253186943739649     
  0.205108639368579     
  0.220335662873348     
  0.239325298853827     
  0.225027304045854     
  0.276644915457119     
  0.242314485341546     
  0.258298190374519     
  0.246797361832428     
  0.210132258842228     
  0.230829732032679     
  0.268549094716678     
  0.277493707615761     
  0.222153170448829     
  0.276812286459176     
  0.219221404583560     
  0.213642826410314     
  0.242577774139193     
  0.239162086015151     
  0.210930892058353     
  0.286911518927230     
  0.248911390605550     
  0.234862432168176     
  0.261209025028593     
  0.247846804167432     
  0.218912635967377     
  0.277917537983377     
  0.282837517834067     
  0.265800368996474     
  0.284913268128169     
  0.252148087132627     
  0.238799628413289     
  0.284515508163831     
  0.248158546770329     
  0.277102731205857     
  0.280174672392239     
  0.208134439305380     
  0.259932068555591     
  0.212277434859327     
  0.235760782221579     
  0.234438156953280     
  0.245029686141646     
  0.243311105128817     
  0.244551068294101     
  0.215906387711886     
  0.227893108543754     
  0.231743313140052     
  0.234634227977446     
  0.267848277094047     
  0.259388309654354     
  0.251440564083125     
  0.270456899906060     
  0.237990666288557     
  0.234108942435855     
  0.257678311434513     
  0.222761975873662     
  0.236693988247039     
  0.197846725146336     
  0.207242512710492     
  0.261427354517901     
  0.276531412877476     
  0.235321943129179     
  0.230991913635761     
  0.248311022608028     
  0.244034305552832     
  0.235000942736820     
  0.242892481883692     
  0.231586876864798     
  0.277452295348396     
  0.233106284976809     
  0.302230074124415     
  0.241372106163786     
  0.232878817043796     
  0.222221516244498     
  0.255226407943577     
  0.275214780451423     
  0.334081093992760     
  0.225517476188800     
  0.249203366538765     
  0.223818845151322     
  0.243792741358169     
  0.225550973791080     
  0.273179622861056     
  0.261517915189722     
  0.259602435932175     
  0.296357228336996     
  0.248289754155917     
  0.227115031127595     
  0.252880215875773     
  0.252808590450054     
  0.259485149882394     
  0.254998217640116     
  0.254557720554664     
  0.236354428133609     
  0.313732072301856     
  0.266744252543611     
  0.258190515534797     
  0.223730148340717     
  0.272977025401832     
  0.288368374782674     
  0.259917453381035     
  0.289946222565649     
  0.247857473830623     
  0.233236381354361     
  0.266139018718698     
  0.278052896715510     
  0.237001267599809     
  0.217613218144066     
  0.238136254778625     
  0.278972252853234     
  0.266067550694670     
  0.275554181937933     
  0.232795903177809     
  0.253161714171853     
  0.220662286519098     
  0.252293361717248     
  0.218330480997497     
  0.247324889505280     
  0.240878467896000     
  0.260377228503402     
  0.260656345424690     
  0.258047390375013     
  0.244038905770564     
  0.272822722431738     
  0.230123193466930     
  0.231084089975234     
  0.211100421668128     
  0.233909291690869     
  0.239317903661447     
  0.232780377550528     
  0.213191208584198     
  0.291153147291760     
  0.254510588286298     
  0.233814201740388     
  0.233859988021846     
  0.225590636244648     
  0.244557316708822     
  0.231192160915866     
  0.212890463374457     
  0.309760647928645     
  0.210200475303564     
  0.238489791122923     
  0.229390953145795     
  0.212683651205783     
  0.194965830473038     
  0.224768795311556     
  0.240250771005384     
  0.287059783962880     
  0.236335162025164     
  0.259238896455344     
  0.294549384750991     
  0.282527086030345     
  0.254039380798279     
  0.248563148652577     
  0.273187995728791     
  0.216256034701679     
  0.264143399845118     
  0.215214822579730     
  0.259665964274753     
  0.189433500873701     
  0.255795983737469     
  0.229102112887945     
  0.220580974889793     
  0.214955391534059     
  0.282191239104212     
  0.216310353858090     
  0.256690660736451     
  0.297764268357635     
  0.248474194000783     
  0.266378677477303     
  0.239960689579604     
  0.262124059274515     
  0.254616572520766     
  0.183890249233775     
  0.236725888950324     
  0.221174795701972     
  0.261923790850946     
  0.225912022722444     
  0.234022160052558     
  0.243143994098682     
  0.240659867742795     
  0.249981356116590     
  0.238192178410096     
  0.246730104696345     
  0.227571697143709     
  0.215317064327461     
  0.275888699353941     
  0.290235138885635     
  0.225614505380088     
  0.225675977488199     
  0.255513378488897     
  0.285281629809893     
  0.234398524050106     
  0.254633491701752     
  0.217800802672190     
  0.237573560058886     
  0.257809610437885     
  0.254290978917394     
  0.235483504703559     
  0.242453853877199     
  0.231522816996944     
  0.229968515954383     
  0.203692852559775     
  0.247394510388842     
  0.237926731163427     
  0.258480560318914     
  0.263796202959888     
  0.272067239747820     
  0.235367425553014     
  0.219470367731568     
  0.310890256134021     
  0.231034130886746     
  0.282292277310701     
  0.242950106916999     
  0.264383147098639     
  0.280555207946214     
  0.249453787695775     
  0.241808868101411     
  0.254122859144131     
  0.244647574360195     
  0.266134093818458     
  0.278186732157327     
  0.269179335222835     
  0.262642917244056     
  0.267917087333076     
  0.224444855585120     
  0.229695397585637     
  0.236556394875125     
  0.250185326515036     
  0.261113137345312     
  0.222124763853405     
  0.273000233578093     
  0.258642172667096     
  0.278827804954985     
  0.240057808158304     
  0.232435068684091     
  0.234407837097253     
  0.243991965031329     
  0.287395935941454     
  0.250069315696017     
  0.267343491216903     
  0.252842756313805     
  0.229467094145697     
  0.275546220284117     
  0.234747886817283     
  0.234711659150318     
  0.202940297187874     
  0.240532285523238     
  0.224847665472341     
  0.257576618675601     
  0.248449572353465     
  0.232513028143590     
  0.220443724705677     
  0.282399723972730     
  0.232446654262651     
  0.253562806741056     
  0.258704924846987     
  0.233163474345684     
  0.225695849511308     
  0.231300291706038     
  0.254450286141369     
  0.214789016074195     
  0.220634738165791     
  0.247168106569102     
  0.245056135040723     
  0.273938159065594     
  0.261507145818169     
  0.221448927340003     
  0.241431114620605     
  0.265478916833145     
  0.260247370539209     
  0.286518086732284     
  0.203757692012913     
  0.250913844096485     
  0.304464621360469     
  0.237857116938057     
  0.270065043479287     
  0.245863063129733     
  0.288848497642955     
  0.243597351613435     
  0.284998791771798     
  0.240398887416007     
  0.199034528993114     
  0.226390944547825     
  0.231029797030031     
  0.241036992950334     
  0.274669413538472     
  0.271190032871717     
  0.296736927184115     
  0.252243006496560     
  0.221724406793088     
  0.236951145274593     
  0.223072638751372     
  0.255022218734411     
  0.240876038134103     
  0.234201048585478     
  0.302734915768075     
  0.249274406909087     
  0.275147683249407     
  0.265358838633037     
  0.239844332335908     
  0.202723292107627     
  0.279554009955109     
  0.248907423951937     
  0.226817626449306     
  0.275804898131855     
  0.188480285683527     
  0.276057700288947     
  0.252673251483790     
  0.245893755942633     
  0.203910074625165     
  0.250450154200896     
  0.284872094253321     
  0.262383224973378     
  0.252810523116355     
  0.191118043606993     
  0.215683620789909     
  0.258200892568528     
  0.265377604808152     
  0.291733101904657     
  0.268939269071985     
  0.261479877127681     
  0.269961820797567     
  0.257679404045270     
  0.235583877941979     
  0.241575496802462     
  0.230715607002911     
  0.242327972991786     
  0.257035316002233     
  0.260024389696023     
  0.248414503088809     
  0.220606770280399     
  0.222758499352216     
  0.267369106094320     
  0.278121901297311     
  0.248166515769139     
  0.232306705329082     
  0.269314599126293     
  0.214393936822915     
  0.231491604825004     
  0.253295100233695     
  0.236756400403121     
  0.263262492473450     
  0.205587280412629     
  0.241820568884286     
  0.286780092959126     
  0.277337988962983     
  0.251918656580366     
  0.231820041569448     
  0.247865111573715     
  0.237572885040899     
  0.242600336983804     
  0.196992713662173     
  0.251658852336967     
  0.216393128078612     
  0.267329681504036     
  0.256371229700986     
  0.255821738953301     
  0.224559442820664     
  0.272321301341164     
  0.263996446021962     
  0.259198505149856     
  0.231761649928090     
  0.251451366329347     
  0.302074190265868     
  0.259919109971840     
  0.231810022950251     
  0.251369605915747     
  0.246165998216110     
  0.236533526016904     
  0.278297869340467     
  0.249395313422053     
  0.270117689557107     
  0.258379340481787     
  0.279471504297968     
  0.241673556348071     
  0.267369734802110     
  0.259817706104145     
  0.211243735449053     
  0.196120436613288     
  0.270956531308728     
  0.268379598182707     
  0.232812288247932     
  0.240523500308831     
  0.271408902843928     
  0.249499836725060     
  0.211651623716717     
  0.235534828585470     
  0.209086429914028     
  0.252877830572218     
  0.280421977463741     
  0.232845121977778     
  0.247741914496820     
  0.273935122218508     
  0.253147047426420     
  0.236411121041947     
  0.219312015624733     
  0.205805327129200     
  0.230670061019636     
  0.284049621982864     
  0.218017065170061     
  0.247591401516101     
  0.231705360515127     
  0.260968219904819     
  0.247612779589337     
  0.269700854987254     
  0.249233612465436     
  0.254541827398450     
  0.245085363872031     
  0.271365813112131     
  0.264371378914985     
  0.259262502846820     
  0.232051448372720     
  0.259432144038071     
  0.283886454683816     
  0.226206316326956     
  0.257078655609725     
  0.269228267186489     
  0.277657695590729     
  0.247598941578626     
  0.209361660881304     
  0.228538475339906     
  0.273603108176532     
  0.252213302199969     
  0.267688502624729     
  0.268176399423231     
  0.223602004966988     
  0.287592867744042     
  0.232611217098827     
  0.220745969558686     
  0.239483051618506     
  0.297724364497568     
  0.291675121284801     
  0.245830361822765     
  0.273990756274308     
  0.249369138199664     
  0.242955469121986     
  0.243782796839636     
  0.241887567177855     
  0.229434927959013     
  0.241958763768705     
  0.250522631061735     
  0.249308931133640     
  0.225629138014348     
  0.226952615402491     
  0.222796321993056     
  0.262665090272890     
  0.203796275192918     
  0.227298343595570     
  0.265177281425094     
  0.242639105570967     
  0.216357395816742     
  0.230829890974785     
  0.255483573882351     
  0.260501694314969     
  0.219909820527573     
  0.247460794936650     
  0.236360076400661     
  0.252271926000744     
  0.246496232483899     
  0.277191459426734     
  0.221993089140613     
  0.229669260441012     
  0.228378347327924     
  0.204409725106084     
  0.230905758136387     
  0.247537478887561     
  0.262230982362651     
  0.268975188114496     
  0.252502559653661     
  0.232608111426111     
  0.250640738633285     
  0.234633773354737     
  0.269812389050103     
  0.203725525557353     
  0.236515351541404     
  0.291627451378135     
  0.248935152190473     
  0.271921640186865     
  0.261343472154716     
  0.246457432622262     
  0.248935631794898     
  0.269876547238060     
  0.239982706500769     
  0.234441418002479     
  0.251774694687303     
  0.233528728796313     
  0.233128554512710     
  0.285533505355302     
  0.256167005685240     
  0.211266229668448     
  0.247715333575959     
  0.262564709667225     
  0.250346402594327     
  0.253475938890973     
  0.250023054078919     
  0.262718256939380     
  0.241489345972737     
  0.251167246452075     
  0.257396709435619     
  0.273072942661369     
  0.275088117633709     
  0.205089976228072     
  0.237762894100067     
  0.215708725227585     
  0.258898266553183     
  0.272932149490649     
  0.247407456238822     
  0.239955515757738     
  0.242154650616397     
  0.220207711249877     
  0.242393714931114     
  0.275769491513128     
  0.269137493817016     
  0.234865247861941     
  0.307311134454761     
  0.269072917148097     
  0.266069113396213     
  0.263234366761555     
  0.268592957819211     
  0.277648373217753     
  0.235509047114643     
  0.246015667637761     
  0.226962549520512     
  0.291068307379027     
  0.225032272301166     
  0.242916633437658     
  0.265672316144613     
  0.248820641488781     
  0.254459807801575     
  0.267394874435660     
  0.278782987667823     
  0.263556134373183     
  0.244833721105610     
  0.257633429058759     
  0.254842891398814     
  0.177898931181194     
  0.277311357327772     
  0.235369695054879     
  0.283893013106510     
  0.218590493652367     
  0.244423736548019     
  0.229160389171938     
  0.224484109003422     
  0.265767249427942     
  0.235617482220272     
  0.228252473152471     
  0.237104953602784     
  0.244499171907793     
  0.254029576561465     
  0.236921801478151     
  0.242222546632810     
  0.306713711524903     
  0.272823728323684     
  0.268565294648904     
  0.215621414393686     
  0.218986657372201     
  0.238324754825038     
  0.253573079350184     
  0.249572434010159     
  0.271605528822775     
  0.265669795497358     
  0.243131069192144     
  0.257528615213842     
  0.237672768755755     
  0.243377187636947     
  0.251126831615610     
  0.239329278483410     
  0.232815574729568     
  0.254615795261136     
  0.231226384524806     
  0.247214384561868     
  0.248856422804895     
  0.255721026175423     
  0.249167379263649     
  0.237633509852319     
  0.247207532719405     
  0.231716848076279     
  0.252680269189403     
  0.276785469909749     
  0.235249619861281     
  0.234496306781059     
  0.260284186444084     
  0.278204642088764     
  0.225410585549027     
  0.239633751971664     
  0.208631343674639     
  0.238704182146714     
  0.226742860089402     
  0.285479499118993     
  0.282833793128107     
  0.234297281613512     
  0.259005802136185     
  0.240638873526782     
  0.246445363053716     
  0.222555337157044     
  0.225869763189630     
  0.216137937702457     
  0.222202614711294     
  0.251032737196883     
  0.247670119891125     
  0.207799205835821     
  0.241349620883124     
  0.240679298379943     
  0.253839284187893     
  0.293096439000610     
  0.226818954441008     
  0.242099857770841     
  0.249478604918964     
  0.241116978362850     
  0.215690746419996     
  0.235988969317198     
  0.306214804988496     
  0.251468134728151     
  0.284251273677914     
  0.272990310328284     
  0.278230317077001     
  0.212613154542724     
  0.245951361917256     
  0.252131073508823     
  0.243577597386762     
  0.272872268286216     
  0.212556937983746     
  0.235067719190599     
  0.228848945814915     
  0.240404200401248     
  0.228378843064323     
  0.255707402707444     
  0.206978912955061     
  0.252937867073885     
  0.241554302794215     
  0.216049277848238     
  0.251128423372827     
  0.264074675236661     
  0.254308802109355     
  0.242714270935126     
  0.246857091494255     
  0.219590938062959     
  0.241298672108236     
  0.254795692383122     
  0.252062939892376     
  0.238333705435547     
  0.242186179013312     
  0.244211395458559     
  0.227651030271861     
  0.240028644823140     
  0.268328006686327     
  0.280131298716386     
  0.252407934306048     
  0.266810598723257     
  0.204675646613880     
  0.258079678575037     
  0.272345720747168     
  0.284143874831006     
  0.245418092681105     
  0.256022963196456     
  0.200189111843903     
  0.270437429114465     
  0.219152017213651     
  0.201773623111921     
  0.231961813447612     
  0.310234375802809     
  0.253927766036996     
  0.224819123676673     
  0.220896950916288     
  0.248414166213104     
  0.226972165208856     
  0.280073599405133     
  0.234249224339848     
  0.216440641212478     
  0.328209141960107     
  0.245533598597336     
  0.257730856059423     
  0.282364063149818     
  0.256079963210871     
  0.263252594018526     
  0.256501994928011     
  0.239949359958309     
  0.227293158439177     
  0.267839939059157     
  0.277073125918719     
  0.273509342448323     
  0.192394525461664     
  0.269697315727478     
  0.263770094573938     
  0.245165808274777     
  0.249984483642617     
  0.228246170427302     
  0.287913901140858     
  0.277631850046857     
  0.296412584587127     
  0.245978626611481     
  0.242626532097836     
  0.243405322260190     
  0.267130015523947     
  0.209641221452720     
  0.227466850449242     
  0.231081040217292     
  0.240291055002226     
  0.261223337554327     
  0.242164594006013     
  0.237174695437847     
  0.210467364408438     
  0.276712110751695     
  0.230569966956894     
  0.245399168374398     
  0.248676987980855     
  0.236955742932577     
  0.234196322249247     
  0.258398772390877     
  0.234223855732252     
  0.269119650707333     
  0.228163220207846     
  0.294395244764458     
  0.210333107347018     
  0.232404274911615     
  0.223933815340103     
  0.223489423693281     
  0.249450427860917     
  0.270909157153493     
  0.305990653447568     
  0.238957516373644     
  0.239960616898504     
  0.243236548621904     
  0.242244838324030     
  0.223320141640398     
  0.272834570178650     
  0.291361752104668     
  0.267798611203697     
  0.266722861295569     
  0.231178655606489     
  0.259239118524406     
  0.253407280864201     
  0.237443017700628     
  0.228561504090672     
  0.248421377119556     
  0.290544071054282     
  0.222537022376521     
  0.263944539085375     
  0.279387798698032     
  0.224132463287200     
  0.286162977827571     
  0.227977823638711     
  0.255693598257508     
  0.222849194896339     
  0.250347404860825     
  0.252031813197612     
  0.277212661231258     
  0.263466974634631     
  0.221949538062826     
  0.259708102764794     
  0.209263657016797     
  0.282540273052712     
  0.238518067922599     
  0.255629256081160     
  0.240482103081132     
  0.274888687724719     
  0.256352380515405     
  0.270719617402946     
  0.223623995606568     
  0.252783539449377     
  0.280777263369857     
  0.265723932690928     
  0.289651124682061     
  0.240919935283329     
  0.230570803528575     
  0.257352487512974     
  0.267114725484004     
  0.255114175834692     
  0.193153475964781     
  0.283473799666846     
  0.235223339896529     
  0.257871863502141     
  0.290686830419005     
  0.237279133017042     
  0.237995096549736     
  0.280705132852017     
  0.240481462356441     
  0.244432883141496     
  0.246871059264466     
  0.245243382974502     
  0.245251850185762     
  0.251716067990410     
  0.233867757805326     
  0.274081697707856     
  0.246390574789272     
  0.221931048539142     
  0.242227842633134     
  0.275769394882617     
  0.228468376106994     
  0.243510787266368     
  0.244918039222311     
  0.197566522896174     
  0.244367216374006     
  0.277436001235795     
  0.253146149709595     
  0.231394167718466     
  0.259074899614104     
  0.234272514409756     
  0.254081261654921     
  0.234178975681909     
  0.234524964622456     
  0.231403198883581     
  0.276254708706835     
  0.236574370157874     
  0.257401019644689     
  0.272353726372861     
  0.220254847681225     
  0.250926204819850     
  0.239449579639105     
  0.281627545185892     
  0.236399400265434     
  0.235650761957672     
  0.291337353167024     
  0.255774964042220     
  0.260053506621112     
  0.288423531678484     
  0.250408850297806     
  0.221061678561995     
  0.235897685169196     
  0.244084457891850     
  0.233701736514101     
  0.241269498460097     
  0.219153199689210     
  0.247804114156196     
  0.220307376309680     
  0.214723611239275     
  0.256244830771511     
  0.223774165263226     
  0.258298598380897     
  0.254646311827384     
  0.254741117241188     
  0.197544001681964     
  0.211394650626449     
  0.247263463134304     
  0.258745976371769     
  0.228554006318102     
  0.240723799870990     
  0.222171866141943     
  0.229059060379149     
  0.244230624044969     
  0.264828022449748     
  0.254344306698617     
  0.248573966481690     
  0.260981821874734     
  0.210432286626121     
  0.203336696801710     
  0.277929986893580     
  0.257826787260713     
  0.233101687001199     
  0.267990434671167     
  0.258229756396939     
  0.229039495613140     
  0.203537703482718     
  0.261900072683147     
  0.238911319574779     
  0.267930084308994     
  0.258982491249821     
  0.260700079554980     
  0.265053612178344     
  0.233004099426615     
  0.227656253846119     
  0.235864219266443     
  0.281571921608210     
  0.292085353780674     
  0.228320456251246     
  0.259509036573227     
  0.266143145210859     
  0.258734275555113     
  0.235525737310249     
  0.203724028484198     
  0.217245358778645     
  0.224343105683445     
  0.238897620893982     
  0.264572606696224     
  0.235187349749012     
  0.252409669063211     
  0.255668215983902     
  0.274743046182145     
  0.213531492056698     
  0.222101832071668     
  0.247717774936051     
  0.255054161899199     
  0.236035500691777     
  0.255125231566735     
  0.262522052920072     
  0.263871708577151     
  0.245841359096537     
  0.239657000194357     
  0.237919009635654     
  0.243957241832328     
  0.247073853683151     
  0.209527415244737     
  0.273859931051736     
  0.243850657728773     
  0.277864125169344     
  0.247259874170120     
  0.281021699797353     
  0.240106619396563     
  0.279377007405694     
  0.272121562113052     
  0.219725817308673     
  0.238368380366527     
  0.227972525574269     
  0.289645788571862     
  0.250491394702454     
  0.236875164737561     
  0.288196369819756     
  0.280888586856359     
  0.237925771536185     
  0.192612600788578     
  0.278186106822383     
  0.262975768645371     
  0.235313279865791     
  0.258736553928030     
  0.261802476472693     
  0.247873509720793     
  0.240868042218911     
  0.237522478153393     
  0.235081542561057     
  0.277314901627074     
  0.222842127171529     
  0.259137564595409     
  0.249889785239384     
  0.232893864450913     
  0.229647513213308     
  0.260002008719550     
  0.215209516153333     
  0.284808621290111     
  0.243985159655977     
  0.225770682797948     
  0.239595379110187     
  0.266776602364638     
  0.242501441002337     
  0.227376148421615     
  0.251975694547902     
  0.236105866867913     
  0.241524477744907     
  0.241155337310793     
  0.213099151672181     
  0.241862713014336     
  0.289015023518723     
  0.252174843229097     
  0.246563286974701     
  0.270727539741520     
  0.220934666795788     
  0.294004271312798     
  0.279631443954223     
