  0.516451922915798     
  0.407200437729343     
  0.515838791687918     
  0.492409140178325     
  0.500496115902246     
  0.484753579835131     
  0.461385520924006     
  0.534294354910487     
  0.444648470753639     
  0.536915414152445     
  0.491812584781816     
  0.523334210410829     
  0.515954810668197     
  0.481471534209832     
  0.524831546031044     
  0.516409142339277     
  0.491191667725490     
  0.604791598596342     
  0.500044205484516     
  0.403821406498745     
  0.481291271093977     
  0.454106182829332     
  0.500357761943844     
  0.468315197344810     
  0.505760473918447     
  0.489399874013327     
  0.500073955822012     
  0.461161255359870     
  0.525468407832501     
  0.490569063959551     
  0.477283592847499     
  0.481953109898010     
  0.524646372883318     
  0.480640205317747     
  0.494021898228683     
  0.418808437304114     
  0.479745691106856     
  0.495541941315875     
  0.498972522186188     
  0.499726475898960     
  0.436439589999446     
  0.494653918040088     
  0.461910075633280     
  0.482405899551606     
  0.530510075211249     
  0.458888358898082     
  0.454338522362584     
  0.489836804485462     
  0.462074225124362     
  0.485027973092770     
  0.462978123052797     
  0.474023820532037     
  0.462245858609423     
  0.532966062355269     
  0.421455496215334     
  0.511974071646904     
  0.530360582723076     
  0.499110524434261     
  0.511450206890298     
  0.489214767934631     
  0.549776121800421     
  0.481365797161246     
  0.476617109898813     
  0.465552197867656     
  0.521728919318499     
  0.533752520992615     
  0.470848034116382     
  0.528273522342348     
  0.486901213881846     
  0.514563592491131     
  0.502568199103692     
  0.457191453200844     
  0.446069421337123     
  0.477871327584661     
  0.478670265814491     
  0.481227516850449     
  0.489466614643396     
  0.508207305452291     
  0.488503318234153     
  0.528725644317087     
  0.490544982933835     
  0.473947632427308     
  0.468275800684716     
  0.552595187246075     
  0.507289548590085     
  0.449711215545790     
  0.512983783760854     
  0.448020427497928     
  0.552075489353195     
  0.554945054247534     
  0.514260746793628     
  0.466759463777193     
  0.472024326181504     
  0.455764956110486     
  0.484357665139418     
  0.522568031170115     
  0.497644588323111     
  0.554194281804750     
  0.479063465186542     
  0.527584309115815     
  0.466360418430363     
  0.486466165019435     
  0.483958149078792     
  0.492428296199539     
  0.522926764524850     
  0.461722616600191     
  0.497231613301815     
  0.444400907251542     
  0.447849156903392     
  0.539043615408930     
  0.482173038901442     
  0.509297199637661     
  0.580999396346092     
  0.439752326932935     
  0.554515137145720     
  0.512591269437940     
  0.500126659485121     
  0.505382664556353     
  0.539143675934642     
  0.485820398640373     
  0.496107760005878     
  0.525355230809873     
  0.510438568263886     
  0.499609259075061     
  0.537285398554691     
  0.479794356913978     
  0.482319930969706     
  0.439363211449000     
  0.476384771138984     
  0.468907245734601     
  0.499896989082012     
  0.429000875976399     
  0.521576615157919     
  0.477869896958863     
  0.519223049530398     
  0.462377714966444     
  0.483443363395621     
  0.510709075021430     
  0.425074674827651     
  0.511703314210970     
  0.503113517735373     
  0.532883682605828     
  0.442588170729061     
  0.459778044308574     
  0.455764833465101     
  0.537220257187445     
  0.461538877136859     
  0.478623284202102     
  0.449965766790077     
  0.528977550367003     
  0.558088657365751     
  0.504294825815624     
  0.540861214883997     
  0.455833972024006     
  0.500721158424965     
  0.505590939851239     
  0.497961509084768     
  0.453142014138218     
  0.458964864574121     
  0.566102827271408     
  0.514751410535633     
  0.481641690711115     
  0.462927397589629     
  0.526585083902700     
  0.541947410796850     
  0.504867160699549     
  0.546481141427671     
  0.492329758919205     
  0.532463944714838     
  0.482660329886054     
  0.447440195714649     
  0.473633657648244     
  0.480563301099996     
  0.529197968727605     
  0.543789590507859     
  0.484545358697571     
  0.517334044060174     
  0.500285873084328     
  0.505271261151022     
  0.571173841175712     
  0.500040018102368     
  0.497655435559408     
  0.463039143546430     
  0.536920519096106     
  0.475946056133928     
  0.534434288070722     
  0.499243567246609     
  0.472509553476774     
  0.514865348263071     
  0.481212697010399     
  0.528171913218206     
  0.477610799273498     
  0.510078973639005     
  0.448310331226398     
  0.517185795313430     
  0.520463979562247     
  0.487809697755529     
  0.499004855786300     
  0.510110256614302     
  0.494735607883791     
  0.524443171180500     
  0.484558243451091     
  0.504491539169400     
  0.541718430468068     
  0.506517138443273     
  0.492700208902642     
  0.466611888872649     
  0.541300648194463     
  0.568861957413461     
  0.525103201244175     
  0.493530600700497     
  0.474024814030836     
  0.495715227095883     
  0.528285890043196     
  0.419562054497594     
  0.472810635216194     
  0.532848539307540     
  0.498309608565711     
  0.525904457237225     
  0.480077549973570     
  0.508359486787776     
  0.578181249137951     
  0.569001719430010     
  0.460710544432254     
  0.515710604833925     
  0.438349956792225     
  0.577229794234326     
  0.498110601528112     
  0.476596860213410     
  0.507023434464463     
  0.511952510295516     
  0.473426290344172     
  0.438745327468298     
  0.500227615937140     
  0.481632545460658     
  0.479588909455800     
  0.498325491624618     
  0.489812558130177     
  0.469470388726094     
  0.469175421932679     
  0.534399973762678     
  0.528291092227356     
  0.529002745058003     
  0.463333902098147     
  0.514614140387175     
  0.534736276564705     
  0.413276030849643     
  0.476423869361725     
  0.461535285001123     
  0.515978164709955     
  0.461320272612932     
  0.534793052711533     
  0.496359458160521     
  0.519877506845204     
  0.489420448420460     
  0.478103472162409     
  0.479989827343213     
  0.521949760017316     
  0.476367813962788     
  0.498805847521413     
  0.521696741008933     
  0.501718570891374     
  0.549010731106996     
  0.562434075247252     
  0.552150742067552     
  0.475377885727247     
  0.507584007925491     
  0.448973739413506     
  0.574147827833811     
  0.517594099044944     
  0.444329667817555     
  0.460297224533694     
  0.496776500326097     
  0.550353476771068     
  0.548255338152375     
  0.494315883689384     
  0.513925916236549     
  0.572151744023255     
  0.480047499189823     
  0.506620795864604     
  0.508500852674344     
  0.505070752228693     
  0.525315191742434     
  0.474662445210273     
  0.500832082819543     
  0.517387921002385     
  0.544719775680008     
  0.503200161589096     
  0.461056404062249     
  0.460312138188933     
  0.448800285676241     
  0.473487881343848     
  0.478424408285878     
  0.518680733043180     
  0.464022340513988     
  0.526699120526950     
  0.462910528008491     
  0.444964450714082     
  0.460315184412302     
  0.487455031027175     
  0.558017452242216     
  0.511272995914916     
  0.473970130992488     
  0.491767790338070     
  0.480844089339641     
  0.462573959250389     
  0.521147641629250     
  0.510396524002201     
  0.462656129925609     
  0.550252385893363     
  0.527247040711266     
  0.488667945193561     
  0.545531989488200     
  0.520407010657856     
  0.575846408926476     
  0.499004047374376     
  0.452759590179113     
  0.461740084709611     
  0.482333010648318     
  0.488072551720429     
  0.474428272381866     
  0.481676981433449     
  0.528674037890406     
  0.505227715812333     
  0.524433484846571     
  0.529453985078442     
  0.479824233024340     
  0.474544712764107     
  0.494979611215217     
  0.502706102752640     
  0.532252565149628     
  0.512823897466737     
  0.493624639998112     
  0.518071585750173     
  0.500163822624472     
  0.515635567970202     
  0.537411931064805     
  0.466029721981762     
  0.548508881146946     
  0.469919433584689     
  0.407729410334268     
  0.547534534647292     
  0.533051037132467     
  0.536942820027448     
  0.509288676048922     
  0.522366643721192     
  0.473635760526824     
  0.475999442194571     
  0.519221425603198     
  0.521018349985915     
  0.546942977908062     
  0.536694255988310     
  0.487610478828162     
  0.486531028032182     
  0.478341386461903     
  0.527216490788143     
  0.504477711921662     
  0.471753714380020     
  0.520014237849702     
  0.483183369772734     
  0.513841969653429     
  0.461734178092657     
  0.469297900404588     
  0.487033463108691     
  0.488436065841806     
  0.478354760515326     
  0.522799967818437     
  0.462121618097193     
  0.501560459603639     
  0.523916902279729     
  0.521241145828490     
  0.531700685492007     
  0.537636921945222     
  0.462597120349738     
  0.470781519779274     
  0.483655320757676     
  0.488593568897446     
  0.534811631356119     
  0.510373273324329     
  0.522589796660710     
  0.506234975246272     
  0.457415059280534     
  0.501322820153847     
  0.533016480644313     
  0.435032653982308     
  0.519440039606157     
  0.467008446068892     
  0.471143721367848     
  0.485146678917048     
  0.500827380169629     
  0.473021281569145     
  0.555230736848431     
  0.503803586328111     
  0.565236867033530     
  0.532554096065790     
  0.550483241920067     
  0.487122966353761     
  0.549955818650283     
  0.508812930076368     
  0.456640246479733     
  0.488840295372236     
  0.464060785123431     
  0.475746337732367     
  0.568966824584775     
  0.555498760534920     
  0.507077512971596     
  0.491436124461981     
  0.527422179200683     
  0.547268913694805     
  0.534382351508352     
  0.475876177117644     
  0.505495238672778     
  0.474438935379409     
  0.488099733221184     
  0.520122648429367     
  0.509596707654683     
  0.456639290507577     
  0.544904333419926     
  0.537176626955319     
  0.599581900472477     
  0.589316282993467     
  0.491793425848220     
  0.502710949694087     
  0.523811321550619     
  0.535051803833589     
  0.515126718805550     
  0.461666473157151     
  0.511144104487180     
  0.430515326657462     
  0.473285396172320     
  0.498361654897877     
  0.495392081645037     
  0.567375422092436     
  0.471038518021027     
  0.527234326870959     
  0.462273258083365     
  0.489731177011798     
  0.514144014772783     
  0.496674287976329     
  0.541827525454276     
  0.499656730359396     
  0.526232821067589     
  0.554240144245907     
  0.472289852671752     
  0.528793853118793     
  0.469524136092616     
  0.491657485946243     
  0.467745025952953     
  0.491397164023002     
  0.578986675630543     
  0.555313654669089     
  0.461972074779716     
  0.509646705478936     
  0.540128735580344     
  0.490578344733476     
  0.493328858280890     
  0.542356309298611     
  0.455567972357725     
  0.492803878069649     
  0.446881564110027     
  0.557645967046042     
  0.470744653998833     
  0.525181558798305     
  0.523258237333187     
  0.483144460983383     
  0.532313756205491     
  0.504365680878801     
  0.516626398284003     
  0.466386443165052     
  0.418455730558880     
  0.512932756271878     
  0.477524876021345     
  0.520644237532448     
  0.510999029489346     
  0.533649482114135     
  0.542590820791091     
  0.483853508301070     
  0.475118773936745     
  0.486616146362013     
  0.536310141989392     
  0.453516548781046     
  0.504086012855696     
  0.468012527553380     
  0.550695373960985     
  0.541894400056976     
  0.497276739492629     
  0.512559888329913     
  0.488915050268548     
  0.490669704027256     
  0.497804387065632     
  0.518023317609658     
  0.507225036680060     
  0.498537472389496     
  0.535225836879430     
  0.537660097233593     
  0.488327750040461     
  0.509100984730560     
  0.547982836107845     
  0.424520965383947     
  0.485830567157887     
  0.518559406589844     
  0.494179264911817     
  0.454397537232683     
  0.532837658899499     
  0.527714158644666     
  0.504414885083931     
  0.542197836901579     
  0.544496726745864     
  0.524101488835526     
  0.516017206573283     
  0.481910169634785     
  0.475137446105866     
  0.485857896017302     
  0.522858404475159     
  0.472425635664801     
  0.450315469336238     
  0.446507385340812     
  0.444475657610261     
  0.502953668788942     
  0.459988728143136     
  0.535802516712637     
  0.487917939679906     
  0.472529729660012     
  0.461500487126804     
  0.494668339057704     
  0.502188252090484     
  0.559845853632177     
  0.481471536569263     
  0.482674500648155     
  0.479692947312975     
  0.400885142956872     
  0.475960246964746     
  0.524766800010408     
  0.418828474172461     
  0.531176477039169     
  0.534860168018742     
  0.443424317252959     
  0.537647302048006     
  0.507875637190938     
  0.536532984208100     
  0.512286828551175     
  0.456168268949768     
  0.515553463908961     
  0.562948605838980     
  0.506158695080164     
  0.502128600361093     
  0.498789711392584     
  0.484554686046023     
  0.556245858440498     
  0.525598810534141     
  0.523770644047039     
  0.581170009561722     
  0.432957214655366     
  0.469749200110596     
  0.488306815993661     
  0.514465823681183     
  0.413991830561869     
  0.484667698682530     
  0.565232010968202     
  0.548375026992176     
  0.461707985448152     
  0.477630513316350     
  0.507279865826186     
  0.511204179213974     
  0.466968333973114     
  0.472554195521928     
  0.540341109810147     
  0.496187417556841     
  0.429168419406884     
  0.467085155910534     
  0.494717184625600     
  0.465833333329726     
  0.543319068642564     
  0.475190627816562     
  0.462246383403473     
  0.487921894922860     
  0.452839410935916     
  0.474358376216459     
  0.506989472197045     
  0.527588852832478     
  0.522291678867871     
  0.461919441703024     
  0.529513496312238     
  0.533413170040831     
  0.448043477746447     
  0.472821865569117     
  0.514568054156246     
  0.438481821317136     
  0.463276171506885     
  0.505611888272112     
  0.540182513400411     
  0.486657365303044     
  0.466825627652458     
  0.508993608862024     
  0.501175747246787     
  0.455069717795767     
  0.492526961230210     
  0.465864105332344     
  0.546874987024446     
  0.527181775440204     
  0.472048640189881     
  0.502807448702948     
  0.438570511987027     
  0.466744185482606     
  0.510323032127462     
  0.484617101106901     
  0.495591557916843     
  0.486801919110644     
  0.507896176122174     
  0.481639507590995     
  0.486120566354013     
  0.512397780043537     
  0.470597138811040     
  0.510699920075398     
  0.475678611360493     
  0.446594665954205     
  0.497271528361975     
  0.512059633081845     
  0.476757889830932     
  0.502980044135497     
  0.548066604430461     
  0.519387524736897     
  0.508224117514338     
  0.523638978252364     
  0.543824490704528     
  0.480379457070873     
  0.460970603740870     
  0.530874977820316     
  0.526471620887110     
  0.600700366995076     
  0.503183773911255     
  0.489816678660138     
  0.444463547841365     
  0.511299348251840     
  0.505292360710311     
  0.421835857209347     
  0.489200042412123     
  0.506415692310633     
  0.499198453227382     
  0.441286379600883     
  0.515435163360811     
  0.494207160840075     
  0.516035192352269     
  0.528552630752116     
  0.525259613559972     
  0.556089014414369     
  0.554676009707392     
  0.469940650185907     
  0.491282520303857     
  0.495754174392122     
  0.481089172364682     
  0.504558486444635     
  0.493535742957815     
  0.454526899139108     
  0.539973024734157     
  0.532385273395013     
  0.502580897944317     
  0.506575827517554     
  0.467201263027409     
  0.452893315700417     
  0.475627719999616     
  0.498943263158796     
  0.498102336265052     
  0.482696385920108     
  0.481551957273054     
  0.516412644658612     
  0.522669391778972     
  0.491268322311263     
  0.530798031095934     
  0.537747377874209     
  0.538339522940123     
  0.487650310754219     
  0.470579960945321     
  0.494365126014183     
  0.568869388538211     
  0.518531748809945     
  0.438461718803180     
  0.483053723964053     
  0.460401026206186     
  0.503138897978925     
  0.491844532742251     
  0.540412964136778     
  0.464337464336417     
  0.541122968371221     
  0.510998028826469     
  0.502461412761758     
  0.533772997735981     
  0.515546503951370     
  0.507477833511075     
  0.516306067720901     
  0.463588887796714     
  0.537657465344973     
  0.546117265545161     
  0.567669205028158     
  0.441178341957651     
  0.522897271483889     
  0.448781118405033     
  0.451381842328815     
  0.504408949995197     
  0.485343871705044     
  0.455328503425447     
  0.512625518434155     
  0.526197079221875     
  0.529831197760323     
  0.444606817843216     
  0.533311516750242     
  0.502128497224365     
  0.478473104224893     
  0.497912022418280     
  0.463404515458070     
  0.533849698540816     
  0.431399769687367     
  0.519477052575362     
  0.541547871756031     
  0.475970260320158     
  0.495541625670388     
  0.501193286832787     
  0.485340979898978     
  0.513438858015109     
  0.480408076409203     
  0.509378577468878     
  0.497408712002851     
  0.466440029134934     
  0.578654298491048     
  0.490419406661848     
  0.463472388722568     
  0.524722776989656     
  0.543993320405320     
  0.503151955680781     
  0.444666488190930     
  0.478388115727940     
  0.503534358479820     
  0.507383058858049     
  0.465577949113588     
  0.513535993721193     
  0.497856686550341     
  0.525487454733065     
  0.534574547188924     
  0.538175637566261     
  0.468995093823209     
  0.542885934194874     
  0.523423664810131     
  0.501178607585251     
  0.515681759366290     
  0.532928273900139     
  0.453898657473032     
  0.466000159248068     
  0.493380334087962     
  0.459095324080577     
  0.503112725025880     
  0.553639014096397     
  0.519111125649718     
  0.432444463219657     
  0.572001437631174     
  0.496686629004614     
  0.460322799929069     
  0.521786288257879     
  0.424202593258933     
  0.447438592577337     
  0.471965722406431     
  0.503152573725969     
  0.498356750816384     
  0.520649601573702     
  0.518993452604351     
  0.440538420409778     
  0.420438918515313     
  0.466227781988284     
  0.503839143156949     
  0.489596241545272     
  0.528498227833384     
  0.578899185886824     
  0.466361869776410     
  0.539295882227253     
  0.485068820099819     
  0.489461780384035     
  0.467374353403177     
  0.513735518993619     
  0.535425982579721     
  0.491924001134819     
  0.461053507126940     
  0.430934462382057     
  0.536023549210897     
  0.497941079656487     
  0.460107259661045     
  0.488850354852079     
  0.503657874157622     
  0.452324086369709     
  0.528653180336645     
  0.473212826258370     
  0.516075309648531     
  0.499718570821939     
  0.523463293307112     
  0.520442650855125     
  0.470423112161817     
  0.517965491481989     
  0.541248572056646     
  0.476285933240029     
  0.473960349871787     
  0.562805705411141     
  0.597546297067012     
  0.459805949902796     
  0.447559007978457     
  0.511428359489045     
  0.505380122013778     
  0.532014215204808     
  0.532262220047943     
  0.514093037621097     
  0.515771673015568     
  0.514187176649563     
  0.559676595657594     
  0.502628752904265     
  0.521643006215755     
  0.529391004630103     
  0.521301954196452     
  0.439429499884564     
  0.424323053040717     
  0.459057762176200     
  0.447092079455286     
  0.562425292122131     
  0.489209811370602     
  0.557573109774369     
  0.525118493844395     
  0.531030696494116     
  0.512308623617345     
  0.461009676932046     
  0.515504722514162     
  0.499722235405480     
  0.552349058078380     
  0.502306993453518     
  0.557904050197978     
  0.543152442306906     
  0.539187070162153     
  0.546500570828049     
  0.450488553256450     
  0.465256001363580     
  0.552656415805689     
  0.550742278402921     
  0.523659676276270     
  0.532785218409267     
  0.529562367012247     
  0.521651329493695     
  0.509403181889241     
  0.459860073041998     
  0.462897411038972     
  0.484487983985486     
  0.521040740771546     
  0.482996185041753     
  0.482082942508578     
  0.441709006133874     
  0.484137255014323     
  0.496412100753302     
  0.511389156852448     
  0.525020479196664     
  0.465989948753733     
  0.465701284001900     
  0.565492504008816     
  0.495601873969866     
  0.544553487538827     
  0.484410163744574     
  0.425527380973086     
  0.519569659757573     
  0.496309014623245     
  0.553185671522376     
  0.499460147034151     
  0.435269018771608     
  0.529951345785954     
  0.485002535740634     
  0.446256145047938     
  0.544385957305834     
  0.559915189704885     
  0.500110446947055     
  0.475906469849775     
  0.553874739347439     
  0.478520959996869     
  0.537746059372355     
  0.461228302017228     
  0.550306093291251     
  0.540101699450739     
  0.434853715886305     
  0.476498606699233     
  0.564057756678824     
  0.494235079667681     
  0.459894196323928     
  0.454415957087672     
  0.500812078188152     
  0.499868611465669     
  0.512406949821848     
  0.503392828066767     
  0.489713948691654     
  0.473301195232467     
  0.464770712794974     
  0.520242642789260     
  0.598298546788499     
  0.532887718913654     
  0.452757669981988     
  0.571223079914183     
  0.494680733196414     
  0.479796123622423     
  0.469668477687205     
  0.499169781796139     
  0.492630418051821     
  0.522725748014294     
  0.531454350949751     
  0.523915136141809     
  0.509836880052801     
  0.540063443165848     
  0.493897043097452     
  0.478326040175261     
  0.504223049260118     
  0.505005479622777     
  0.462637641548633     
  0.525499828153130     
  0.514087317971537     
  0.498904536851981     
  0.576224019777240     
  0.504204530169725     
  0.574276594542808     
  0.457466691728425     
  0.532900595482786     
  0.481997155011729     
  0.492005288827831     
  0.494369121461250     
  0.487493544054794     
  0.450669545024631     
  0.490287819091668     
  0.477349096477713     
  0.559600357919533     
  0.472148378353360     
  0.508967705985362     
  0.506211320268422     
  0.500522956306901     
  0.466589232131236     
  0.486376812856117     
  0.528711574705285     
  0.529063980429557     
  0.435530647250524     
  0.513102477146579     
  0.488202377663542     
  0.414243426116895     
  0.515543548296600     
  0.433676462167177     
  0.444448463528391     
  0.512892204855911     
  0.456510449055814     
  0.491277857517152     
  0.489803787160322     
  0.485927483008429     
  0.503070632472232     
  0.496038929295710     
  0.507076183228749     
  0.461999208012610     
  0.476336313806320     
  0.491510181625336     
  0.514036343117846     
  0.482794976439726     
  0.497857479426130     
  0.560324345925520     
  0.536486272558043     
  0.508940782955927     
  0.543090765827349     
  0.555469587390736     
  0.427004854796511     
  0.503915556263886     
  0.498381690935569     
  0.444369616824602     
  0.537705079460029     
  0.505187312389716     
  0.461529985312816     
  0.529329615508964     
  0.507662547507078     
  0.464464967733676     
  0.514029473091471     
  0.582949255096941     
  0.471544041603879     
  0.477025974292280     
  0.526057507227455     
  0.545595893542142     
  0.448632288058413     
  0.474401223548260     
  0.433800771920930     
  0.442434484032742     
  0.460429160311286     
  0.447288448930541     
  0.466686573036831     
  0.489752106331929     
  0.470859065982796     
  0.570582197022204     
  0.531938643598586     
  0.544120508975673     
  0.527959469306163     
  0.487074665153573     
  0.470943967788981     
  0.480312153751829     
  0.474450087328886     
  0.467998773194443     
  0.487965548474717     
  0.541128969112738     
  0.525772180712871     
  0.516770968424381     
  0.514835483215734     
  0.225281235029734     
  0.253406800610654     
  0.237413487273458     
  0.240953019815883     
  0.221163881157027     
  0.218819723875823     
  0.230995595350217     
  0.260673170846924     
  0.227432211677915     
  0.247695218705998     
  0.212152514947860     
  0.237091949458903     
  0.224281851593023     
  0.245492415085665     
  0.253305791078212     
  0.255037546375363     
  0.217585412442818     
  0.242491238497621     
  0.241934328128808     
  0.230046793755219     
  0.263479940654540     
  0.249248366865656     
  0.238721229651515     
  0.235692623326214     
  0.286210224607545     
  0.228012946059711     
  0.239658295948265     
  0.200100615688993     
  0.264667229662116     
  0.209772543659692     
  0.242486728617677     
  0.272096226344459     
  0.282051354287534     
  0.302826629368962     
  0.255541572085951     
  0.264582185755841     
  0.208691877034395     
  0.248159519767619     
  0.240520244211878     
  0.227840723476044     
  0.282762303821373     
  0.249329390369649     
  0.239767909805238     
  0.233364088984137     
  0.304338592132486     
  0.279282586950523     
  0.259820941791277     
  0.268041053518339     
  0.249445843479200     
  0.268790724290994     
  0.275435136869893     
  0.228700567815080     
  0.251204695788487     
  0.288035587285584     
  0.250408781530388     
  0.233873660854753     
  0.205522992569079     
  0.280639056828573     
  0.242791667703104     
  0.257035479764668     
  0.285621258081694     
  0.246711769888732     
  0.258861907262025     
  0.247947535532705     
  0.282161205286029     
  0.290762319445223     
  0.279781605191057     
  0.291067520961881     
  0.225947741629125     
  0.268815004472729     
  0.254008444309007     
  0.230547734486161     
  0.260423068927249     
  0.266120542656975     
  0.229505437486652     
  0.284054705087567     
  0.263324838245187     
  0.248767510169976     
  0.251814219221790     
  0.231607251516769     
  0.252119145072210     
  0.223486532028313     
  0.230616277184370     
  0.203677529648278     
  0.225052582214009     
  0.256535266081634     
  0.245548206054756     
  0.257370821558252     
  0.238475310836723     
  0.244189626593083     
  0.237418566342110     
  0.234386855418919     
  0.221978573430212     
  0.282490174015840     
  0.200899190998333     
  0.285500816262175     
  0.263917869786102     
  0.261739912784853     
  0.228983122865965     
  0.255106843211095     
  0.208933575602164     
  0.234617131675969     
  0.251472236585872     
  0.250726518662262     
  0.231279089865539     
  0.273746367848720     
  0.212112568980413     
  0.267587747823341     
  0.265809382122524     
  0.239780272747257     
  0.214262590895310     
  0.250841124475799     
  0.250309497945233     
  0.249625499854955     
  0.252853357715198     
  0.266019599115508     
  0.263223940915842     
  0.242907788512120     
  0.236779119926718     
  0.292843813988299     
  0.254045585369386     
  0.286817636725280     
  0.223489106631975     
  0.231807782915798     
  0.193261446488500     
  0.255775228896583     
  0.227598197119626     
  0.264949613368441     
  0.198629351566751     
  0.258035828101004     
  0.271233169155360     
  0.305933445759691     
  0.207812387476901     
  0.274944022701525     
  0.243306940059880     
  0.211261576558717     
  0.245037524055454     
  0.252680814422912     
  0.220528050214418     
  0.279067815328029     
  0.287840511443067     
  0.287583638573628     
  0.235141157911079     
  0.249246679577612     
  0.260404838933765     
  0.233912476322767     
  0.263360128336774     
  0.228288113084412     
  0.237928791640989     
  0.263840327543367     
  0.197075066160649     
  0.291561930269013     
  0.315845981540986     
  0.255962994989903     
  0.292837186348304     
  0.287308990538515     
  0.268170286924239     
  0.215029515162547     
  0.217856468002231     
  0.256096295596595     
  0.268367370248380     
  0.267449671994626     
  0.231830966475182     
  0.243181632180563     
  0.247348976315493     
  0.214680057551156     
  0.257245252602779     
  0.258008194859326     
  0.270004098954362     
  0.234020908548836     
  0.219953939678037     
  0.285288413909821     
  0.235464648677874     
  0.216090983372964     
  0.258218830855641     
  0.237720425720870     
  0.270933739558082     
  0.276559743476787     
  0.272865428005351     
  0.276707641713736     
  0.256107868136697     
  0.233806066716141     
  0.188491174865302     
  0.267905658503053     
  0.257908475597811     
  0.255365475471359     
  0.233006545266095     
  0.217029656845109     
  0.212444133075906     
  0.236482279709318     
  0.224263923535080     
  0.309462553471977     
  0.215964809199511     
  0.273318625535485     
  0.211973639275115     
  0.257394647396724     
  0.260615220345186     
  0.249109703684647     
  0.234398877477273     
  0.254961442260492     
  0.256562364926454     
  0.283407565274492     
  0.262083214536647     
  0.241111231007831     
  0.261094117541899     
  0.243378256546932     
  0.282449715525336     
  0.244539634612993     
  0.276722905613284     
  0.295703069749842     
  0.214386533126509     
  0.240083739677848     
  0.257938413408250     
  0.269956522927999     
  0.257157086704529     
  0.236738541527259     
  0.231759663383929     
  0.246955206571799     
  0.249684708059390     
  0.270914216772554     
  0.232239034729831     
  0.227084347004451     
  0.218951045570553     
  0.251379957042997     
  0.306520037923972     
  0.284365012344180     
  0.234590562616423     
  0.271786254527262     
  0.270109433404120     
  0.288232931689502     
  0.230999839447066     
  0.252525441111277     
  0.242573838889798     
  0.274466751148234     
  0.230966971743082     
  0.245840226347074     
  0.241351405422957     
  0.214443247029840     
  0.254468437395886     
  0.265948662905855     
  0.259644453084178     
  0.202030444079172     
  0.267298611288628     
  0.238624061498848     
  0.231434462720717     
  0.257115567926277     
  0.292792157877966     
  0.230261573550143     
  0.264661023858173     
  0.245031439361031     
  0.267862602830695     
  0.267652427366409     
  0.236045625175274     
  0.208264401099058     
  0.277690518474605     
  0.268604919412823     
  0.231327698273734     
  0.264399766301143     
  0.277158051580185     
  0.231165281444134     
  0.260803340782424     
  0.260171390130890     
  0.257162451606844     
  0.264042526886490     
  0.238728023349268     
  0.289182495176574     
  0.269660376352964     
  0.243853550436151     
  0.262064727618071     
  0.231950069650061     
  0.250542405031955     
  0.228174278021044     
  0.266544074155372     
  0.215151888875746     
  0.297145955846761     
  0.280097468193906     
  0.289428895356026     
  0.220620312307835     
  0.247743892528742     
  0.235670618008493     
  0.234736437382179     
  0.254249951040804     
  0.243228406499189     
  0.251704393261952     
  0.246745254615648     
  0.255336335343979     
  0.246385256872299     
  0.236426240767826     
  0.268114499531831     
  0.207415298097812     
  0.292557436370160     
  0.224747760564998     
  0.259197438802723     
  0.274821586493723     
  0.195402138102136     
  0.233070169344640     
  0.272013717445405     
  0.241834466065693     
  0.243949212931365     
  0.225758816423087     
  0.258260513156468     
  0.238790152019662     
  0.270415586655595     
  0.236513072322176     
  0.246224265275528     
  0.241740454389412     
  0.205117532897139     
  0.238680219763382     
  0.270344466681212     
  0.276110287169554     
  0.259787541552757     
  0.248522490216854     
  0.199844623092239     
  0.246072362184474     
  0.237361876180389     
  0.279306419500905     
  0.232981789469227     
  0.251201435075889     
  0.246674432030226     
  0.246286172322339     
  0.228346458705934     
  0.248048397972039     
  0.261124950794409     
  0.271403115653557     
  0.214494434642966     
  0.244520866903807     
  0.229846127227638     
  0.239006548964320     
  0.284767475141019     
  0.244096392888142     
  0.270415218114470     
  0.252158562320541     
  0.249762708677625     
  0.252392099395387     
  0.245275688719647     
  0.241073969698604     
  0.251660775707477     
  0.241924820226068     
  0.269628326214904     
  0.223788508969914     
  0.251644833264252     
  0.241046780157375     
  0.269259181330281     
  0.254189111420944     
  0.273775520601920     
  0.207840730018537     
  0.259076693899070     
  0.277580043910697     
  0.252346725989819     
  0.248599592799414     
  0.311957586668459     
  0.271424186540836     
  0.240594176919788     
  0.253363580958962     
  0.259474905912067     
  0.265892106921870     
  0.278651444443916     
  0.264137669345903     
  0.204910892958056     
  0.249015094092594     
  0.249987760653356     
  0.241055386142357     
  0.241942423467015     
  0.254853393962638     
  0.229150910101090     
  0.232977975227017     
  0.218681135556158     
  0.242027144361838     
  0.243972956451891     
  0.256211884724919     
  0.210567398341205     
  0.270134500366012     
  0.238398241762968     
  0.224833785493671     
  0.255587886637668     
  0.224209966615059     
  0.298408373926011     
  0.232839434748930     
  0.254302020636759     
  0.283687899309359     
  0.266463287130672     
  0.243955163942734     
  0.282327029715601     
  0.225340851548735     
  0.226624159580266     
  0.213960067613821     
  0.222168620901297     
  0.215795108382681     
  0.270828023025365     
  0.226573959747400     
  0.250925454694120     
  0.182730076996170     
  0.213299289576387     
  0.269878844757166     
  0.290316967943824     
  0.237077072998002     
  0.208089825050554     
  0.224872354825279     
  0.242183225810178     
  0.232282669344916     
  0.245643628007250     
  0.235345219210403     
  0.259335021525451     
  0.257276151967895     
  0.276173291584869     
  0.244837323124395     
  0.243147330424443     
  0.231200599169393     
  0.259909736990274     
  0.230672862896605     
  0.235450957039270     
  0.249678734760212     
  0.235992122598376     
  0.185966857594643     
  0.244352814347088     
  0.233906579250273     
  0.199539121660658     
  0.281584918078049     
  0.239609702837020     
  0.222457001344087     
  0.290410024210638     
  0.278861145467068     
  0.278077886547740     
  0.280653912008889     
  0.273524296062921     
  0.254444860295224     
  0.263302829653279     
  0.254441048009735     
  0.241983466530068     
  0.246286835203257     
  0.264354224418440     
  0.233703679175636     
  0.258528032658797     
  0.217887937697768     
  0.227206244715260     
  0.231181904320564     
  0.209105238221301     
  0.239429330140164     
  0.254365236516588     
  0.289171043750952     
  0.224584539286132     
  0.233949931381089     
  0.237212165617491     
  0.204919018592771     
  0.247940160591805     
  0.248999240914536     
  0.265410395916423     
  0.223963146264752     
  0.251441567803764     
  0.223141303381615     
  0.248678939922800     
  0.232274306841206     
  0.261708329528975     
  0.214458138951560     
  0.239586503829858     
  0.294856674213429     
  0.261705441508340     
  0.250068355294250     
  0.267741822899812     
  0.224775900667804     
  0.218758490193656     
  0.219064827253442     
  0.235085117434406     
  0.231275158907340     
  0.255921746078303     
  0.271503083569551     
  0.245811356972452     
  0.208499339030856     
  0.248020988934352     
  0.221317422301188     
  0.249763165297352     
  0.243486584403190     
  0.229020613209640     
  0.238968562289856     
  0.257724783903308     
  0.246501542971608     
  0.230692613735940     
  0.206689084686255     
  0.210485770896794     
  0.228507615051862     
  0.239690113812522     
  0.250752864381415     
  0.251847214317999     
  0.290282425502393     
  0.248728489081599     
  0.249973830670786     
  0.266577845663116     
  0.235345402294646     
  0.250030428464059     
  0.261774366405714     
  0.220800609660464     
  0.249002906725313     
  0.228804685883922     
  0.256072297917619     
  0.259257081674156     
  0.252974406705850     
  0.248418081057113     
  0.251028221328543     
  0.266512015448693     
  0.273291756573587     
  0.284607509020206     
  0.260359740812478     
  0.261878643711957     
  0.255178708071891     
  0.242125438946587     
  0.251212077906005     
  0.249480290405064     
  0.253750150738148     
  0.250305665484329     
  0.280366254451801     
  0.257053410702959     
  0.267282007398390     
  0.254914346556276     
  0.254739613350524     
  0.226648214104777     
  0.254417889547726     
  0.230890771559838     
  0.280130423345172     
  0.215679306508905     
  0.264114543455037     
  0.295354955477758     
  0.262999283629667     
  0.250672005611930     
  0.250280708284878     
  0.225771992695718     
  0.229769067379163     
  0.198657599814725     
  0.224195645757352     
  0.238631138460779     
  0.241532600739713     
  0.216826113496199     
  0.323678437045091     
  0.232057758055661     
  0.247331485955560     
  0.262475559630883     
  0.237544821971812     
  0.293243772383719     
  0.270341136133354     
  0.241167450338441     
  0.315196966471609     
  0.203770215313827     
  0.252003279118951     
  0.253372510460636     
  0.285047541552799     
  0.240317024596360     
  0.267141109359517     
  0.259312749238266     
  0.241082046553114     
  0.254951143862935     
  0.210356774600860     
  0.227250409281157     
  0.282739045563380     
  0.219296034163668     
  0.282011286697318     
  0.253809748772322     
  0.283885069899811     
  0.213011288300039     
  0.252598611965450     
  0.189043249760076     
  0.262335086118594     
  0.217972644478064     
  0.260675073089271     
  0.259819966068104     
  0.265898276654529     
  0.292737331475506     
  0.187722567177048     
  0.271557684815039     
  0.211424162732019     
  0.236567499678274     
  0.286193882605897     
  0.234926004523644     
  0.230777416647002     
  0.226944939002987     
  0.264295426092773     
  0.286273762698815     
  0.255693074828540     
  0.205538553059632     
  0.282455165450749     
  0.311075341277390     
  0.224074467804778     
  0.252497720883393     
  0.230377367695909     
  0.231607955826549     
  0.245729597137861     
  0.236208004735832     
  0.278498362216944     
  0.218974038826080     
  0.272924882068365     
  0.251110564121058     
  0.234872622222432     
  0.244956349670786     
  0.216916099422653     
  0.234685977782143     
  0.238455517089427     
  0.242704609065225     
  0.208645599652921     
  0.227081676379769     
  0.262620080389841     
  0.271363783884828     
  0.185379113550456     
  0.285529714824631     
  0.230181638597940     
  0.214634514305352     
  0.243011239228612     
  0.261112383195557     
  0.232721869124605     
  0.227048861629564     
  0.283641415935136     
  0.241579987686586     
  0.265181775346908     
  0.217578009313889     
  0.313772229638885     
  0.227690804859178     
  0.239208151145701     
  0.250588714653837     
  0.226189597746253     
  0.249424065430376     
  0.234677937801530     
  0.213844114832101     
  0.234502279616396     
  0.260231124860599     
  0.266899032144678     
  0.270536808117508     
  0.249050027791261     
  0.259903903302444     
  0.254924572293386     
  0.218114218923861     
  0.230187418738292     
  0.263972893934272     
  0.241760174147535     
  0.245167029383855     
  0.296018228125439     
  0.280912911677012     
  0.246997451219102     
  0.240971275262060     
  0.296261814828974     
  0.288398321100185     
  0.244979719307722     
  0.243717848043530     
  0.270822883726716     
  0.253224445713529     
  0.271245165265724     
  0.225093517097105     
  0.254659047735966     
  0.288251823703882     
  0.231575067333299     
  0.254007782111184     
  0.235335831849925     
  0.233209043378834     
  0.235935807089222     
  0.254893187204376     
  0.237781311234552     
  0.227916861336081     
  0.254078967968956     
  0.239081009942697     
  0.228581628347934     
  0.251349769505050     
  0.208435265828333     
  0.252692019968804     
  0.236926773289972     
  0.247922001538757     
  0.262080891234357     
  0.220241061328528     
  0.254764236711940     
  0.307355724285984     
  0.248168240690301     
  0.222380612464626     
  0.239706050056132     
  0.265412548239407     
  0.233512065559864     
  0.262190087580745     
  0.212899644942859     
  0.217191551213214     
  0.246643670288242     
  0.231127786485810     
  0.261326511959348     
  0.271902634231827     
  0.236195287704028     
  0.233765590987152     
  0.205465940705399     
  0.257477962534247     
  0.208119548499077     
  0.221255580776690     
  0.258809700585343     
  0.256843471449711     
  0.250054591365648     
  0.199138210757184     
  0.269447870286230     
  0.233967407368206     
  0.243715991262096     
  0.257555930231953     
  0.289480805881958     
  0.284000704476937     
  0.256387431356515     
  0.241652937542610     
  0.234100154995266     
  0.236381581844878     
  0.215250126321331     
  0.251540984235652     
  0.238079299852452     
  0.249150982124588     
  0.226963469104376     
  0.303309467089420     
  0.227419677134822     
  0.249303224798347     
  0.233336623085276     
  0.270275854769330     
  0.268233057623147     
  0.255504949204019     
  0.247463109111103     
  0.252069693634380     
  0.270768693075071     
  0.225867810166785     
  0.260699294759227     
  0.256435703900099     
  0.204578142250289     
  0.213049917777438     
  0.237218756748343     
  0.257011072349087     
  0.237669785301729     
  0.238107765869049     
  0.248104823879731     
  0.223819897472836     
  0.238345336139287     
  0.206332389779146     
  0.260379384312284     
  0.222654141589426     
  0.249683836532624     
  0.303298018828697     
  0.249591404148317     
  0.232715369083665     
  0.251729309132284     
  0.244584759029912     
  0.230272590798684     
  0.240436896427945     
  0.238221410216699     
  0.218546935326969     
  0.231262362721166     
  0.200327496606035     
  0.252511197074308     
  0.232565255988763     
  0.207922699501529     
  0.274968269262481     
  0.275425415654558     
  0.276380926568037     
  0.228036757573014     
  0.296438159239893     
  0.240504030662187     
  0.302634208960650     
  0.260439748189702     
  0.270008380131562     
  0.272293234380405     
  0.275649207913147     
  0.256102286414539     
  0.247517382304309     
  0.208930949094912     
  0.275182539311109     
  0.261253019157164     
  0.255725830034314     
  0.285733118802177     
  0.262627822543141     
  0.243961948019739     
  0.200811785640369     
  0.242536181184565     
  0.267900222784697     
  0.237770032091069     
  0.239045166323330     
  0.287066323940629     
  0.239047601169713     
  0.257369379436820     
  0.281133348452930     
  0.252106595472360     
  0.244855100019382     
  0.264676524413198     
  0.235522192811661     
  0.301299807953980     
  0.259724160956848     
  0.247721296327639     
  0.277047096132369     
  0.252854542504720     
  0.277661250566322     
  0.249718351578975     
  0.266863270996172     
  0.260680110512530     
  0.269899560679590     
  0.230247473038273     
  0.254348165695343     
  0.235077238317158     
  0.234815427007766     
  0.207119761159010     
  0.277336087492052     
  0.266424649551557     
  0.253040558716107     
  0.237069875623718     
  0.255671719565830     
  0.257240184116426     
  0.201008616938513     
  0.265888024137842     
  0.269504883630751     
  0.241901562877597     
  0.251552318506574     
  0.265006103281224     
  0.228722918898511     
  0.286076590693238     
  0.247455370467295     
  0.269149736812060     
  0.235427714167346     
  0.274961857480688     
  0.265236310781357     
  0.254767970945192     
  0.270805964065811     
  0.240788575917700     
  0.210892021636734     
  0.271264154665732     
  0.269601472275685     
  0.226021506524265     
  0.315862532322301     
  0.242761757313566     
  0.297258431833739     
  0.292513637134901     
  0.245714561060437     
  0.233978569099177     
  0.261397485403650     
  0.215648197343149     
  0.229613735074390     
  0.261080829050454     
  0.230968735885355     
  0.274165603503514     
  0.270823096260104     
  0.297037708733847     
  0.278546252679324     
  0.260753637109767     
  0.234084437577706     
  0.233440531852795     
  0.256569971353617     
  0.225165862477883     
  0.246543168389995     
  0.231850982684603     
  0.229559964212478     
  0.252629479597894     
  0.248199637951972     
  0.228961969736509     
  0.298843790599960     
  0.292903509161151     
  0.214268978866856     
  0.250217076972700     
  0.266364456137883     
  0.248319138849811     
  0.249936542512532     
  0.290387633257652     
  0.244519218627977     
  0.251244135610375     
  0.304328824906625     
  0.238580325838810     
  0.238232711822376     
  0.273138650488276     
  0.271866533881076     
  0.300696581110137     
  0.255231532225792     
  0.207211170027688     
  0.206127137929812     
  0.216593422721450     
  0.245290221118722     
  0.233817781073193     
  0.238132505146419     
  0.235639602401490     
  0.216217871263288     
  0.274321456640795     
  0.237723959308067     
  0.278093155035886     
  0.227465510926584     
  0.284212494202569     
  0.292425802684874     
  0.254521035913435     
  0.247608337914711     
  0.283716471012927     
  0.270028930496437     
  0.232510278830461     
  0.309562954816966     
  0.243309186095867     
  0.221426445304549     
  0.276571834103808     
  0.228645691631636     
  0.271823206365306     
  0.214752177200742     
  0.255903705858873     
  0.249803250401825     
  0.261125423256396     
  0.240394893112246     
  0.234695445539081     
  0.205054326061453     
  0.257130210660783     
  0.214474498786585     
  0.234945022237626     
  0.196530131618501     
  0.259209958046311     
  0.229558601189078     
  0.230689923297130     
  0.258039978030230     
  0.268046535949819     
  0.225580770718942     
  0.234719343230117     
  0.251243655878833     
  0.279915130759942     
  0.295660099645910     
  0.300527630840734     
  0.249724473353014     
  0.271619110254058     
  0.277664007679982     
  0.276399647491628     
  0.258649608171275     
  0.222812351294415     
  0.246672653266760     
  0.218263096762284     
  0.220496889975717     
  0.185366113074957     
  0.230409881973865     
  0.234776697662567     
  0.213976832596235     
  0.238294382372290     
  0.245977353930250     
  0.213833500138641     
  0.258370409254240     
  0.261625565098029     
  0.247683778311761     
  0.250929710488527     
  0.250519656116862     
  0.206970873199611     
  0.265742397366854     
  0.245439206374661     
  0.261813973733346     
  0.254049476816619     
  0.262742195429621     
  0.260890968530732     
  0.218454254026237     
  0.238905411999455     
  0.218915809749670     
  0.249415661986757     
  0.207508899991116     
  0.305484416648500     
  0.235269896847767     
  0.211937836556033     
  0.262255873889449     
  0.268639059751836     
  0.213526405243132     
  0.236560367542454     
  0.250499152095752     
  0.225717206764290     
  0.236507445602816     
  0.225441938481189     
  0.246378469511777     
  0.268002685644244     
  0.285605315323701     
  0.238140506786503     
  0.234703752792153     
  0.208320337832375     
  0.221189897715290     
  0.304806236981997     
  0.271842616120401     
  0.245527730873483     
  0.252738811351843     
  0.220094667922582     
  0.263853878050091     
  0.234599260425195     
  0.251154743700122     
  0.199395150758399     
  0.234713739450335     
  0.292440167736498     
  0.256011562294077     
  0.282968663454935     
  0.237594238498363     
  0.278403925807300     
  0.236147790600306     
  0.295521806320288     
  0.234782133831225     
  0.250708601356899     
  0.248785188475885     
  0.246767858738112     
  0.200788934967896     
  0.234264708363939     
  0.276252828008930     
  0.235385460023936     
  0.234557005993402     
  0.243397962466421     
  0.211653856828264     
  0.231829830957447     
  0.289470738903582     
  0.234354040096829     
  0.236056274120273     
  0.225816537994858     
  0.253030317745538     
  0.274930658775138     
  0.222656185143164     
  0.229876670446295     
  0.239794237021863     
  0.246715650882154     
  0.258325692936522     
  0.259189222180063     
  0.280493225349580     
  0.250113726555839     
