  0.526695428163003     
  0.480831325621189     
  0.450785886445834     
  0.504133210701825     
  0.557448643522501     
  0.461737402117717     
  0.456620590423821     
  0.484923708539561     
  0.438602153798381     
  0.467113560503098     
  0.504672320243840     
  0.519120828124077     
  0.540429888354281     
  0.565025248832849     
  0.503833512221992     
  0.518583973201559     
  0.508030102336490     
  0.540540862690469     
  0.504994119717918     
  0.471253145281558     
  0.531259313010790     
  0.539791899685513     
  0.471892799259625     
  0.543193816786350     
  0.554774859030807     
  0.442863683611162     
  0.505845963648626     
  0.503445525403198     
  0.464952792304491     
  0.544127374015134     
  0.446802016052026     
  0.433870199862100     
  0.421382369674430     
  0.456302186564823     
  0.506433447703529     
  0.457313237584491     
  0.428890351791274     
  0.510122225876226     
  0.483031933764725     
  0.492197838386474     
  0.533401777008581     
  0.475213117803644     
  0.467106936201937     
  0.468214509896350     
  0.518370154720481     
  0.530250339375003     
  0.595156052399249     
  0.546695952068744     
  0.476112338333450     
  0.538815371136751     
  0.517788733217712     
  0.551251446529836     
  0.442515798275022     
  0.439193212247773     
  0.544337825623020     
  0.522555180103479     
  0.490587794173468     
  0.556766731148281     
  0.505341908045521     
  0.486933833458352     
  0.507576652356770     
  0.476366890513634     
  0.490223014290569     
  0.493524105856030     
  0.497460369507061     
  0.535574687772439     
  0.478486192434057     
  0.461581006202985     
  0.509074152332061     
  0.467130599443917     
  0.450703701824856     
  0.484525994169762     
  0.562830590236368     
  0.512566342645906     
  0.478521544613388     
  0.549933467516900     
  0.479971917802583     
  0.543123707472540     
  0.529279301570361     
  0.481217920367169     
  0.461566843651702     
  0.458380269299446     
  0.461744354383254     
  0.525111883358030     
  0.579164863162074     
  0.566602650966011     
  0.512891929051066     
  0.580850704800592     
  0.500176242188331     
  0.506280965710342     
  0.538431366649264     
  0.479870307501011     
  0.499595018476415     
  0.540424028107075     
  0.472320623454963     
  0.441654790601755     
  0.420394594214716     
  0.462604821369723     
  0.545225302805717     
  0.473656159809642     
  0.494680972713390     
  0.529922991019374     
  0.465491570309777     
  0.491875642526999     
  0.508016306428352     
  0.479574689261538     
  0.468103409983423     
  0.516907732941101     
  0.505968448927861     
  0.478422327219552     
  0.506407904899770     
  0.531373290817873     
  0.501156659927875     
  0.472698922384848     
  0.512223419634931     
  0.517399773114285     
  0.566425290976335     
  0.414597702607385     
  0.499416848040837     
  0.467569520914709     
  0.471206602351808     
  0.471422332606953     
  0.507041045474652     
  0.515896689087320     
  0.489587759734566     
  0.493908327643956     
  0.512298890770441     
  0.479376405174963     
  0.501391136651913     
  0.498191419843787     
  0.504411200492605     
  0.483932556433274     
  0.515157685570444     
  0.500262700292387     
  0.464894758959667     
  0.490949541891808     
  0.528649293698659     
  0.547439555694258     
  0.424433228223872     
  0.497160871688234     
  0.528085479381164     
  0.534016957327861     
  0.437983682993043     
  0.491910702032275     
  0.513016005372235     
  0.482891258824429     
  0.520509240737437     
  0.508486731274067     
  0.511181668538341     
  0.525178862468361     
  0.499413676733690     
  0.554882396430318     
  0.466680958890261     
  0.511652630580050     
  0.513276448076044     
  0.500824153233890     
  0.549456586908029     
  0.477950446732293     
  0.498593023045115     
  0.512171922862607     
  0.520052652781833     
  0.472513975416956     
  0.557379737295107     
  0.539274033097358     
  0.552102192425640     
  0.488587083295127     
  0.488414808941573     
  0.531358404663759     
  0.449930656004497     
  0.549244592322422     
  0.528759756574855     
  0.475292291952811     
  0.513528519902123     
  0.549158084928617     
  0.496743549446789     
  0.472078494369603     
  0.492729243411962     
  0.502784273410063     
  0.477355690010833     
  0.490550780381968     
  0.505584787420347     
  0.487833921170920     
  0.493506236677837     
  0.505957821906359     
  0.543278980657549     
  0.506016453391996     
  0.526897462992310     
  0.472369376799589     
  0.509353315190706     
  0.589264190684089     
  0.539793934032221     
  0.505014768487398     
  0.492157852613065     
  0.449393599460115     
  0.509294881023678     
  0.524423028058895     
  0.541898378228868     
  0.514151652954846     
  0.446759997666160     
  0.504961660556278     
  0.465671941257512     
  0.520572582031191     
  0.419237054104231     
  0.488265692735994     
  0.493556910335505     
  0.489380967669555     
  0.466227848336021     
  0.524182547911628     
  0.511661841322248     
  0.537145590479680     
  0.513691319267939     
  0.417374565210681     
  0.420089412560841     
  0.580857367126476     
  0.523803784243732     
  0.496146095873045     
  0.468888376341177     
  0.505714850139075     
  0.512932284195516     
  0.439057081872044     
  0.473883159573958     
  0.473822376991915     
  0.516045573016515     
  0.477722082959927     
  0.524563228447484     
  0.449689827140311     
  0.471373394121714     
  0.497620453867200     
  0.475913088002774     
  0.419169582987876     
  0.452062655927425     
  0.470553688440139     
  0.492662217904095     
  0.520345686980844     
  0.485433943089787     
  0.533205299328776     
  0.490620901088438     
  0.519283112597947     
  0.500442057323342     
  0.511335850712875     
  0.536271555280952     
  0.518788599501863     
  0.527886422722228     
  0.458945231072984     
  0.508985186912583     
  0.474271732216481     
  0.445442118790177     
  0.504819700490425     
  0.493223270721693     
  0.576521143960585     
  0.562087987376099     
  0.535855280232918     
  0.510019931353262     
  0.518763815337597     
  0.446119032856228     
  0.502930578686900     
  0.517259710570995     
  0.469003872313030     
  0.471862961626036     
  0.451492179366027     
  0.510245034588090     
  0.527408547791507     
  0.474653585289879     
  0.473691580203377     
  0.468042626867312     
  0.507609592116815     
  0.524751220325418     
  0.544469371822393     
  0.524659510924396     
  0.484189396022218     
  0.526763782468033     
  0.516498931700321     
  0.494002943450899     
  0.490387715757285     
  0.486234026640965     
  0.412542014163908     
  0.500168110344946     
  0.499330445883733     
  0.525844618025690     
  0.529853686743806     
  0.526541574365098     
  0.511532954406603     
  0.547864635428078     
  0.530986517317655     
  0.569296260921442     
  0.509066860234233     
  0.530277343665446     
  0.504661377773387     
  0.558208125650563     
  0.531040557949652     
  0.466843838604629     
  0.499918002733528     
  0.499621910919696     
  0.522066859992793     
  0.501758679042362     
  0.513047135427025     
  0.464228694794681     
  0.469312097420348     
  0.539678381689098     
  0.519162242334639     
  0.532026359595183     
  0.504426037683773     
  0.467120245712654     
  0.501463334025653     
  0.496252228415574     
  0.497083056569216     
  0.493961644679831     
  0.547600746790497     
  0.520118719662851     
  0.559563602655273     
  0.522172269697633     
  0.467567039134203     
  0.527811896080808     
  0.510901008548148     
  0.471070500955222     
  0.498682713967892     
  0.443325786389473     
  0.509062404098208     
  0.566477980287057     
  0.555820312024988     
  0.482391840687693     
  0.497240225027543     
  0.478691839091391     
  0.538122303723926     
  0.466389090836119     
  0.462895461456872     
  0.508738315339589     
  0.498287053816703     
  0.512737582352843     
  0.497508520020031     
  0.444961447605792     
  0.528355710508939     
  0.510822837186179     
  0.505096781225890     
  0.506346028029750     
  0.525307725810342     
  0.480640161882904     
  0.491109300295030     
  0.478813122877196     
  0.449875157868893     
  0.567330893915869     
  0.497066214362648     
  0.548331515512409     
  0.501213724577676     
  0.443684615467258     
  0.490482619510068     
  0.423001341651747     
  0.446390263276114     
  0.562913334088692     
  0.505099537267060     
  0.493447776314727     
  0.483524575062362     
  0.519086725764680     
  0.502963188249775     
  0.486139628956788     
  0.489680015356957     
  0.553216114242600     
  0.453200603649391     
  0.449575522149622     
  0.465960185633806     
  0.519447954201566     
  0.461214218062707     
  0.486799219892384     
  0.469913564289431     
  0.540270776797220     
  0.448102518353296     
  0.591053813022588     
  0.532825873854489     
  0.494148772785032     
  0.445749445272775     
  0.487829360961508     
  0.490957530828177     
  0.472901030618563     
  0.523389097741868     
  0.512387871419965     
  0.514195025863203     
  0.554996377545217     
  0.485057467520832     
  0.514993393951526     
  0.456651924533272     
  0.458579266756627     
  0.508699456358338     
  0.550293518214584     
  0.533511649039635     
  0.550768502494789     
  0.458178391578528     
  0.436111908717502     
  0.516407243133311     
  0.512136895089733     
  0.568488007316286     
  0.559113572132619     
  0.514736494261534     
  0.469552066684973     
  0.518950089723288     
  0.444002445030479     
  0.472618703884440     
  0.425728743871429     
  0.473184927804457     
  0.547266799822562     
  0.522490599699092     
  0.527654656737539     
  0.447597777592621     
  0.525280200440892     
  0.521375737709556     
  0.541359660141199     
  0.472538933824870     
  0.556082249036634     
  0.496506020796339     
  0.561095410841975     
  0.491246394812028     
  0.505978559533163     
  0.461706182100230     
  0.497705643334618     
  0.486179334956343     
  0.496570648131303     
  0.497122754335603     
  0.478501872344051     
  0.429328849112220     
  0.510786846723661     
  0.527598126041209     
  0.500380542364345     
  0.500252858198729     
  0.597108585024202     
  0.505537785633916     
  0.463963876839731     
  0.421338286033036     
  0.551772048572009     
  0.489699490488345     
  0.509348201969992     
  0.481361189385056     
  0.465378353579175     
  0.460137069224083     
  0.478508627011760     
  0.504609824166353     
  0.481284543235482     
  0.509501929326236     
  0.495297713877987     
  0.478075715832150     
  0.499695160964151     
  0.546409068389141     
  0.516197630350818     
  0.503697989143721     
  0.495953971345025     
  0.491288183559071     
  0.469700349471403     
  0.477830678915376     
  0.530099241332678     
  0.511794482663249     
  0.497645632922650     
  0.533066932735903     
  0.525559297477597     
  0.517936334059998     
  0.473274291684858     
  0.529307153158424     
  0.460217351377416     
  0.488533943824855     
  0.513223933881154     
  0.466154370708474     
  0.484092352876403     
  0.477537547462970     
  0.513884347105572     
  0.510781965941272     
  0.519625153015523     
  0.534456579328663     
  0.450708173960790     
  0.488418118180629     
  0.472375599214061     
  0.531792116794615     
  0.516212160197927     
  0.530562006660055     
  0.486740176424504     
  0.430772094757935     
  0.463463289689186     
  0.508344198903168     
  0.491573331977278     
  0.467069139787385     
  0.507949052685798     
  0.493016732262563     
  0.429629531476383     
  0.512427544289947     
  0.426597385987918     
  0.548812904988576     
  0.480554364243712     
  0.477574477280926     
  0.486150001563059     
  0.539116871303289     
  0.542404446421865     
  0.530070295790678     
  0.520553409299852     
  0.486226317433812     
  0.513987962042978     
  0.438509148976766     
  0.516678724023534     
  0.541609298895888     
  0.455586811112309     
  0.472168134184920     
  0.534981827544710     
  0.463762061480531     
  0.469388510469137     
  0.512315862823546     
  0.531163586583470     
  0.441257754920580     
  0.498242193228043     
  0.478986137979302     
  0.486863289141733     
  0.423059315831630     
  0.604921270945668     
  0.519479293210337     
  0.534892216522599     
  0.496819697202189     
  0.482291392206760     
  0.510293622690177     
  0.445088372461162     
  0.444747397618892     
  0.508581737389935     
  0.491957877136547     
  0.464240199059406     
  0.440968319028350     
  0.459328193924475     
  0.502073005132039     
  0.507496432003110     
  0.458565578229931     
  0.488247859563667     
  0.511572750754370     
  0.525118601884691     
  0.568053432571027     
  0.479058833714999     
  0.477155496832275     
  0.465725039486742     
  0.453566849385933     
  0.469134625898003     
  0.544272414203869     
  0.560718235112437     
  0.493698703615539     
  0.495249598849818     
  0.536112356421565     
  0.454592874345918     
  0.424525409153699     
  0.572062256140523     
  0.501243459333911     
  0.461172639915206     
  0.538969620263577     
  0.517952739618158     
  0.503407651972397     
  0.506703177650403     
  0.547796866060090     
  0.485815575777102     
  0.538320175477544     
  0.594476972494279     
  0.510144417658025     
  0.490794337333603     
  0.513153120529212     
  0.542339870960642     
  0.478484666796443     
  0.516913947260049     
  0.521862948031979     
  0.512247967257840     
  0.448336465454659     
  0.455977130478381     
  0.476431556230436     
  0.506397031232783     
  0.484211894260127     
  0.466912896824101     
  0.479970597790711     
  0.497811296179533     
  0.547556792547881     
  0.480518079935161     
  0.545028666049687     
  0.446667137462520     
  0.515865633682779     
  0.444977884056030     
  0.461971490205539     
  0.417819661511735     
  0.484708406390209     
  0.452165995211124     
  0.469181777229251     
  0.486666295825819     
  0.485581762485305     
  0.490636393539571     
  0.485638475946981     
  0.444572498472385     
  0.489308134634692     
  0.611845973319059     
  0.543965303772901     
  0.560066083096329     
  0.518833774487376     
  0.457148508694836     
  0.543071013918825     
  0.502336518390871     
  0.501714361820096     
  0.509377594520089     
  0.551655454635723     
  0.536841942785410     
  0.525322401096451     
  0.450679015317487     
  0.578844851374980     
  0.534287594126842     
  0.507041877944397     
  0.489162639293461     
  0.501863947318336     
  0.517489603556955     
  0.496202098351335     
  0.507998527231409     
  0.481276016687651     
  0.519339570475906     
  0.519724133282736     
  0.481272979413589     
  0.544354114650648     
  0.516398033637282     
  0.506738659745958     
  0.472954502646837     
  0.571545957169778     
  0.489281822382884     
  0.545129226796356     
  0.419970613868217     
  0.498840636102647     
  0.555748734252264     
  0.506946373544469     
  0.510855806627535     
  0.553359416973777     
  0.510187844149381     
  0.490046996015206     
  0.525299602950479     
  0.531418933481063     
  0.474206445450476     
  0.454231510524403     
  0.507155116723049     
  0.545549895550313     
  0.475443650083338     
  0.482537205258001     
  0.479598005004310     
  0.470815272626752     
  0.504863332909344     
  0.476987820349164     
  0.540398187928107     
  0.482017903847114     
  0.535034490902869     
  0.521155570230014     
  0.588687036961683     
  0.481215592026704     
  0.460818544266957     
  0.461827264251874     
  0.520268041020050     
  0.454649137142173     
  0.534285528719315     
  0.564606487075569     
  0.519656615452635     
  0.531726820838550     
  0.459599603010253     
  0.464070958344041     
  0.511849491703241     
  0.454951591228089     
  0.529690137835534     
  0.516072687583823     
  0.530395765105911     
  0.438578901940871     
  0.539466517079176     
  0.495073546195431     
  0.509727911121629     
  0.491029455672273     
  0.558383561016002     
  0.478479037633740     
  0.477584423006959     
  0.468057461831980     
  0.511384362358229     
  0.539916714607801     
  0.469096242327413     
  0.499647509892508     
  0.429647290896049     
  0.539942166645127     
  0.562146921793325     
  0.536397525453318     
  0.506798200194503     
  0.540449270170821     
  0.567451505463524     
  0.495103057872867     
  0.490858741663914     
  0.495580600788859     
  0.518799493336479     
  0.457635602832845     
  0.548660443529471     
  0.511179960339600     
  0.510838293734779     
  0.433417895197366     
  0.528905157728389     
  0.547651801799017     
  0.502512888111364     
  0.515595158411758     
  0.526652179210686     
  0.590682398917427     
  0.483878453515147     
  0.446881258202708     
  0.460689879587953     
  0.419359412455054     
  0.552653064202360     
  0.447342807582029     
  0.495537368650571     
  0.517131876552675     
  0.514565107392645     
  0.512360679183942     
  0.543133683868089     
  0.500835422516322     
  0.514115239786966     
  0.568558675063255     
  0.579386883112912     
  0.432655914191481     
  0.538954439721981     
  0.521902460886451     
  0.492250328697025     
  0.509741139248806     
  0.463222282914887     
  0.445451045654749     
  0.492295119161603     
  0.496677654504826     
  0.488417877663521     
  0.455678922730392     
  0.487521915796698     
  0.498800477049032     
  0.548142129434812     
  0.504032256127336     
  0.508602660617229     
  0.430454709824410     
  0.500258697078887     
  0.505519674905476     
  0.505174214366957     
  0.445199547284140     
  0.492861230096356     
  0.519722631724039     
  0.475542008245759     
  0.475545344130745     
  0.514030128564343     
  0.430423917881870     
  0.552083209956261     
  0.525637726621626     
  0.519130536963856     
  0.589491005101728     
  0.523403516551185     
  0.572524099251936     
  0.559135349250626     
  0.612964712417284     
  0.487062689178615     
  0.509422530997108     
  0.560583786604987     
  0.468518003097805     
  0.509875087714127     
  0.474026120454542     
  0.575526870907806     
  0.560920725443313     
  0.468807095164367     
  0.543538215364346     
  0.518010888139563     
  0.436381864454778     
  0.452051813896589     
  0.555311764290037     
  0.522326008236181     
  0.443161259512425     
  0.524668582100125     
  0.478728275243216     
  0.525607156377476     
  0.503637715285586     
  0.437453705895966     
  0.491083435494345     
  0.486041667517554     
  0.505804271892255     
  0.520104384040924     
  0.490765577880223     
  0.498780026938284     
  0.509255020124318     
  0.510651115123646     
  0.539317110463897     
  0.563940210383691     
  0.529158933906436     
  0.498652623140043     
  0.536830924527708     
  0.508971969685495     
  0.571892822491922     
  0.534234639021433     
  0.494115968387228     
  0.494279056107557     
  0.461815002413074     
  0.488223195215720     
  0.502027821551047     
  0.447978403914514     
  0.529410218321108     
  0.517739468274872     
  0.498659833546384     
  0.550128078647677     
  0.512489264621586     
  0.520596967889570     
  0.530453260003730     
  0.526863784434695     
  0.463798753152568     
  0.487163109790826     
  0.477308157458542     
  0.516901009658684     
  0.524894616018299     
  0.501600400648884     
  0.513766680939621     
  0.473162074053281     
  0.505854140004184     
  0.464549346493168     
  0.495140340683428     
  0.489215018638968     
  0.500081772990731     
  0.501547832427501     
  0.471557477680241     
  0.456817936005634     
  0.441069087734954     
  0.515609076803217     
  0.506607798159274     
  0.510033172549999     
  0.561598876247209     
  0.541958777876011     
  0.462017323422049     
  0.487400822234725     
  0.571181953576049     
  0.472027347466396     
  0.497878476378882     
  0.526525019877009     
  0.379581550488921     
  0.488105529180410     
  0.477344433928578     
  0.464781583466570     
  0.545793681762384     
  0.546858752551162     
  0.502383289855013     
  0.480053211655999     
  0.498515943493343     
  0.498443647635087     
  0.484302679277402     
  0.533098747050123     
  0.551085178234148     
  0.456401392391362     
  0.502518083091673     
  0.564810216726545     
  0.482642270029599     
  0.508060580058137     
  0.511690317632434     
  0.599949026169386     
  0.430760750604551     
  0.504068678769312     
  0.434465166629387     
  0.462818547512266     
  0.444071372474159     
  0.533531212688065     
  0.519007695396610     
  0.485506466903412     
  0.486844622901691     
  0.492351238909624     
  0.458537801650449     
  0.496615882601913     
  0.467316966336302     
  0.507494105378842     
  0.446389743842519     
  0.467046392818961     
  0.560428740098945     
  0.500992604048729     
  0.491560878867765     
  0.529829215293179     
  0.546338317934396     
  0.518834931756770     
  0.523454538562545     
  0.479789769371616     
  0.548770296679902     
  0.476750597835266     
  0.511132847366829     
  0.485676879050246     
  0.481130934757272     
  0.471823195004852     
  0.458714819833009     
  0.524333239784420     
  0.495569281364188     
  0.492273335080193     
  0.504513473178839     
  0.498143442471306     
  0.497910101905022     
  0.496867362986552     
  0.512520440025360     
  0.404154115962200     
  0.523816942758086     
  0.472717123278196     
  0.539763242075201     
  0.555493076234158     
  0.472604792070635     
  0.512595056208997     
  0.534634321798568     
  0.411230052168134     
  0.481907113986043     
  0.544219206497613     
  0.571973032296331     
  0.508989670459427     
  0.494805435820337     
  0.503555452603308     
  0.461694888578187     
  0.485693634776037     
  0.481880002025103     
  0.493843968275605     
  0.559485078590023     
  0.517962382229121     
  0.524284326401716     
  0.494672786772463     
  0.558599475440224     
  0.475827402526028     
  0.549709741537981     
  0.463680312716015     
  0.508319874866175     
  0.450240930418007     
  0.517627475386482     
  0.562365684656597     
  0.486163493058210     
  0.516289168667050     
  0.507408481558344     
  0.496482047319095     
  0.513868020384558     
  0.495215727923057     
  0.535920868406118     
  0.514516199142802     
  0.430932419457709     
  0.536726683506656     
  0.468836201134611     
  0.518477804159966     
  0.563703743590588     
  0.531609714652681     
  0.485431192089640     
  0.520248111615891     
  0.477398173593347     
  0.483786453339880     
  0.470998812067198     
  0.501125768575654     
  0.575200430432745     
  0.493181548613194     
  0.525356993963436     
  0.535526724401371     
  0.519959736561969     
  0.508355781383953     
  0.462933767728068     
  0.478837239243961     
  0.488281537793053     
  0.536033114523078     
  0.533333399966023     
  0.453539365872783     
  0.564321420411881     
  0.516960463248063     
  0.481322239495669     
  0.541000212702227     
  0.533855505128837     
  0.522431233453215     
  0.514553657129779     
  0.480735558480951     
  0.528229379478977     
  0.443812454385298     
  0.528254017173147     
  0.450341934417251     
  0.555660043129045     
  0.511484108004228     
  0.487129909743000     
  0.576064018740722     
  0.535651027045422     
  0.513156035251218     
  0.534184409981776     
  0.428348725372169     
  0.509253914513492     
  0.435668234695013     
  0.471968645032073     
  0.528765197025458     
  0.493348208765282     
  0.457332060349266     
  0.437247183071585     
  0.523704750140160     
  0.473484200951984     
  0.562324393843551     
  0.527107707951389     
  0.502470453704114     
  0.478696634175502     
  0.580811827032212     
  0.450200355683132     
  0.483142792138909     
  0.476515739247196     
  0.519479350388050     
  0.574276741373123     
  0.540136415246675     
  0.501059163616053     
  0.521096690279327     
  0.497322391301039     
  0.426873128200952     
  0.506309793906642     
  0.465299095962916     
  0.552582305769995     
  0.509115078932958     
  0.506475219791273     
  0.486692348638868     
  0.432464385573960     
  0.549441065529886     
  0.515237094592612     
  0.521722388824638     
  0.557817262474379     
  0.436756374650265     
  0.491927089073034     
  0.466930829262600     
  0.488354595755222     
  0.245625047381563     
  0.262755788592019     
  0.278168366215662     
  0.221067940735399     
  0.228457830096647     
  0.252849672318217     
  0.244044295445101     
  0.255950664315572     
  0.219072339999275     
  0.282979609577627     
  0.231617699890919     
  0.251605413870335     
  0.249135304127288     
  0.270549156237472     
  0.197693336405514     
  0.275052670530963     
  0.249909424157886     
  0.285679784895663     
  0.271310397689476     
  0.209496589221519     
  0.264356772194882     
  0.256683607734611     
  0.205691655273215     
  0.199284228392568     
  0.183747661338943     
  0.234459251054397     
  0.215555529272077     
  0.295384202192049     
  0.246634071486796     
  0.250893941328111     
  0.274641611509224     
  0.302992166867541     
  0.226063146475052     
  0.238703356850490     
  0.267501223978120     
  0.274282966785879     
  0.236515754172193     
  0.264292402473487     
  0.234585880017591     
  0.235513768011735     
  0.256622819491330     
  0.274483727108626     
  0.241039774893553     
  0.218294805793904     
  0.278251604289319     
  0.240548549622377     
  0.246456661128114     
  0.240459801307036     
  0.256100407437888     
  0.277685999870556     
  0.239752572277743     
  0.239041326673225     
  0.268028708895008     
  0.228560352815765     
  0.236654755451383     
  0.281532887494089     
  0.268966827623424     
  0.227092694101437     
  0.234995739467880     
  0.271396595968904     
  0.269832299356604     
  0.273402261837541     
  0.247717409580349     
  0.301827131615717     
  0.263137861067582     
  0.210071338998970     
  0.264408095859142     
  0.237682797535976     
  0.262206333657487     
  0.272036370521654     
  0.203481216428106     
  0.263607989199731     
  0.255279589476809     
  0.226941925197571     
  0.235932806705515     
  0.230657492180570     
  0.266764088704149     
  0.253599601888435     
  0.295537237565790     
  0.234251906972221     
  0.255454356486425     
  0.248062486248947     
  0.253102042616930     
  0.237780311429273     
  0.261275376118763     
  0.242840460278713     
  0.249719424806126     
  0.248924655549248     
  0.229024673898864     
  0.226278935989513     
  0.292079423163431     
  0.243242482471819     
  0.240552202984598     
  0.243858325367326     
  0.219863459589874     
  0.290488372481339     
  0.318789614394450     
  0.279694689208459     
  0.216779523326381     
  0.270867707254193     
  0.263486365499759     
  0.253396123158622     
  0.241807721081881     
  0.273181393671022     
  0.264517401827933     
  0.264541110982193     
  0.243944822287952     
  0.240740550959037     
  0.245174634817682     
  0.241877323234679     
  0.235439883741844     
  0.240006676850264     
  0.257845190787917     
  0.239436274524263     
  0.265240679304601     
  0.262026487982035     
  0.256090485793081     
  0.259659214850669     
  0.240166136059251     
  0.235881278952498     
  0.264573182918585     
  0.228393800812548     
  0.259861612488825     
  0.238913910283918     
  0.219099620500928     
  0.259270706414740     
  0.256089715988358     
  0.193377318723585     
  0.251976105423047     
  0.282403270554744     
  0.219928264356991     
  0.229862150947645     
  0.235445607952731     
  0.271321733878959     
  0.267910622223861     
  0.252970566196980     
  0.251972865792647     
  0.263561639638465     
  0.253828938529791     
  0.214603414465811     
  0.244235813212095     
  0.244030360260140     
  0.229470723100489     
  0.227625267046034     
  0.293947074820763     
  0.233939597940681     
  0.256819060761534     
  0.271472262347941     
  0.272432517795010     
  0.273311541009197     
  0.224341254295990     
  0.251636310372779     
  0.248959728136954     
  0.230114429217437     
  0.263427640778895     
  0.224394704586942     
  0.256967073630561     
  0.217736762879055     
  0.218736109193900     
  0.270596718650453     
  0.252851311440928     
  0.287359693849177     
  0.285316854764716     
  0.179337862700482     
  0.263678120894535     
  0.276794130624594     
  0.201767973923977     
  0.234991830248096     
  0.231756946669560     
  0.208764987759236     
  0.226897534295654     
  0.254158076321357     
  0.281644567195952     
  0.262876412537243     
  0.261417251057439     
  0.236164124541672     
  0.222771124902905     
  0.244902678724218     
  0.264300818430008     
  0.203070064725999     
  0.242348256672606     
  0.206362704058745     
  0.220162329314991     
  0.235854305175562     
  0.253602646189944     
  0.206644764850827     
  0.258631724450689     
  0.271520359698977     
  0.232334959455602     
  0.249457754592080     
  0.248321702757351     
  0.247995208284115     
  0.249056771078157     
  0.272692324893306     
  0.302962087000602     
  0.237537943148787     
  0.276224297377443     
  0.216205247101820     
  0.188677017505546     
  0.266822450829527     
  0.274191681331428     
  0.327521306028134     
  0.224972466896579     
  0.236975905598753     
  0.291968994303754     
  0.250054283231872     
  0.214227961211600     
  0.300323490353185     
  0.217008949692194     
  0.239527144460145     
  0.260649797803374     
  0.253735751735730     
  0.230884572774999     
  0.222501247224679     
  0.232757941675360     
  0.233447984176041     
  0.231148098564758     
  0.208545145087649     
  0.256834637849325     
  0.277813006132920     
  0.260006022952775     
  0.288207404347650     
  0.235417696525461     
  0.263051732995421     
  0.264577321595357     
  0.253707384512213     
  0.250765505537242     
  0.247651390734447     
  0.268197588143935     
  0.308067648162795     
  0.292295285857566     
  0.239907566065278     
  0.213479165882475     
  0.250094999850953     
  0.215611784250694     
  0.218802121657845     
  0.245861343399315     
  0.229097074411298     
  0.226254248653691     
  0.220885076482966     
  0.233206389537064     
  0.273869035879439     
  0.308077170518520     
  0.269713675749564     
  0.237746232985708     
  0.245984433390259     
  0.216958750131323     
  0.251906703675249     
  0.259604329958898     
  0.246121688857877     
  0.216682159876395     
  0.246983017865864     
  0.216450001955253     
  0.281731692720106     
  0.218823161567768     
  0.245639777641588     
  0.229028859204138     
  0.279434265957515     
  0.257835271401381     
  0.233066194479219     
  0.219087179521841     
  0.201625743104282     
  0.251271113444524     
  0.264209795291762     
  0.239395788940116     
  0.259200331753973     
  0.243694208459845     
  0.254864045965186     
  0.243284073472440     
  0.228737135731789     
  0.229990826522490     
  0.204631378899277     
  0.290390332667948     
  0.256236796377874     
  0.235047903390042     
  0.215139296431322     
  0.257922245941885     
  0.297168125008690     
  0.244552202368975     
  0.261101150367642     
  0.272781332517282     
  0.219391750161281     
  0.262252848170915     
  0.256394250898575     
  0.276549669820583     
  0.241226046355612     
  0.196819797101593     
  0.241995965766342     
  0.258186855412836     
  0.280327343425071     
  0.254937194010352     
  0.269361229068875     
  0.261039631921735     
  0.251368754303138     
  0.302366061344453     
  0.255618642616368     
  0.229494060267030     
  0.245302394496633     
  0.274758159599886     
  0.267671427842167     
  0.258580597250796     
  0.231901040259053     
  0.282226204188268     
  0.208646975816188     
  0.248155365974193     
  0.280678843361627     
  0.175282078734625     
  0.244805608118544     
  0.252264012050522     
  0.328812781939748     
  0.215733732222541     
  0.227237541623209     
  0.280163058829996     
  0.265925815803761     
  0.216957284568467     
  0.216748634770344     
  0.300361732446957     
  0.212788768267299     
  0.233459374590259     
  0.255562623097576     
  0.214383508808131     
  0.277725445023634     
  0.259918360161955     
  0.242198441333086     
  0.255825603026518     
  0.270412184143551     
  0.259025379576329     
  0.236849941306753     
  0.270272013864503     
  0.307627661233856     
  0.261092485592143     
  0.272835291416966     
  0.211605957093650     
  0.255221161572774     
  0.243996150744629     
  0.211888416198422     
  0.290422083327199     
  0.236426351004568     
  0.211264173000674     
  0.182112821211245     
  0.273771347325959     
  0.212835863113227     
  0.267494876675938     
  0.254786552159989     
  0.235742749700988     
  0.222187052270762     
  0.239038261569455     
  0.231610407962229     
  0.271137425622521     
  0.267720690793105     
  0.221460430113250     
  0.222208896720960     
  0.270466197629135     
  0.187530849251586     
  0.247296964885304     
  0.254715838493888     
  0.224527551745557     
  0.241389405246811     
  0.227199666627140     
  0.261368335002127     
  0.253446982234412     
  0.244837002571448     
  0.294175027390534     
  0.264133029603073     
  0.243487105011974     
  0.264895361462219     
  0.230303950403452     
  0.258116010270068     
  0.231276856569054     
  0.232242747936055     
  0.258471559258108     
  0.240360665726932     
  0.243341504549048     
  0.225162740417224     
  0.244702148412463     
  0.306040017022663     
  0.254946440185045     
  0.225300565771848     
  0.250223132954196     
  0.287581164194415     
  0.274280421279852     
  0.275738158933114     
  0.253367762513026     
  0.223251452076622     
  0.242574940992584     
  0.260630207652987     
  0.277779369656016     
  0.262693497240526     
  0.278495005438251     
  0.202703831051387     
  0.227759217575273     
  0.245131471765152     
  0.274175547016074     
  0.286496893614007     
  0.232715159692068     
  0.183571249221307     
  0.239426304787085     
  0.244680555190185     
  0.233861533988261     
  0.275715991749745     
  0.297201185491112     
  0.240359462359587     
  0.254486851907622     
  0.270141474393197     
  0.243731982584750     
  0.241991475129935     
  0.258486154928651     
  0.221473189240218     
  0.211263992410649     
  0.234293804760546     
  0.272369295465730     
  0.296058675060098     
  0.227634505796933     
  0.243534286246146     
  0.253478798607301     
  0.237479583245081     
  0.223809465237355     
  0.245852791679269     
  0.294114766067895     
  0.249744321430538     
  0.239252124048181     
  0.277767079286267     
  0.260772450730421     
  0.272096296283657     
  0.257107917171111     
  0.239284705299714     
  0.225507687297633     
  0.258031945167827     
  0.285698674761767     
  0.250489771254684     
  0.227434654388655     
  0.235285637812678     
  0.261046623896981     
  0.257499632906611     
  0.213818428705501     
  0.234277669713377     
  0.231374235449932     
  0.289710719054278     
  0.259485846740719     
  0.236077415824765     
  0.232905443738965     
  0.249727407613017     
  0.229091555946229     
  0.248289588655176     
  0.282776906321614     
  0.235626392275334     
  0.251537580952064     
  0.262591789765489     
  0.240402810522952     
  0.253703651405390     
  0.204483029974474     
  0.284305708569275     
  0.295061375168409     
  0.241691855271271     
  0.290029008203757     
  0.277545899203276     
  0.236360263086989     
  0.237760195966896     
  0.279866535034027     
  0.224823538848175     
  0.234422027112651     
  0.258404153373042     
  0.238680986955728     
  0.256841039386749     
  0.261124560916213     
  0.294716564377351     
  0.228092193145456     
  0.229522169880079     
  0.296924409827830     
  0.234907861442671     
  0.237083948399270     
  0.332294172627478     
  0.213385219174016     
  0.251734426452888     
  0.264200855504401     
  0.279543140011665     
  0.238299927144535     
  0.212590343335355     
  0.263846918991217     
  0.262428300712482     
  0.261151310332393     
  0.276217896996387     
  0.240929448016202     
  0.230883616491157     
  0.205947900631130     
  0.259160041764661     
  0.256792731835658     
  0.252333757676601     
  0.245415723391947     
  0.261633786624073     
  0.257464047684222     
  0.294020415337929     
  0.277260977243707     
  0.213002174969254     
  0.245417918968950     
  0.274121885255774     
  0.217389470950463     
  0.264059680699849     
  0.269030377343790     
  0.250833015425646     
  0.213530177085540     
  0.257121673479352     
  0.247602587746110     
  0.279900127162586     
  0.227665583376847     
  0.287694864636785     
  0.282914401346663     
  0.296393716298891     
  0.246609147646359     
  0.283136540398586     
  0.237451061210987     
  0.250483187929201     
  0.201803709141108     
  0.239839909404537     
  0.241719987008846     
  0.261792199219325     
  0.268865888018348     
  0.228109074630907     
  0.220400224903472     
  0.239688112357324     
  0.237837017453937     
  0.238719255149240     
  0.231539871236111     
  0.244667128815299     
  0.243534551765555     
  0.274455230966948     
  0.238417668832468     
  0.256283519302236     
  0.232316305690133     
  0.245925719925433     
  0.237038409980099     
  0.289231009180617     
  0.257851479336841     
  0.218008040834730     
  0.203647462011342     
  0.248260204662471     
  0.267906791262920     
  0.264425215720702     
  0.268213552083291     
  0.253557469230613     
  0.258110492403796     
  0.253092107512148     
  0.215125794548462     
  0.266476216349312     
  0.263759021275312     
  0.259124718702527     
  0.244940031616350     
  0.214380249420458     
  0.227749367270610     
  0.237434149016606     
  0.267621212701547     
  0.268651519668595     
  0.288294658995854     
  0.281723360346878     
  0.273588026939246     
  0.227357207463127     
  0.256710190466785     
  0.259218727021800     
  0.206290831640195     
  0.261308869539156     
  0.223639627962955     
  0.230150177393654     
  0.236682449350104     
  0.252521745424450     
  0.225837078371250     
  0.266525215535473     
  0.265723345526372     
  0.279415889663266     
  0.241120997563035     
  0.239695348501106     
  0.296931927399120     
  0.209902989581368     
  0.267780497138039     
  0.301215815642503     
  0.266003604267360     
  0.224948792202653     
  0.244250657578108     
  0.284146299359205     
  0.276418115251145     
  0.283984069048997     
  0.233891053635372     
  0.236115872381715     
  0.288091366099186     
  0.236005676071334     
  0.257251128596788     
  0.291706971701993     
  0.239566136289710     
  0.211700553755299     
  0.266867157004354     
  0.268244201157754     
  0.298671047674221     
  0.276430633620928     
  0.254662891450773     
  0.222427772268328     
  0.281842507074999     
  0.289214420851247     
  0.267055338587991     
  0.244961039175818     
  0.220692470812588     
  0.219808130790297     
  0.281625381414732     
  0.260421772549285     
  0.273448842284057     
  0.258267554775660     
  0.225582545899758     
  0.287737469399117     
  0.271099998533475     
  0.288583367747032     
  0.295470181547485     
  0.225095860106975     
  0.253616710332608     
  0.214454838630030     
  0.251939801981304     
  0.256769300354090     
  0.232880416288553     
  0.227459935733662     
  0.283760994937477     
  0.278269844626579     
  0.227823191396914     
  0.276477671517974     
  0.250689002223422     
  0.239779376558959     
  0.222198732817118     
  0.268247809355931     
  0.258991661114558     
  0.214787392812545     
  0.288133994661393     
  0.253119013182664     
  0.255414029483382     
  0.260189996248937     
  0.240384559964675     
  0.287762609622157     
  0.223055551093621     
  0.263313620764493     
  0.237735668637582     
  0.253122772448852     
  0.240540061559259     
  0.183491207636190     
  0.253240962269461     
  0.257238377518314     
  0.278139171465296     
  0.252226497211286     
  0.228931371911923     
  0.264935884845890     
  0.264756275448707     
  0.216628170182222     
  0.228263781398544     
  0.245904332119904     
  0.255627499090710     
  0.262708403779906     
  0.238618141998386     
  0.269025638222516     
  0.226930775138848     
  0.266751405279819     
  0.225696376220238     
  0.248397212347673     
  0.203597980046180     
  0.207355135533404     
  0.277313454605443     
  0.229106525776640     
  0.254713900938219     
  0.301878059847851     
  0.298478983661460     
  0.296371098096933     
  0.261914715757684     
  0.255937472804473     
  0.258831158152485     
  0.229378219313602     
  0.263725857288970     
  0.265910091591539     
  0.256508943921060     
  0.259474888474999     
  0.223288136101759     
  0.223790684805509     
  0.218811266379666     
  0.286608307731742     
  0.244677005315762     
  0.251792315210177     
  0.234013958432050     
  0.262182919766818     
  0.262964372388617     
  0.278722550532634     
  0.235086814603618     
  0.286825097268646     
  0.266122653805002     
  0.266606813485335     
  0.253381110140574     
  0.259870279859286     
  0.236271176735209     
  0.262836761488427     
  0.262594213853547     
  0.257827924054456     
  0.211209815930178     
  0.289485726464821     
  0.274348581869579     
  0.218999235557216     
  0.266548690977870     
  0.259097348362604     
  0.244234096774276     
  0.227903117887543     
  0.248279082565275     
  0.261392573350032     
  0.227899161096844     
  0.268745189189311     
  0.243591869753899     
  0.245803682772682     
  0.269369088630389     
  0.282335710603070     
  0.237297176069977     
  0.238462930982899     
  0.264042149857996     
  0.256960773345656     
  0.272608686982821     
  0.238538864187879     
  0.294768035980564     
  0.300090780122705     
  0.243376595550332     
  0.261102112953790     
  0.253393248734012     
  0.234509281466156     
  0.265698661529983     
  0.199983046033962     
  0.274140461474867     
  0.251046816526408     
  0.265698055363852     
  0.204685834948752     
  0.280459756899429     
  0.262602829491240     
  0.264805574421465     
  0.264549385687185     
  0.244609803756449     
  0.263840926237770     
  0.266935373434138     
  0.234508878183137     
  0.191268093353797     
  0.260810903483952     
  0.251788953473795     
  0.235602929633735     
  0.265022908353794     
  0.212478489068325     
  0.226637794106049     
  0.260125158811246     
  0.216436716715959     
  0.299373732480619     
  0.241605388636795     
  0.193510028594980     
  0.276504222971971     
  0.280185318749129     
  0.273497497480413     
  0.212454923714489     
  0.241933270824117     
  0.285723258680802     
  0.242252515522943     
  0.224590137909931     
  0.243612320543716     
  0.212670594221419     
  0.253251888054541     
  0.264994622095106     
  0.243912780513303     
  0.280707014420531     
  0.252434129487471     
  0.256240068639042     
  0.257226776072020     
  0.289535022376335     
  0.277942919662287     
  0.264340192762770     
  0.301107334161764     
  0.243148085754432     
  0.212254540789300     
  0.219927592416809     
  0.259687118906299     
  0.250037307819612     
  0.274038778606587     
  0.266252000354454     
  0.262210093424865     
  0.285161255245666     
  0.245611007890030     
  0.245448643349554     
  0.263891810346498     
  0.274425069520241     
  0.243391738466915     
  0.247711877329635     
  0.249921734350803     
  0.250311493460034     
  0.203007565491409     
  0.250973512935518     
  0.270046855744420     
  0.243034692346819     
  0.249249744696421     
  0.273516742418199     
  0.227504165221005     
  0.238024504827652     
  0.250523775117620     
  0.253965124823364     
  0.288253611106477     
  0.277379697653796     
  0.221574263054514     
  0.266374068258039     
  0.270797222151565     
  0.275984761336243     
  0.248551897717541     
  0.251128235101755     
  0.252730241620754     
  0.268571941005125     
  0.279690248418804     
  0.291897751425995     
  0.232693287261572     
  0.240110358709325     
  0.229990797371722     
  0.220725855229530     
  0.277982013239390     
  0.244969785191526     
  0.244937681936830     
  0.292786013229836     
  0.244613757555412     
  0.264932319488891     
  0.259954509297977     
  0.243392044091758     
  0.288823072334142     
  0.245714309357285     
  0.240693556693134     
  0.245645129708393     
  0.276897324231072     
  0.220705984328722     
  0.268857345286983     
  0.245144826688326     
  0.238540174301774     
  0.320558927023247     
  0.237208333307149     
  0.258223096014564     
  0.237031002293810     
  0.255204101277400     
  0.263664360783672     
  0.261699169807879     
  0.249634715756822     
  0.254779959560068     
  0.223946246834127     
  0.262936065570914     
  0.262801818759323     
  0.242885875578403     
  0.247499744414800     
  0.231393954719071     
  0.236748267117663     
  0.270590510596079     
  0.288132143298525     
  0.244149137159131     
  0.241835989282180     
  0.263954110970682     
  0.255894125427079     
  0.257166814427795     
  0.232458498307918     
  0.236021330320348     
  0.224913456443602     
  0.253268351633875     
  0.261959637734840     
  0.257304922509326     
  0.314719678696637     
  0.279398849409258     
  0.271182296109633     
  0.235106805182235     
  0.240274939831732     
  0.299585083482523     
  0.244544933861746     
  0.255365383231701     
  0.239406806736455     
  0.246071064209280     
  0.266810810309182     
  0.254767043946599     
  0.253667368676242     
  0.298339507041140     
  0.247695172913729     
  0.249132523784270     
  0.242846224326846     
  0.242297613325739     
  0.229941984809192     
  0.266537124370918     
  0.268536104810042     
  0.242417389134064     
  0.283076083632357     
  0.239892126881236     
  0.213781124655974     
  0.220460106612762     
  0.302816766359049     
  0.302100731958712     
  0.276473815818198     
  0.257278596586341     
  0.241339665550085     
  0.262556097214037     
  0.262777862398151     
  0.235002665284661     
  0.270535990960478     
  0.245923272708555     
  0.240173444298856     
  0.278810230708150     
  0.270427101464015     
  0.279291451317349     
  0.270316331538757     
  0.253031768893464     
  0.299688113364609     
  0.244680590768627     
  0.251165419113969     
  0.246410005733985     
  0.277582536867646     
  0.252252026639380     
  0.320246744530526     
  0.244407922104970     
  0.260324233563724     
  0.248456819321005     
  0.205900131819330     
  0.269297000426656     
  0.212388459983571     
  0.265347293549935     
  0.277216395423851     
  0.258145231032684     
  0.232759363046537     
  0.259931889933093     
  0.267232280255102     
  0.281957727639445     
  0.266505398089194     
  0.302599704851571     
  0.249228012503712     
  0.277281427059721     
  0.248231542473604     
  0.204801545235962     
  0.258121284666800     
  0.254256077736102     
  0.244566903836500     
  0.267124571474358     
  0.277086461273593     
  0.267072676057430     
  0.277302097184327     
  0.257001866149231     
  0.242601949555149     
  0.229219954015689     
  0.274897037506929     
  0.250610246087034     
  0.234026342061561     
  0.273884601208865     
  0.231314481181113     
  0.185167547283696     
  0.237208008878388     
  0.260020369778108     
  0.256730359243069     
  0.241746973512063     
  0.243403867747318     
  0.244260557666121     
  0.232868399223302     
  0.287507369021632     
  0.219370537311871     
  0.243649947375330     
  0.235565384828778     
  0.241727390884348     
  0.250202089910996     
  0.311695000927371     
  0.231605101033527     
  0.252684019988871     
  0.247283053798079     
  0.265394801600379     
  0.257473818986034     
  0.258351384059171     
  0.274722541184553     
  0.237194634903798     
  0.244282220308523     
  0.238294884295826     
  0.232745736218047     
  0.245579628473486     
  0.268932295003580     
  0.250453915823914     
  0.224022826471590     
  0.272806269253379     
  0.257997690408478     
  0.216556254995927     
  0.229094407670904     
  0.262116969019050     
  0.221127740809852     
  0.255392342429861     
  0.202747684065451     
  0.242954728691157     
  0.275431244622297     
  0.243090773510236     
  0.248379234674824     
  0.272572800163648     
  0.278298354720943     
  0.249400176867149     
  0.233119177888907     
  0.270751724881003     
  0.271776612443797     
  0.243563870748766     
  0.241501899234555     
  0.281496888293558     
  0.254239389498852     
  0.288781047279484     
  0.239844414499679     
  0.280726816115481     
  0.260146378828826     
  0.236953022526625     
  0.295709480721064     
  0.240113933325458     
  0.274357903894178     
  0.247695137631366     
