  0.481573347566546     
  0.512697750555180     
  0.484608461104344     
  0.495795351832316     
  0.467778720400222     
  0.465481927304224     
  0.479846559186402     
  0.514159267361998     
  0.461908144358366     
  0.502013861815156     
  0.465170147419682     
  0.488222591626961     
  0.467630342342499     
  0.495252722780850     
  0.498878022546487     
  0.509708966581094     
  0.467992102160555     
  0.478304512406569     
  0.491071523224599     
  0.470481696214854     
  0.508931208829237     
  0.502838905688505     
  0.490185604694102     
  0.478808370882545     
  0.541323658936452     
  0.471490200627408     
  0.496320219653155     
  0.445068287957433     
  0.511874228497144     
  0.464366319040955     
  0.497921617347387     
  0.527110172152119     
  0.527718232189652     
  0.547768730616689     
  0.501805349543092     
  0.528656357712588     
  0.459325697411819     
  0.505162503650008     
  0.492905318155893     
  0.476313592886954     
  0.534819180634628     
  0.498348324446207     
  0.494581360116259     
  0.482659937717812     
  0.550796105283642     
  0.527387469139741     
  0.511010803224841     
  0.515874841268633     
  0.504225428602169     
  0.525542061866481     
  0.529747212942631     
  0.469271528176546     
  0.498719282503491     
  0.534145034062096     
  0.495164482814452     
  0.496957841766167     
  0.452593872398556     
  0.528277594859492     
  0.491203026305692     
  0.505135747536914     
  0.526238289079069     
  0.493577488771741     
  0.509130235201085     
  0.504504265594985     
  0.539679579612042     
  0.542567702260422     
  0.524312546509533     
  0.540690063009752     
  0.481699894773096     
  0.519157247851976     
  0.506193252847218     
  0.475303150140851     
  0.508320602728973     
  0.517049526131650     
  0.480225798260013     
  0.532199228972585     
  0.509787007281413     
  0.492546699465594     
  0.505501320290951     
  0.483451653369063     
  0.504555286066622     
  0.478744810800864     
  0.479813300700101     
  0.446679714090343     
  0.471875607212535     
  0.518204895020544     
  0.501548740880039     
  0.509909505242832     
  0.490041874299939     
  0.495731306637580     
  0.486632320450543     
  0.489213883880159     
  0.470363860807270     
  0.537231415784176     
  0.445444283662691     
  0.530616489570669     
  0.503589351537591     
  0.503004470637867     
  0.473543305356408     
  0.500866612683003     
  0.455434835979150     
  0.485714568770336     
  0.498341003238989     
  0.506750867384727     
  0.484752398153983     
  0.520253814890311     
  0.465438217498660     
  0.512334989650017     
  0.518541138450792     
  0.490425186696949     
  0.461671717165118     
  0.504556966449370     
  0.502895359131852     
  0.502217211544238     
  0.511560272034354     
  0.526576199319564     
  0.509366371880314     
  0.492780375617206     
  0.481397521406365     
  0.542462020323300     
  0.502514251901752     
  0.546468136782374     
  0.479275780325952     
  0.487191134591958     
  0.446789950943711     
  0.500300555787307     
  0.468652058079866     
  0.518192700903526     
  0.446972402180389     
  0.506789712635424     
  0.507670518376242     
  0.550609354933288     
  0.462473983936382     
  0.532195350360648     
  0.493216538935453     
  0.454555180234321     
  0.487396469451754     
  0.489485465204479     
  0.474825279913556     
  0.524047839696429     
  0.536657961143327     
  0.535916819874491     
  0.475681904964358     
  0.506139766195975     
  0.498381412563436     
  0.484691187394951     
  0.512748031088666     
  0.475318163383840     
  0.485984450524097     
  0.507638136356280     
  0.439796394445550     
  0.535028007815548     
  0.554916561504854     
  0.498678390278184     
  0.548473389261109     
  0.533587138600915     
  0.511490782402213     
  0.467888101826344     
  0.465889740846344     
  0.512006572090008     
  0.527133882433694     
  0.518322184550493     
  0.483239411231851     
  0.488076316362617     
  0.500750339355535     
  0.467762340542357     
  0.508945666916989     
  0.514627308504015     
  0.511927697362420     
  0.482816416955498     
  0.471003591415497     
  0.525889064035288     
  0.486779287122822     
  0.467421131805710     
  0.504492980101611     
  0.481207511847384     
  0.518931698140200     
  0.529729398523072     
  0.530903669973570     
  0.523647222844619     
  0.497746112777588     
  0.475264270252479     
  0.426309805900200     
  0.517618083041145     
  0.509714222883104     
  0.500284808963224     
  0.486074216516111     
  0.458249360490753     
  0.468062557049448     
  0.499204716214257     
  0.476042056061994     
  0.563493131246208     
  0.454773939021897     
  0.520816414098735     
  0.466382104094284     
  0.506467298707860     
  0.510195753436545     
  0.497423918550781     
  0.484166764792279     
  0.508661813181434     
  0.513769984973364     
  0.537088412183888     
  0.512877857380529     
  0.497520873582501     
  0.504846473797230     
  0.498356842916442     
  0.533036386728682     
  0.502126304446757     
  0.525552543473691     
  0.543122592924312     
  0.460616273181801     
  0.482965353619379     
  0.516139374615429     
  0.513656352324043     
  0.504106814392025     
  0.476269451483012     
  0.470137969286441     
  0.498476909552625     
  0.502474195129279     
  0.516345047920235     
  0.488362546812080     
  0.480418941246963     
  0.467348214360601     
  0.511529418057391     
  0.557734876983841     
  0.528983380194009     
  0.480001450290180     
  0.526484159732776     
  0.523912904713361     
  0.546916342815835     
  0.486385766574599     
  0.516080003537906     
  0.487202913123991     
  0.528099874568703     
  0.483229819819754     
  0.501639663311407     
  0.499810170560226     
  0.459091567523942     
  0.502202048789795     
  0.519728508100280     
  0.502649840886230     
  0.447869438875255     
  0.509359462944948     
  0.486492579005265     
  0.480403657135308     
  0.507313102328107     
  0.552682415650569     
  0.485984194774584     
  0.515728470029228     
  0.492783356798003     
  0.520157360218506     
  0.515981127813634     
  0.481731092568188     
  0.460895580276191     
  0.518076979815969     
  0.511110428038021     
  0.483668424209427     
  0.516899224215262     
  0.523656684105604     
  0.484256755317688     
  0.510281384205691     
  0.507924503530204     
  0.514916657255319     
  0.512101196308952     
  0.487882495722139     
  0.528525964796393     
  0.519957114211339     
  0.490494464688284     
  0.518615064656850     
  0.489397346569222     
  0.504490216935942     
  0.479359262096659     
  0.509574721104652     
  0.458652703690439     
  0.541718867616315     
  0.530946777580085     
  0.530643155853849     
  0.467979139150065     
  0.496167090533416     
  0.485513502780903     
  0.491711458049800     
  0.515844598477432     
  0.489634751737617     
  0.508971499796985     
  0.498340766155863     
  0.503462146778565     
  0.499640392643138     
  0.485181596550056     
  0.517538646406135     
  0.454391236991344     
  0.537122601168028     
  0.482551056924549     
  0.515457864067672     
  0.522689632468209     
  0.449198821966498     
  0.476536467464115     
  0.527974283520554     
  0.493445838830448     
  0.491715718714541     
  0.485279585735964     
  0.505118287745458     
  0.487063679368228     
  0.519081174169650     
  0.490452415859192     
  0.491456612606789     
  0.496567268812495     
  0.448825869451511     
  0.475994644945676     
  0.529068542124052     
  0.513161088564280     
  0.513886727147706     
  0.503498534796898     
  0.449767495665526     
  0.501251624087277     
  0.481444353371419     
  0.521790581364333     
  0.485219428567529     
  0.509557499455412     
  0.492032517800249     
  0.507245715654719     
  0.475401864111947     
  0.487574095931722     
  0.512251466280541     
  0.517945859658819     
  0.462463217511101     
  0.482263809785491     
  0.483736127532365     
  0.482560778440531     
  0.527805032788291     
  0.499926517166161     
  0.527249450885638     
  0.502644699201680     
  0.501372366160800     
  0.498768895353900     
  0.499810242018097     
  0.493346484003926     
  0.497135936984827     
  0.497565404978123     
  0.507073385912806     
  0.476247919429765     
  0.507368195793101     
  0.492968488427141     
  0.515357437407830     
  0.507751748180929     
  0.529491689678942     
  0.452838412761169     
  0.513727539807528     
  0.530972169134454     
  0.505144965934492     
  0.510358958897456     
  0.553879029984488     
  0.517090654605779     
  0.488316607308977     
  0.503256861964511     
  0.503650455282752     
  0.520806683485523     
  0.530840507858288     
  0.509174442376458     
  0.451304056880530     
  0.495208493114329     
  0.498979229463775     
  0.492175066521502     
  0.492882778438776     
  0.512525397309100     
  0.474864340236183     
  0.494350968803027     
  0.464915303137341     
  0.500173923180896     
  0.495954655230071     
  0.504748052836515     
  0.454901467486085     
  0.527145624213591     
  0.488202999187985     
  0.473167421148692     
  0.503801476914002     
  0.478035368289274     
  0.550143105460822     
  0.473676985879945     
  0.501366598494638     
  0.528918395053138     
  0.520545059871427     
  0.495029860413882     
  0.523724805614740     
  0.466151237170160     
  0.479773228608121     
  0.460988467942233     
  0.467996099020919     
  0.461945395952402     
  0.523559243910740     
  0.478379907743874     
  0.501502166085364     
  0.425233195666359     
  0.459567887671169     
  0.517324926268592     
  0.540466230877253     
  0.473596213565890     
  0.464373020660614     
  0.480278846466387     
  0.495289381611198     
  0.478725649041733     
  0.496376558968093     
  0.485042382502674     
  0.511322276649669     
  0.504616826521073     
  0.528524985179713     
  0.491420879746164     
  0.498489570241126     
  0.480274010772822     
  0.511195707807059     
  0.475036321777820     
  0.478604337348718     
  0.490773570994692     
  0.483388586219005     
  0.431435310025139     
  0.477959241611624     
  0.500554141837424     
  0.441934875264529     
  0.524120181723234     
  0.486225014103259     
  0.468852727041506     
  0.536139047892310     
  0.521890943487643     
  0.525461023064450     
  0.539238465157598     
  0.523660888343404     
  0.508967436242938     
  0.513262178480110     
  0.510120262147154     
  0.498690550080799     
  0.504319855416943     
  0.517323234515506     
  0.482092448201216     
  0.517392556721791     
  0.459840301958940     
  0.474801658061840     
  0.480226323324334     
  0.457982811612987     
  0.485001291840858     
  0.504821110674093     
  0.540253538041131     
  0.474162365028785     
  0.491686670433313     
  0.476486590070058     
  0.459386220713745     
  0.501118530819198     
  0.501120945256956     
  0.522987054463212     
  0.470834283440359     
  0.498706695313821     
  0.474779637438505     
  0.493995637964584     
  0.477173984203016     
  0.516346371253786     
  0.452810762616451     
  0.482934801920891     
  0.547031724458372     
  0.517361144288294     
  0.508718357186016     
  0.513792232694341     
  0.464526624546865     
  0.465904950348577     
  0.465287208889585     
  0.477332278245072     
  0.483872987237936     
  0.509299467106603     
  0.533170133688756     
  0.492239454264365     
  0.457209455293005     
  0.499063708219567     
  0.469256470907893     
  0.506919563441051     
  0.498239679819459     
  0.476075460314934     
  0.479271942802234     
  0.507736209914318     
  0.501273424597868     
  0.481989876739572     
  0.452588007953032     
  0.450630329982237     
  0.470657639268899     
  0.493377051847548     
  0.501648627554852     
  0.505461215971046     
  0.547201420904416     
  0.500131894079227     
  0.496519038777402     
  0.512815306347491     
  0.483396524198965     
  0.503346013494236     
  0.500511375606430     
  0.469528130618781     
  0.495087212682930     
  0.488253922799187     
  0.509962241585783     
  0.511165583352068     
  0.505678959071898     
  0.487581274386346     
  0.502313522080811     
  0.508814919110004     
  0.518481595959338     
  0.539480288254573     
  0.512581726001034     
  0.508145230638813     
  0.496330454719810     
  0.491167521240759     
  0.503724354498772     
  0.509015147287052     
  0.507141572526641     
  0.499459687804259     
  0.524426708932524     
  0.523012312376663     
  0.512955117983296     
  0.508503014160198     
  0.499410798010022     
  0.471084205128674     
  0.502339720145789     
  0.483876566877208     
  0.526517372229965     
  0.464625186016312     
  0.523883761944511     
  0.541975713338575     
  0.512955963638986     
  0.500522106933347     
  0.494954539142115     
  0.475342342870891     
  0.480672163535678     
  0.450236992022016     
  0.482788834959615     
  0.499800202491203     
  0.484109600542172     
  0.462309789018123     
  0.574370480783073     
  0.477163905962687     
  0.495986279183189     
  0.517796059232763     
  0.480419681529606     
  0.538868407870134     
  0.515796183878339     
  0.486629761308289     
  0.562956115381471     
  0.452231056713699     
  0.502348542198341     
  0.504808614975385     
  0.536042570536690     
  0.491343384030119     
  0.521745412379061     
  0.500480049753904     
  0.509169689022474     
  0.503689523839097     
  0.454673529431353     
  0.476818242254074     
  0.524901785399053     
  0.467440131739599     
  0.531847895372838     
  0.503476241882411     
  0.530423145480339     
  0.456889802452704     
  0.500705460708246     
  0.435279212780313     
  0.519401382640336     
  0.461563351756828     
  0.508040001813006     
  0.507765640141382     
  0.518732990098841     
  0.543630146752434     
  0.442182594856811     
  0.514419103120873     
  0.451818294923978     
  0.491417947599577     
  0.531931041865706     
  0.487002042816953     
  0.486516705296994     
  0.474109219006499     
  0.505751138352138     
  0.527257161667045     
  0.503887202212569     
  0.448738943257301     
  0.533489716373418     
  0.566176185207815     
  0.472814868060268     
  0.506500865886099     
  0.476916730295864     
  0.469384817012509     
  0.495378622075705     
  0.482989077965338     
  0.536850555297004     
  0.476316766101782     
  0.515952126930139     
  0.502587027534552     
  0.491070065934932     
  0.491466964198085     
  0.470152826524017     
  0.479275654413212     
  0.479029929490128     
  0.497487818288988     
  0.455910134114016     
  0.480071330700688     
  0.507202298141786     
  0.526765440002282     
  0.427273677871201     
  0.532147177015460     
  0.483484371989469     
  0.472825920215346     
  0.497801145292576     
  0.510862958849459     
  0.483722312887155     
  0.481607309051888     
  0.530934707617165     
  0.491534579742534     
  0.509954543271785     
  0.455612740192406     
  0.556602767649356     
  0.472252766268256     
  0.478260877863963     
  0.502702108059075     
  0.473684837003247     
  0.499177887678374     
  0.490940165356868     
  0.460102105255998     
  0.479005104307510     
  0.506049184340543     
  0.522873161263813     
  0.526734791944625     
  0.495429712664105     
  0.500930650055958     
  0.505607551635135     
  0.463523679341163     
  0.478617769520981     
  0.518647864392061     
  0.488158883256358     
  0.496158255773386     
  0.546472157947715     
  0.530303875175345     
  0.493985763790578     
  0.486552935552939     
  0.544295649356853     
  0.533894303284871     
  0.491606590149977     
  0.486773486997296     
  0.525527297132864     
  0.506279820134955     
  0.516700345007317     
  0.483750591412991     
  0.505305492880358     
  0.537331738986695     
  0.480028154977577     
  0.499652635384754     
  0.484093752996187     
  0.483985566757847     
  0.491906225673946     
  0.506535624021153     
  0.476698890587631     
  0.482860843958186     
  0.498328801441937     
  0.488296154177650     
  0.470801406627337     
  0.502384898906551     
  0.468963998515339     
  0.504995783074869     
  0.498253050792890     
  0.496521723919318     
  0.510427676581358     
  0.481691790641099     
  0.511606839558937     
  0.548942833855559     
  0.504301826820527     
  0.474595730603947     
  0.485199709531057     
  0.523323324577093     
  0.489836248951814     
  0.510751044711309     
  0.462052553675636     
  0.460576418825254     
  0.482649809837858     
  0.484782218359238     
  0.511610831300998     
  0.521917308475323     
  0.477848526812184     
  0.482513938351223     
  0.454517401753006     
  0.503860230754391     
  0.454557027617857     
  0.467575567684538     
  0.507068524261529     
  0.500771016049232     
  0.499180219445760     
  0.449303071279075     
  0.517800305866877     
  0.483400077731641     
  0.493307043947294     
  0.501080149721928     
  0.531569611061699     
  0.536224126506421     
  0.504791689928073     
  0.491270466752440     
  0.483059692122259     
  0.496621125922270     
  0.466526384057281     
  0.507362436353634     
  0.489107066508249     
  0.503530060413649     
  0.474659320404833     
  0.553944091942507     
  0.481968933456614     
  0.502848702358597     
  0.475998083376500     
  0.520849697042115     
  0.520131732644774     
  0.503648463465357     
  0.497928014833408     
  0.499154154478714     
  0.524091461759595     
  0.476874597414413     
  0.499164106558017     
  0.504931361003468     
  0.439473339637711     
  0.458772013500635     
  0.475335351525053     
  0.498514070649065     
  0.492899989096591     
  0.476969236860783     
  0.501045305692325     
  0.476959419900178     
  0.496975321032359     
  0.455710583079579     
  0.498521833910304     
  0.476656860547229     
  0.503387282312458     
  0.547780906931229     
  0.493967020760619     
  0.468216683229019     
  0.502751944412282     
  0.490568617086248     
  0.471671735589518     
  0.487357502328476     
  0.477060566768364     
  0.465924239653700     
  0.476292669263421     
  0.446784302890694     
  0.503318124699541     
  0.476562886074675     
  0.453490997661801     
  0.518407610860815     
  0.512582403622128     
  0.524902077587437     
  0.473656036243340     
  0.547135099489778     
  0.489266900871252     
  0.549160850151597     
  0.522474008995646     
  0.512683927599022     
  0.521363982421776     
  0.533014188181107     
  0.504479298843913     
  0.501155981875408     
  0.449703622860362     
  0.528476530225452     
  0.520343530101395     
  0.498314855092223     
  0.528968851213388     
  0.519250896896174     
  0.489133612500026     
  0.451331152672919     
  0.497587833024845     
  0.519364568334114     
  0.504897087666467     
  0.486739180185481     
  0.540130623110981     
  0.487788983068359     
  0.506648273273048     
  0.521892774907143     
  0.506261872645121     
  0.493491142844679     
  0.510922696714816     
  0.483953553525740     
  0.543741020984769     
  0.510622274184832     
  0.500850661663903     
  0.538800640030664     
  0.500663017096030     
  0.527912525280244     
  0.508096791510310     
  0.508125229444999     
  0.513825080687640     
  0.512756451371335     
  0.485638169256654     
  0.499386169448371     
  0.477126382813669     
  0.480552743790396     
  0.453813801423055     
  0.526170676183693     
  0.519078076871846     
  0.493529859310154     
  0.493886222418574     
  0.505670934567483     
  0.497843508732495     
  0.456223204678713     
  0.516752063170894     
  0.520827613503383     
  0.492694222281916     
  0.497903785643913     
  0.504946906895380     
  0.478989679097100     
  0.540331227696494     
  0.507816457722736     
  0.512749855265055     
  0.474974971465305     
  0.529543162401839     
  0.515879102983069     
  0.486690880785179     
  0.529937420986634     
  0.492173430286419     
  0.451378003113994     
  0.528488637588677     
  0.506430770263129     
  0.470392600110563     
  0.559289966454656     
  0.493169480337232     
  0.552344725148715     
  0.532949986311769     
  0.491999262394317     
  0.475121067385979     
  0.501284782500811     
  0.466550308845634     
  0.489067223939249     
  0.508025981264996     
  0.483389492315243     
  0.529502540710578     
  0.521845979850181     
  0.539324427777642     
  0.530465128253533     
  0.508302636894514     
  0.479567997096719     
  0.488347651983144     
  0.501256721363306     
  0.475668087917419     
  0.494641969674141     
  0.487569770940242     
  0.469659524663032     
  0.504183327905525     
  0.500151525049297     
  0.472292274656841     
  0.551452865897423     
  0.549379208293798     
  0.467303334747629     
  0.508797818112280     
  0.509688642963696     
  0.507990142689370     
  0.496028818549194     
  0.543743337337817     
  0.492666419811847     
  0.506064630267267     
  0.546488072041741     
  0.485118911737033     
  0.499024460835629     
  0.523144392090843     
  0.526263931303117     
  0.552134837010866     
  0.497938419708585     
  0.459331415912462     
  0.459187014796111     
  0.471840008598750     
  0.493469159101441     
  0.478089443857723     
  0.480393557464030     
  0.486309517279270     
  0.461331613617239     
  0.513824705956830     
  0.484916031088170     
  0.530369696071046     
  0.482643800864100     
  0.534995842999196     
  0.532148614663043     
  0.498713395325935     
  0.494150746484894     
  0.535163461906260     
  0.517591820757437     
  0.478322937805511     
  0.547767908822713     
  0.496794152801629     
  0.476748283553261     
  0.518697993976610     
  0.473434430715028     
  0.516853246217842     
  0.466392855253559     
  0.505858153937131     
  0.494387296911428     
  0.518987337861603     
  0.495772149319949     
  0.479707492587347     
  0.449796305333092     
  0.500554737877490     
  0.469926765976633     
  0.489593204188191     
  0.447559230307765     
  0.520688446641806     
  0.476718044278389     
  0.483134953180726     
  0.505988742132540     
  0.516698591989059     
  0.475405502226723     
  0.485770688325692     
  0.504775516502709     
  0.532219839580185     
  0.542646358932259     
  0.548198654283547     
  0.499075101969404     
  0.526797869249344     
  0.530616177851829     
  0.517444749425679     
  0.507668927884687     
  0.465220545194282     
  0.504924702769675     
  0.475627112278866     
  0.469278274407049     
  0.432104014840935     
  0.481849603653439     
  0.478775914533287     
  0.468410050543493     
  0.486986644609692     
  0.488554400226806     
  0.464718881213006     
  0.496196947494086     
  0.510523360913553     
  0.499040502100024     
  0.497789762872056     
  0.492243505032900     
  0.436886103610104     
  0.512869710050854     
  0.498413798571331     
  0.515988959704647     
  0.498901296760095     
  0.514186187247277     
  0.512996780548610     
  0.475644649264323     
  0.492255921406337     
  0.461857974954990     
  0.490953611900132     
  0.466679834944475     
  0.552438749177085     
  0.478649643196677     
  0.464554543146434     
  0.516716250988267     
  0.511412912745147     
  0.455530315061847     
  0.489452051344094     
  0.497467745407320     
  0.473148388164019     
  0.491597057072541     
  0.471180898532132     
  0.489338331500593     
  0.518695559257988     
  0.540277085014244     
  0.488712850964130     
  0.482298165650079     
  0.452512395203542     
  0.470594908506973     
  0.550048514871294     
  0.529740559133665     
  0.493645248969559     
  0.495023948831958     
  0.475488508668991     
  0.510883062751275     
  0.481205684888824     
  0.503923424879162     
  0.448733414451962     
  0.483698669909923     
  0.541278013086458     
  0.517612821845924     
  0.533671472482307     
  0.478560727498334     
  0.519877516447345     
  0.481225555028164     
  0.546639721343924     
  0.485386502685873     
  0.501027605497384     
  0.497984488456784     
  0.496257377598284     
  0.455480782913887     
  0.488056157851520     
  0.518868328910484     
  0.491944663345390     
  0.488726554197644     
  0.494016916364717     
  0.454169261982174     
  0.493133587509647     
  0.534413542127839     
  0.482330572071984     
  0.478892708148161     
  0.472354744074505     
  0.496613264636251     
  0.528006971184757     
  0.478095388967404     
  0.483689893410962     
  0.490993272467173     
  0.501642456449198     
  0.515924216920685     
  0.505737137180960     
  0.533365077401838     
  0.495225500889332     
  0.311435206008437     
  0.369706844858019     
  0.329646303091312     
  0.360350468124204     
  0.327466733655241     
  0.350484844110783     
  0.351834996712188     
  0.392692163860016     
  0.269927804795149     
  0.359261557550751     
  0.308294363557711     
  0.332299123650500     
  0.311535959879583     
  0.365377629150388     
  0.358857694243774     
  0.349947367267949     
  0.330749809992442     
  0.424800189574305     
  0.341423904779792     
  0.316002325554992     
  0.406832367641070     
  0.366545403529209     
  0.313712213672570     
  0.305410070555320     
  0.319275312292341     
  0.300399339721668     
  0.358885991358137     
  0.267819085583433     
  0.344965457158092     
  0.340226068037861     
  0.387958025630486     
  0.362473684518315     
  0.351860526892735     
  0.406972385062099     
  0.371249384527248     
  0.392284778182690     
  0.280378473346232     
  0.319847147759702     
  0.342129562296779     
  0.283369230445004     
  0.347034339744828     
  0.415125794123274     
  0.358333710899252     
  0.319711836784052     
  0.447368292972070     
  0.423862898219357     
  0.329703262507650     
  0.385992132742640     
  0.359237013957687     
  0.387376411426150     
  0.386226995564779     
  0.334162752804126     
  0.331130633536432     
  0.452556025465920     
  0.356743886154330     
  0.307198252886421     
  0.361316722948860     
  0.376987938151324     
  0.320934539075543     
  0.354034624030835     
  0.345275973223227     
  0.298236961885624     
  0.338124785243983     
  0.326162700071316     
  0.354173882621031     
  0.403570980429642     
  0.381759866604281     
  0.467628118957077     
  0.306286683537807     
  0.337765227186874     
  0.352670427627212     
  0.353127479134883     
  0.349793587087312     
  0.351768598985116     
  0.353058786000168     
  0.446327237056935     
  0.409012348624471     
  0.393589699846107     
  0.326315778164723     
  0.320055212032676     
  0.333421271882054     
  0.301577021455433     
  0.337790407101023     
  0.265281697063786     
  0.324221108083626     
  0.393297865087038     
  0.318975550749493     
  0.334799827710310     
  0.318486996348864     
  0.371062631040301     
  0.337620724571572     
  0.338560598552393     
  0.288710399838716     
  0.404516224467154     
  0.281526789027730     
  0.437752102311245     
  0.382704024986787     
  0.380675234655796     
  0.348207311342107     
  0.350351952266477     
  0.295521423947617     
  0.348900248020023     
  0.354990834233538     
  0.308613608312800     
  0.320531197661774     
  0.390940128484947     
  0.285385462243174     
  0.369473196798120     
  0.336342692445929     
  0.337508945329380     
  0.258199307773518     
  0.313281873012232     
  0.366919286252362     
  0.343913897614080     
  0.384474357466073     
  0.387046744954861     
  0.341749962228805     
  0.387095877626698     
  0.297794301541073     
  0.373878074790456     
  0.343585775359147     
  0.381017059389370     
  0.302707175091190     
  0.316514137881704     
  0.292972572451005     
  0.352935017654271     
  0.311853406395383     
  0.392049735972875     
  0.290925608423631     
  0.360699949546541     
  0.332710303977129     
  0.426295222329212     
  0.325626644349660     
  0.401381061817401     
  0.331535656112138     
  0.305724597221022     
  0.308889592892567     
  0.355485470948472     
  0.304779780169506     
  0.435812344857646     
  0.501627393233087     
  0.410566914435200     
  0.295151890682039     
  0.354841692079444     
  0.398444853836046     
  0.332801601869597     
  0.381744500211765     
  0.344525691528547     
  0.379359534206654     
  0.349660685440920     
  0.312038004063328     
  0.413454938858152     
  0.464174230882274     
  0.344854611111954     
  0.448153016328040     
  0.452027690057227     
  0.356346165865588     
  0.274342097387349     
  0.323828310058814     
  0.351915896910577     
  0.386504880437990     
  0.346921229807755     
  0.299228599958537     
  0.334691231964792     
  0.366927888529481     
  0.276196581204422     
  0.348924332319902     
  0.371465264143685     
  0.358435144174143     
  0.332685638671398     
  0.334128469545420     
  0.424327933095385     
  0.292535548920149     
  0.295422253611671     
  0.370366146737553     
  0.335133380431929     
  0.332586885348884     
  0.410493249011397     
  0.367534466202876     
  0.407048030994912     
  0.337908669455476     
  0.340625212319495     
  0.273485408601044     
  0.439339978130386     
  0.384041811312165     
  0.321921434270286     
  0.304533338811403     
  0.355762874245937     
  0.274441391815606     
  0.317918780319735     
  0.300278907264266     
  0.406301252646219     
  0.295399147431406     
  0.386984852643933     
  0.332647032936749     
  0.313919938233675     
  0.367383018631854     
  0.387566889338331     
  0.337609121385856     
  0.338078470577587     
  0.325040586978220     
  0.412869015357415     
  0.359797325931987     
  0.314487783952852     
  0.364061764822385     
  0.350634654621962     
  0.376530958061973     
  0.327651622273125     
  0.404058166787921     
  0.399852887583810     
  0.283994999271142     
  0.326200821319394     
  0.362485780164381     
  0.407984010532144     
  0.333691682190765     
  0.337390687944182     
  0.284201109365082     
  0.373205352036077     
  0.409430729587762     
  0.301334298190219     
  0.308686079861317     
  0.301853782856416     
  0.326671761338221     
  0.336640402447778     
  0.469320752417313     
  0.412004042704044     
  0.352254123661574     
  0.403353572772777     
  0.394042004610335     
  0.366683590345215     
  0.322797429681310     
  0.369477145338037     
  0.425536795954610     
  0.373675534248133     
  0.326713759640027     
  0.337946823179059     
  0.332042976882269     
  0.250550228598648     
  0.371169576720553     
  0.394703796746870     
  0.366465107604837     
  0.306507541255507     
  0.352758076064884     
  0.356027913737208     
  0.365819641258453     
  0.339111424639573     
  0.449738733273031     
  0.302114883256576     
  0.392031694294923     
  0.315866660254861     
  0.372113910613993     
  0.354687884131911     
  0.305632047980207     
  0.280086310130528     
  0.402899585627321     
  0.399090659490632     
  0.341427265800130     
  0.376201674643133     
  0.418794044342912     
  0.341234906158410     
  0.362800700855411     
  0.292009791641157     
  0.406815818012355     
  0.426246351993221     
  0.349243517794807     
  0.339407001107312     
  0.370409393725287     
  0.340183462293295     
  0.318208195782928     
  0.341931255890870     
  0.334106709687979     
  0.314208116510361     
  0.351494801034123     
  0.289170071358653     
  0.420427973595614     
  0.376484947393489     
  0.387019355247135     
  0.308811296427145     
  0.309326526289086     
  0.310291583260687     
  0.341708667410190     
  0.341957527838042     
  0.329989917252315     
  0.331958111304476     
  0.333299888629361     
  0.393453182327716     
  0.330078838900323     
  0.328465901640104     
  0.379791419275210     
  0.265572633323169     
  0.368932964329551     
  0.296454753648572     
  0.361583604446107     
  0.350152716220503     
  0.295577507071008     
  0.355590899597953     
  0.390757422337854     
  0.322301803286165     
  0.332095660576190     
  0.311012712884074     
  0.327611375813803     
  0.364829187619808     
  0.443235998007957     
  0.336452220351601     
  0.317436219161728     
  0.359655441731457     
  0.280555681429171     
  0.305299664041707     
  0.370076100505968     
  0.365927462628040     
  0.372721234272538     
  0.319470388646203     
  0.274448398434054     
  0.329852170080765     
  0.381433956203414     
  0.358146410390837     
  0.295392039877432     
  0.332955536007345     
  0.382505096817428     
  0.319494937658986     
  0.287112850513090     
  0.335126333071481     
  0.345547933247976     
  0.359787118629722     
  0.297550006059424     
  0.356458420272235     
  0.291630875646515     
  0.324825615269705     
  0.441630304954998     
  0.302822168443174     
  0.402919844827976     
  0.324237687461204     
  0.397182617826195     
  0.357593859645865     
  0.373910727201480     
  0.342646152994231     
  0.339663353328916     
  0.361559794742090     
  0.327746654730894     
  0.277420534587449     
  0.351425207626097     
  0.319744504150116     
  0.425398313876333     
  0.368695355533023     
  0.342835408494662     
  0.305856431925645     
  0.328897321985048     
  0.384090277089321     
  0.349700114468120     
  0.313910528315237     
  0.425997428723531     
  0.389309105684407     
  0.330872348632350     
  0.353383099925409     
  0.338932893049079     
  0.383750831366599     
  0.371560144924765     
  0.356027192651285     
  0.284446760992658     
  0.378316403428994     
  0.337233729293898     
  0.323297435256562     
  0.299750897525025     
  0.361336927925455     
  0.274924985048814     
  0.327960097983495     
  0.317645932405960     
  0.315968480033055     
  0.301518657410739     
  0.378047297339576     
  0.289062626411598     
  0.364314799488763     
  0.317037189981394     
  0.297824188367715     
  0.349102331273914     
  0.337617909739336     
  0.436946761417762     
  0.281502940062287     
  0.315893497290072     
  0.420308347533107     
  0.413369233447434     
  0.371023605722793     
  0.416891996940921     
  0.349286993905751     
  0.347243426623467     
  0.291507362974918     
  0.305472746131265     
  0.309077318722897     
  0.344270001827889     
  0.347022590738924     
  0.314075755427789     
  0.240836327982972     
  0.305332985897242     
  0.408062757477021     
  0.385337851895492     
  0.376558870001630     
  0.301030463146727     
  0.360444600355176     
  0.373337747228635     
  0.296457852751404     
  0.340195196635587     
  0.355273763815319     
  0.362833013481473     
  0.353323139615103     
  0.427070610025711     
  0.325113493809004     
  0.306191866305781     
  0.404039805926890     
  0.361103027924431     
  0.330860763733756     
  0.337016848248136     
  0.304100932453262     
  0.370811031882401     
  0.292002827965959     
  0.329941932758693     
  0.350924091120916     
  0.326872249865089     
  0.457848592302209     
  0.350161906204408     
  0.370302375092019     
  0.367244446595459     
  0.387887498445600     
  0.356409049864981     
  0.405512257709312     
  0.367525940313071     
  0.343196584075639     
  0.358140076714714     
  0.368247584092205     
  0.377077237099689     
  0.373434499319559     
  0.408737580081681     
  0.307156379709071     
  0.353962572962765     
  0.287241691148448     
  0.317235830064613     
  0.323734577177043     
  0.280181144582417     
  0.299458614472206     
  0.304837082924768     
  0.412442517600188     
  0.265333416085821     
  0.298325558458935     
  0.336027817499749     
  0.292109839018979     
  0.339710964608010     
  0.336543396954168     
  0.370126463935615     
  0.304296094490827     
  0.453804379710675     
  0.286363077899836     
  0.354393824916706     
  0.311593569871501     
  0.403676533429576     
  0.325549555953432     
  0.337765419701723     
  0.497072037216510     
  0.402141268632555     
  0.373285359911262     
  0.364186175686336     
  0.268792654217561     
  0.306479324059174     
  0.314978868742468     
  0.294184482062674     
  0.300164749039881     
  0.334074644581742     
  0.415011867148823     
  0.392712252310526     
  0.307099313356841     
  0.325019999390812     
  0.288534281506972     
  0.383272402133135     
  0.333986034784849     
  0.374481555276495     
  0.337434836874242     
  0.358432805367147     
  0.363829778103373     
  0.342817227275649     
  0.285112544494589     
  0.309000257795964     
  0.324302831960688     
  0.327702300400898     
  0.319656104855747     
  0.370561550612930     
  0.398384307772987     
  0.416855394344809     
  0.374027808005539     
  0.359530973295723     
  0.269933676718093     
  0.360817576649337     
  0.338784507996084     
  0.301307125852469     
  0.375599226499397     
  0.319675312119542     
  0.365714834122253     
  0.370141326348850     
  0.366637981822712     
  0.355102187412316     
  0.339940103840419     
  0.370975326752488     
  0.377293638235813     
  0.371959624533666     
  0.343391710796487     
  0.394671177415032     
  0.308728898530885     
  0.358369109906147     
  0.326220628770920     
  0.352498122275651     
  0.396828171164134     
  0.374595496055874     
  0.419023393874363     
  0.342557893740156     
  0.424637660501253     
  0.363558963404636     
  0.341604442611228     
  0.345659532441614     
  0.314753397344192     
  0.343737384104950     
  0.427880249525669     
  0.348679993496464     
  0.334939179245322     
  0.404685769707695     
  0.392744243034035     
  0.383355115637549     
  0.313347170340434     
  0.300162083012113     
  0.323668035171344     
  0.310675108288545     
  0.326283462232417     
  0.303501814611292     
  0.317525069313522     
  0.333921519253133     
  0.429286593647817     
  0.343462012791350     
  0.354373215897336     
  0.343792473587959     
  0.306939879304414     
  0.399971900393062     
  0.377179508673286     
  0.316063354637658     
  0.442747513311233     
  0.321806417830383     
  0.410052094029578     
  0.359229829469690     
  0.323171783594376     
  0.322311649272703     
  0.337687917825875     
  0.348795477582055     
  0.284867300932560     
  0.353226972236628     
  0.318723535267734     
  0.315968847915155     
  0.397123865505674     
  0.295740767190935     
  0.366292963383507     
  0.419742885032446     
  0.351595134651361     
  0.265986772896396     
  0.356141552469791     
  0.267147056073977     
  0.362168573900519     
  0.349551580924566     
  0.347549986659067     
  0.364003325192105     
  0.356050628587567     
  0.340912478897317     
  0.290183152307450     
  0.395017833667258     
  0.260179713681555     
  0.372549325529681     
  0.389463254283001     
  0.296749158958680     
  0.345550340388264     
  0.362201567707167     
  0.428385459610186     
  0.417858914007844     
  0.383818527790220     
  0.254507900755096     
  0.360833893711014     
  0.379185965721366     
  0.319644056214711     
  0.364261712258961     
  0.309647981698730     
  0.326469917865337     
  0.316539219272956     
  0.304527334831804     
  0.423753520989046     
  0.331714653529057     
  0.420686409468049     
  0.378899010357950     
  0.353736751669801     
  0.385660421506291     
  0.320096778653491     
  0.328821414369976     
  0.342109233803319     
  0.330777441731288     
  0.265648220987574     
  0.305782255489302     
  0.373686363781408     
  0.401626884541980     
  0.265351872147967     
  0.418571274408410     
  0.286796687387814     
  0.318258674192394     
  0.338126867392906     
  0.429107688528807     
  0.313361962719325     
  0.294212871819150     
  0.402959726319378     
  0.339481249471854     
  0.397619394453116     
  0.305509392022103     
  0.455110452564712     
  0.326141961724818     
  0.326688835424514     
  0.361675317388860     
  0.288990213169523     
  0.360684159062829     
  0.309368423119681     
  0.275352208565120     
  0.312321607481158     
  0.395063284717988     
  0.364537760015582     
  0.355391335193923     
  0.319720650254376     
  0.362158099831823     
  0.369258418124839     
  0.277797237277205     
  0.315910621114598     
  0.513248766638634     
  0.361161127444554     
  0.335708994739134     
  0.391852960843589     
  0.382140461142472     
  0.290210938247731     
  0.347394421370266     
  0.431837439223055     
  0.433845366451763     
  0.335346930782942     
  0.386286120066118     
  0.363772828516618     
  0.375054124900964     
  0.423095435011320     
  0.294651009424237     
  0.410089238540326     
  0.385755608163857     
  0.274061813234571     
  0.384724675040065     
  0.346373673871947     
  0.343922982138717     
  0.313750739241668     
  0.356461582749870     
  0.294763790426705     
  0.305974183764599     
  0.352347278194996     
  0.322540850489580     
  0.298852504998018     
  0.386621662735579     
  0.308926043518686     
  0.392529164615197     
  0.366611325885925     
  0.359746067383921     
  0.389144479654680     
  0.337281607595817     
  0.355805121700703     
  0.409320090961517     
  0.356213361084552     
  0.329641732115431     
  0.348970189096815     
  0.396447821347955     
  0.391375418063337     
  0.355667588677451     
  0.290207534094537     
  0.308981515468545     
  0.358101496895870     
  0.307890641598588     
  0.355614379817611     
  0.337259140425643     
  0.347494416444683     
  0.295308936406755     
  0.237529412859046     
  0.376367626944146     
  0.265590365635743     
  0.326330890334919     
  0.358632335472189     
  0.332120309258288     
  0.351011608831440     
  0.315925896698242     
  0.354040818715526     
  0.335634523772495     
  0.322789153081468     
  0.344443128972465     
  0.373858857221252     
  0.368742315640402     
  0.327679430070475     
  0.325984542028312     
  0.307640204166583     
  0.300373091469304     
  0.312776248613332     
  0.368320517106485     
  0.323856685632194     
  0.319352356185942     
  0.342203817987246     
  0.367869358584508     
  0.390877880816167     
  0.310667035871509     
  0.325813088121871     
  0.410824166846382     
  0.370608064096156     
  0.385624840399352     
  0.301992393043845     
  0.341612833229534     
  0.357399562476088     
  0.281064531991005     
  0.360752176278828     
  0.337302413156219     
  0.283440945247527     
  0.303041977028780     
  0.297172861834940     
  0.338203342435260     
  0.379031264927558     
  0.339803043833881     
  0.374727837140006     
  0.294107247578852     
  0.292592502312370     
  0.283075997663980     
  0.331673320227297     
  0.274270605083658     
  0.343204284013659     
  0.404414095747357     
  0.347282154011006     
  0.323739502405221     
  0.299262572065370     
  0.391918633313419     
  0.305460691444484     
  0.292050567487708     
  0.304328081055755     
  0.314227790701725     
  0.325802618012437     
  0.310541896662775     
  0.384411811732050     
  0.313762074683655     
  0.276616919754085     
  0.365372772542062     
  0.360817726229483     
  0.369552006897196     
  0.365675668787929     
  0.421314037893793     
  0.393896931036185     
  0.572017487244464     
  0.360903477417604     
  0.362394781408732     
  0.357189491909921     
  0.375726311763771     
  0.353090961160482     
  0.331332114262693     
  0.298053757049667     
  0.408785368879003     
  0.331174086247931     
  0.342041772525347     
  0.372624910765565     
  0.363364843970198     
  0.365014571991087     
  0.270341233450714     
  0.341564856021821     
  0.389538099629721     
  0.335416657157742     
  0.316313273292411     
  0.429537128479348     
  0.360964525511455     
  0.309541319906382     
  0.350159491780351     
  0.333922215721691     
  0.343860282339905     
  0.374716744274022     
  0.330593184169868     
  0.404853416552481     
  0.353177000085443     
  0.358273546081539     
  0.401061014808844     
  0.336764734290896     
  0.413401636045055     
  0.394722942854704     
  0.515102932172064     
  0.410187148841468     
  0.382336840545025     
  0.349354711438567     
  0.379980245193801     
  0.384574974998283     
  0.314709551822411     
  0.256802637859731     
  0.411941636989255     
  0.366205596305375     
  0.400441967288766     
  0.331271954910740     
  0.332563237436622     
  0.333376714489461     
  0.279564680406803     
  0.379582128022516     
  0.361684984655324     
  0.342453178790314     
  0.297411996753788     
  0.392118268685234     
  0.314731689200370     
  0.370631139088906     
  0.349502424943949     
  0.374165299068274     
  0.320683513181293     
  0.346072993573017     
  0.346802735180169     
  0.325303354885963     
  0.388764831383989     
  0.335610435075900     
  0.275823596466488     
  0.451849255814746     
  0.383541288676096     
  0.322313310076749     
  0.436670148614697     
  0.382135844462764     
  0.474129567288349     
  0.412909914855951     
  0.341486613623722     
  0.269488242532219     
  0.353502030373585     
  0.324223168910884     
  0.308590340187489     
  0.313477232200731     
  0.300456087588798     
  0.412052311931271     
  0.411366495761735     
  0.385156376020479     
  0.356952027585420     
  0.356035278734727     
  0.301156724469831     
  0.346090712474621     
  0.399273888861600     
  0.305073660965551     
  0.317833347609645     
  0.294262025928672     
  0.345431216742937     
  0.445781271489764     
  0.321363921698235     
  0.369772339802855     
  0.386220482876473     
  0.373423171216915     
  0.294510598116836     
  0.315852696029516     
  0.339815703714792     
  0.302929036641244     
  0.318519569332275     
  0.424126826632986     
  0.334692734906553     
  0.350447071516372     
  0.418315661501159     
  0.292851546644069     
  0.353780701163268     
  0.349091029861909     
  0.387499867739637     
  0.401798494673486     
  0.344312357829063     
  0.269694358367094     
  0.312305775313740     
  0.332415753901435     
  0.349261562099545     
  0.329418042254271     
  0.341217128304882     
  0.288759662120574     
  0.362172508801002     
  0.460043878995315     
  0.312059122993854     
  0.390267299740740     
  0.338784381610926     
  0.366454660150135     
  0.433561917717721     
  0.334745619809925     
  0.364326904915697     
  0.381556681023444     
  0.399615052893705     
  0.393904525957674     
  0.449289854049957     
  0.331786945696090     
  0.284513650733837     
  0.380772567813019     
  0.320259679434056     
  0.353029406227936     
  0.316599742972854     
  0.400094243775622     
  0.371143570915140     
  0.369851674558352     
  0.315329790082568     
  0.329825102345460     
  0.292499789595586     
  0.341706982175342     
  0.304280320598442     
  0.303405844340461     
  0.284402102544202     
  0.347307125175889     
  0.321390472319358     
  0.309785681668690     
  0.363496270501994     
  0.430381820138842     
  0.316462048543569     
  0.323412111789285     
  0.358772640875242     
  0.360184762893453     
  0.335005187043919     
  0.449250555693923     
  0.363577660676538     
  0.362819361846198     
  0.405000519623910     
  0.357078605262472     
  0.336916346197823     
  0.370905777701952     
  0.406213796421780     
  0.298613502470895     
  0.298832539478306     
  0.249194815472228     
  0.323208043208817     
  0.303244979775225     
  0.298403402050584     
  0.373336409932989     
  0.291277741990964     
  0.283411574963788     
  0.361265309219452     
  0.448597967232588     
  0.338497502349065     
  0.295459641269079     
  0.368026314624562     
  0.311128781273939     
  0.353760658792747     
  0.347313393429925     
  0.384722768459429     
  0.338939068726701     
  0.360263652414654     
  0.358496214471289     
  0.375203313067337     
  0.303786698900933     
  0.303770698490226     
  0.394500783088220     
  0.270847405223079     
  0.435745482430280     
  0.331547555192890     
  0.274789117071461     
  0.341321231349812     
  0.395840999376497     
  0.278938723900385     
  0.265043895163488     
  0.354991723690909     
  0.332764418673758     
  0.320271838829306     
  0.258703144406028     
  0.295703913419633     
  0.353926969912257     
  0.369921977730264     
  0.333346168047298     
  0.320365860038310     
  0.304515028882488     
  0.303554111881080     
  0.379387318613423     
  0.376327728352251     
  0.341010041642560     
  0.385290232147080     
  0.315828644602822     
  0.361368950262966     
  0.330572791557490     
  0.376305921527466     
  0.277509687513165     
  0.354282930430207     
  0.390757739355482     
  0.357064396737000     
  0.425777094810689     
  0.326576582275845     
  0.357101701114390     
  0.291069076370875     
  0.381567147344457     
  0.318135912188473     
  0.358880800652874     
  0.343534899278518     
  0.349575627715676     
  0.280759507457301     
  0.345420461318560     
  0.362360770209447     
  0.322717992616656     
  0.304444229927532     
  0.318737560566564     
  0.288717770739264     
  0.332043269543493     
  0.417408982235078     
  0.364424775607255     
  0.326592877070776     
  0.298867275343923     
  0.346399805852025     
  0.365795496751688     
  0.290000843289835     
  0.325211202833925     
  0.323636796415583     
  0.344934308153015     
  0.376179559473160     
  0.363244838050893     
  0.418889351307929     
  0.391214657258401     
