  1.612938276860326E-002
  1.705429287358318E-002
  1.551847572303469E-002
  1.582224776072747E-002
  1.516103888863450E-002
  1.671706521702334E-002
  1.537366283693605E-002
  1.521365890036062E-002
  1.687263120370712E-002
  1.744848849147658E-002
  1.503643664731990E-002
  1.639693893121745E-002
  1.656459341723498E-002
  1.794265969553773E-002
  1.705432062335602E-002
  1.571154891469506E-002
  1.526113307117483E-002
  1.546096700362790E-002
  1.517698520437549E-002
  1.452772820314838E-002
  1.657591176429817E-002
  1.593967489854519E-002
  1.595437435880902E-002
  1.495876481902324E-002
  1.534219804167056E-002
  1.555918035371749E-002
  1.501324725883020E-002
  1.563169097486409E-002
  1.644091317013217E-002
  1.525249304858345E-002
  1.546077058032738E-002
  1.642922862323473E-002
  1.455390105109191E-002
  1.411393901943887E-002
  1.557467313944351E-002
  1.618404165244405E-002
  1.646794781875770E-002
  1.704960946266584E-002
  1.581347717703821E-002
  1.532765273736072E-002
  1.533452362546667E-002
  1.467875154490749E-002
  1.559667182972210E-002
  1.493570186155733E-002
  1.684995242274724E-002
  1.616905492422450E-002
  1.590491579561843E-002
  1.627071334561412E-002
  1.661550835943494E-002
  1.616084509393540E-002
  1.537029818483899E-002
  1.562074618489280E-002
  1.586511572161237E-002
  1.568813948465346E-002
  1.575048746368443E-002
  1.639436650706226E-002
  1.617675309869815E-002
  1.666005348275541E-002
  1.679784393611656E-002
  1.555976529004665E-002
  1.542684650077336E-002
  1.597332012299085E-002
  1.561803577379220E-002
  1.469659678587656E-002
  1.463034306025925E-002
  1.594550687287303E-002
  1.592006851976885E-002
  1.439205811452841E-002
  1.435701579137039E-002
  1.440410789125777E-002
  1.622253430918850E-002
  1.624899800673201E-002
  1.719667097894554E-002
  1.572117934696756E-002
  1.488772346257992E-002
  1.550082030440341E-002
  1.585063459892052E-002
  1.576109193965647E-002
  1.546890714809681E-002
  1.583386984230219E-002
  1.574440483883327E-002
  1.619074531009054E-002
  1.629040852414591E-002
  1.553012993230419E-002
  1.592487450827944E-002
  1.656971036896060E-002
  1.544282233701075E-002
  1.598993469805346E-002
  1.566248150894851E-002
  1.697035936621680E-002
  1.505362355762889E-002
  1.484251436053638E-002
  1.687651877910077E-002
  1.575028443969270E-002
  1.567440436751216E-002
  1.582882071705806E-002
  1.535128722019137E-002
  1.614971164003649E-002
  1.616157127472510E-002
  1.504056836484037E-002
  1.579604923204150E-002
  1.666037319710370E-002
  1.524936493737368E-002
  1.663674483789299E-002
  1.605751336751614E-002
  1.649739196356447E-002
  1.576646168339952E-002
  1.518726454922886E-002
  1.512210784621412E-002
  1.487961591222867E-002
  1.547006279841561E-002
  1.577871551369897E-002
  1.551691838406715E-002
  1.548881645262947E-002
  1.650660909302182E-002
  1.613055443386021E-002
  1.782938024946680E-002
  1.518830248180164E-002
  1.561633359316661E-002
  1.582919410499206E-002
  1.654154735224668E-002
  1.442629956536776E-002
  1.533016366326845E-002
  1.607579094428133E-002
  1.454166178450119E-002
  1.502474236102565E-002
  1.665711401376425E-002
  1.614770026605429E-002
  1.508737463416952E-002
  1.651032724687676E-002
  1.658425786596917E-002
  1.598010701770953E-002
  1.613052423245759E-002
  1.580495505488904E-002
  1.506964735866933E-002
  1.501014740431189E-002
  1.591454815467025E-002
  1.743262261403623E-002
  1.580501378666069E-002
  1.524910658085760E-002
  1.527979995306509E-002
  1.546870023275852E-002
  1.574395332110884E-002
  1.603311848834721E-002
  1.637633092528085E-002
  1.584109369057139E-002
  1.590862875775828E-002
  1.601139532048527E-002
  1.633347942199509E-002
  1.665581209774189E-002
  1.658138014768811E-002
  1.501086601323533E-002
  1.527048998500722E-002
  1.536468883069630E-002
  1.544224487224706E-002
  1.589152035648447E-002
  1.527510195746697E-002
  1.726543985971549E-002
  1.687944286464020E-002
  1.591706783697364E-002
  1.461197756461342E-002
  1.597446784059546E-002
  1.454610529297401E-002
  1.594303841149087E-002
  1.571103039241439E-002
  1.522958447827129E-002
  1.669795476565882E-002
  1.597113157708202E-002
  1.756738169051508E-002
  1.704526858941246E-002
  1.686314688465850E-002
  1.625342788099692E-002
  1.459215421310478E-002
  1.500639430325651E-002
  1.543575483818809E-002
  1.535505951286882E-002
  1.474023207862715E-002
  1.672457165515210E-002
  1.592665966211744E-002
  1.704497321698656E-002
  1.512365615018170E-002
  1.647585032856375E-002
  1.704183462827757E-002
  1.655850992406807E-002
  1.651360303411816E-002
  1.518614779336008E-002
  1.511925209770670E-002
  1.522090735336390E-002
  1.531632207438701E-002
  1.583933154017395E-002
  1.620095564760459E-002
  1.468660060364224E-002
  1.590292940020518E-002
  1.570539146293891E-002
  1.606262347193586E-002
  1.546597159464441E-002
  1.669821093648681E-002
  1.604959343195290E-002
  1.651633067816449E-002
  1.602758278180473E-002
  1.549273359201182E-002
  1.586723834624782E-002
  1.499673880113076E-002
  1.590710958008127E-002
  1.593187261411499E-002
  1.592438027780588E-002
  1.719363314828767E-002
  1.551753651864456E-002
  1.574951215111012E-002
  1.631283823285438E-002
  1.481247718320306E-002
  1.702049934421738E-002
  1.624322693089097E-002
  1.567036864761171E-002
  1.471534338152237E-002
  1.638126326553882E-002
  1.558379528712385E-002
  1.665010826700797E-002
  1.680997116048378E-002
  1.648865808896757E-002
  1.487900151709090E-002
  1.602561002109596E-002
  1.609244205869464E-002
  1.605766517512553E-002
  1.627666372142048E-002
  1.574601188977225E-002
  1.863678002323485E-002
  1.529789524304452E-002
  1.512824983054556E-002
  1.729325620650245E-002
  1.554707006055347E-002
  1.477410593345147E-002
  1.572864940076714E-002
  1.549257982668924E-002
  1.688705179782696E-002
  1.541065951017275E-002
  1.584925219914479E-002
  1.655056386900641E-002
  1.612425220848744E-002
  1.633928756123334E-002
  1.637682138396323E-002
  1.633364376168127E-002
  1.689339591721940E-002
  1.651289375596027E-002
  1.484515112727008E-002
  1.686038439509532E-002
  1.699058334123544E-002
  1.636481767542238E-002
  1.656663113014711E-002
  1.472049209045938E-002
  1.508568090985324E-002
  1.604379467241317E-002
  1.429058348148208E-002
  1.494167474618485E-002
  1.656328180918782E-002
  1.618793304474962E-002
  1.569761895658307E-002
  1.730391266775968E-002
  1.572703288927313E-002
  1.504837745870075E-002
  1.626559980086852E-002
  1.533875487355080E-002
  1.505793878818702E-002
  1.749271264529571E-002
  1.611125138808156E-002
  1.483757406484684E-002
  1.553269111759499E-002
  1.526507636062044E-002
  1.620098119645611E-002
  1.652972303066098E-002
  1.464582592734228E-002
  1.621674120196697E-002
  1.632542264528255E-002
  1.539046233474996E-002
  1.586431858342350E-002
  1.656107681097531E-002
  1.628358334585842E-002
  1.678336685396502E-002
  1.553077229718460E-002
  1.620913880143093E-002
  1.590746989103290E-002
  1.559884932837990E-002
  1.538543663736051E-002
  1.536069488177096E-002
  1.465739092689040E-002
  1.642064070427480E-002
  1.610737914088573E-002
  1.623940638842427E-002
  1.538062236952423E-002
  1.502968157562367E-002
  1.599018363356301E-002
  1.547808498897372E-002
  1.630735946796423E-002
  1.671531432851670E-002
  1.621599357892820E-002
  1.555559601949087E-002
  1.666134472303163E-002
  1.475534613583523E-002
  1.523707369166990E-002
  1.647057525525444E-002
  1.484612622472809E-002
  1.540225363826067E-002
  1.560613389451376E-002
  1.581170142854008E-002
  1.582986169477866E-002
  1.507571343845129E-002
  1.746044882103125E-002
  1.643599360339853E-002
  1.594184282788687E-002
  1.710135492550583E-002
  1.446230157333764E-002
  1.517304171815805E-002
  1.683810529471953E-002
  1.448978843397073E-002
  1.670779015404273E-002
  1.625213372831188E-002
  1.783930633974653E-002
  1.739930929427417E-002
  1.498134136604164E-002
  1.670797835798182E-002
  1.479372527038164E-002
  1.658050555289546E-002
  1.595878360950560E-002
  1.625843614348223E-002
  1.691388990402927E-002
  1.574602058930896E-002
  1.660111648434704E-002
  1.635784184368265E-002
  1.623663651193455E-002
  1.697202107565940E-002
  1.679406828783637E-002
  1.659849261194739E-002
  1.473338718282545E-002
  1.610804160550035E-002
  1.501536327717952E-002
  1.569972737078768E-002
  1.772995055519768E-002
  1.543325089381192E-002
  1.606553598479567E-002
  1.690757265648759E-002
  1.692587108827011E-002
  1.596393528207729E-002
  1.588045689100129E-002
  1.656427370542351E-002
  1.486607039301037E-002
  1.612034622615861E-002
  1.664183184266581E-002
  1.537248749423453E-002
  1.661954139477784E-002
  1.490170747691473E-002
  1.618423723764411E-002
  1.401802226741440E-002
  1.610776785174663E-002
  1.532623199481139E-002
  1.659763199624014E-002
  1.588307830781822E-002
  1.544728256844149E-002
  1.617802336275726E-002
  1.629422792147615E-002
  1.681034004010295E-002
  1.615801123420456E-002
  1.809690812602718E-002
  1.742439820132139E-002
  1.521015807196746E-002
  1.424936696022104E-002
  1.571270042824277E-002
  1.453763267738851E-002
  1.528934741916230E-002
  1.609214161099096E-002
  1.389539677678064E-002
  1.553239174596595E-002
  1.353653738231135E-002
  1.656969780560548E-002
  1.564785204385844E-002
  1.545327211164026E-002
  1.525210006440948E-002
  1.600298233579719E-002
  1.598819358943930E-002
  1.603914466409286E-002
  1.667277207122333E-002
  1.610474850076434E-002
  1.588218410982208E-002
  1.605576986648314E-002
  1.469263818416529E-002
  1.612215646518746E-002
  1.479500475835964E-002
  1.558612724189101E-002
  1.570936172242982E-002
  1.498535206473165E-002
  1.606857468753654E-002
  1.491549282806312E-002
  1.472913867203060E-002
  1.467002709777087E-002
  1.611549383593418E-002
  1.403521574335040E-002
  1.614596553370038E-002
  1.559881472639936E-002
  1.600560751452962E-002
  1.452991082636949E-002
  1.587730758440434E-002
  1.629590196805405E-002
  1.708123812712449E-002
  1.472222392855760E-002
  1.540223636555590E-002
  1.457863499022507E-002
  1.435374159889948E-002
  1.608318966479839E-002
  1.458635330645341E-002
  1.707864825023267E-002
  1.633482111922086E-002
  1.550428861874363E-002
  1.664178150083599E-002
  1.549203872786422E-002
  1.535464044579159E-002
  1.580349732596985E-002
  1.705282114299747E-002
  1.543322108175972E-002
  1.651190094668237E-002
  1.559527001532754E-002
  1.623320216779289E-002
  1.595007844082175E-002
  1.410426228103670E-002
  1.390065349102332E-002
  1.565080519293782E-002
  1.552440796151854E-002
  1.444579265475762E-002
  1.544622946567334E-002
  1.575041850082284E-002
  1.537953211906181E-002
  1.610916344256193E-002
  1.539775217444838E-002
  1.488222553560646E-002
  1.584228810334586E-002
  1.681301711425295E-002
  1.477088764478206E-002
  1.532093521892502E-002
  1.584811376235406E-002
  1.711413287822997E-002
  1.633560463228774E-002
  1.532268126948489E-002
  1.478145452448239E-002
  1.640926732746784E-002
  1.561038693667892E-002
  1.516313374665170E-002
  1.689844519995489E-002
  1.634173893363882E-002
  1.497846250655572E-002
  1.389545913251426E-002
  1.566386124051769E-002
  1.566467102555929E-002
  1.614340613739383E-002
  1.641235188742405E-002
  1.515482587318043E-002
  1.624738612489572E-002
  1.590206386576097E-002
  1.551600817254142E-002
  1.613231934374264E-002
  1.463446955703122E-002
  1.521860431195262E-002
  1.645998128306655E-002
  1.523633527062773E-002
  1.572530591356843E-002
  1.673175030333469E-002
  1.459129108773273E-002
  1.623740523670212E-002
  1.634670158161870E-002
  1.633873541509403E-002
  1.547308751330004E-002
  1.667009914467109E-002
  1.642982517835043E-002
  1.624537713697884E-002
  1.628220173931745E-002
  1.414977343256751E-002
  1.618945776234610E-002
  1.376558359473667E-002
  1.562661946085847E-002
  1.447382603356665E-002
  1.533267901821686E-002
  1.667471698054014E-002
  1.536264828478950E-002
  1.606745372213505E-002
  1.600177227986906E-002
  1.464573786191483E-002
  1.703357580041179E-002
  1.655019572854493E-002
  1.442320794793637E-002
  1.603240854782681E-002
  1.636872250629715E-002
  1.573055870205506E-002
  1.664433832340577E-002
  1.623175684064036E-002
  1.487215043229046E-002
  1.535351194633716E-002
  1.792431597025837E-002
  1.700688669902331E-002
  1.510503152781488E-002
  1.578397399116167E-002
  1.583763356717098E-002
  1.623568801603558E-002
  1.673009606535959E-002
  1.574337744990516E-002
  1.556563073462394E-002
  1.495640474776968E-002
  1.662620087718390E-002
  1.433421880024501E-002
  1.495256069568123E-002
  1.611083015033393E-002
  1.607390838022178E-002
  1.697544550583344E-002
  1.507185908824897E-002
  1.525152987567236E-002
  1.701478919752335E-002
  1.556086720100695E-002
  1.610979037698210E-002
  1.584805309615786E-002
  1.690234863414154E-002
  1.465377981119625E-002
  1.489542714906032E-002
  1.561155807395957E-002
  1.551791670018915E-002
  1.603873347440539E-002
  1.687441911510110E-002
  1.555179026453031E-002
  1.729556667662196E-002
  1.571307349563905E-002
  1.465188392734522E-002
  1.549420775857909E-002
  1.456822406773858E-002
  1.663918968920687E-002
  1.473783801470711E-002
  1.518640529155309E-002
  1.553086741265663E-002
  1.458729738408478E-002
  1.470311512998721E-002
  1.586101698169500E-002
  1.589278974130878E-002
  1.636816997263456E-002
  1.446190421726020E-002
  1.670811700623559E-002
  1.627417757767061E-002
  1.379243573870421E-002
  1.814341941914984E-002
  1.524169775495538E-002
  1.594029976899385E-002
  1.555502951694077E-002
  1.622849837507450E-002
  1.590180111582067E-002
  1.721868342285734E-002
  1.536603844833020E-002
  1.527613073666504E-002
  1.762859528975104E-002
  1.512983972409159E-002
  1.461661665091612E-002
  1.519886381557434E-002
  1.565707705362520E-002
  1.544987645100641E-002
  1.474158020807773E-002
  1.518881674996203E-002
  1.497679363501212E-002
  1.651784909508842E-002
  1.648565423469189E-002
  1.644806989626049E-002
  1.651745962945569E-002
  1.525603897481439E-002
  1.603933751104773E-002
  1.670379912785207E-002
  1.626111004200552E-002
  1.665536512043633E-002
  1.457712647303093E-002
  1.468234796532659E-002
  1.615160361204635E-002
  1.594346707721158E-002
  1.533613475316995E-002
  1.584123978424873E-002
  1.630064729352542E-002
  1.685727096377476E-002
  1.687419362431671E-002
  1.521318755704374E-002
  1.570591164187757E-002
  1.546601368433590E-002
  1.652903784922177E-002
  1.432047794592379E-002
  1.620708643003254E-002
  1.549378066837171E-002
  1.657638245438002E-002
  1.604111563608387E-002
  1.480438250238976E-002
  1.603546119198562E-002
  1.516808875706703E-002
  1.565739742437175E-002
  1.720020960334530E-002
  1.516735883237172E-002
  1.608892361876926E-002
  1.602764107593732E-002
  1.641165161590914E-002
  1.560423470114434E-002
  1.622265408779544E-002
  1.627235671866382E-002
  1.555020552680159E-002
  1.576675746621164E-002
  1.534858647676583E-002
  1.617843167857147E-002
  1.759092313569941E-002
  1.561172494526999E-002
  1.621377688714330E-002
  1.490013225871085E-002
  1.535034997654487E-002
  1.580160623847580E-002
  1.614012136561105E-002
  1.517611433184848E-002
  1.595881888964213E-002
  1.459616115285643E-002
  1.813031734223427E-002
  1.620349368134165E-002
  1.591613141808979E-002
  1.468189637892818E-002
  1.439755604896956E-002
  1.591690751265562E-002
  1.608330852914285E-002
  1.569452854137677E-002
  1.677552524051506E-002
  1.651414510266646E-002
  1.825197698301858E-002
  1.600542967181933E-002
  1.543000099103821E-002
  1.566531482756057E-002
  1.432291844217411E-002
  1.444931180524812E-002
  1.501440470876709E-002
  1.526756715694917E-002
  1.591570679019304E-002
  1.673267246936243E-002
  1.704426359988830E-002
  1.405725371783535E-002
  1.606382034161109E-002
  1.486987906216002E-002
  1.576956511248789E-002
  1.674440138721944E-002
  1.705759772934810E-002
  1.403347181148524E-002
  1.584414532163667E-002
  1.631801668959589E-002
  1.612328760967422E-002
  1.518600494716229E-002
  1.728046198652761E-002
  1.579068923667362E-002
  1.560632285025502E-002
  1.695798713527820E-002
  1.449221700295051E-002
  1.633260498851611E-002
  1.567408105557745E-002
  1.526986037673549E-002
  1.495754933255017E-002
  1.395104151389177E-002
  1.540139151379763E-002
  1.479362672937029E-002
  1.578154868981782E-002
  1.430083672509886E-002
  1.545470358412242E-002
  1.706853031315513E-002
  1.820847515009224E-002
  1.527475243639950E-002
  1.544445504576408E-002
  1.576610429496730E-002
  1.623425484096846E-002
  1.599973836617076E-002
  1.637481380977931E-002
  1.553058903980406E-002
  1.498763950689468E-002
  1.568536308666413E-002
  1.624416209622606E-002
  1.596507453522607E-002
  1.491880381103818E-002
  1.528586004568382E-002
  1.550646109648997E-002
  1.584865054568009E-002
  1.649275240553755E-002
  1.552222658461360E-002
  1.551535989471471E-002
  1.481538090559197E-002
  1.571882713645926E-002
  1.513866607456130E-002
  1.527785978420438E-002
  1.647369214619186E-002
  1.542382091373278E-002
  1.582512098599494E-002
  1.574091618163756E-002
  1.633319904605115E-002
  1.517309020972252E-002
  1.598656610406163E-002
  1.805864169588913E-002
  1.567009645492273E-002
  1.490742301262181E-002
  1.490255309462273E-002
  1.626118843189738E-002
  1.609632310483546E-002
  1.664434504663796E-002
  1.484160278655488E-002
  1.563822488591359E-002
  1.680619789656747E-002
  1.635195380196249E-002
  1.838536888132160E-002
  1.415587903353665E-002
  1.515307244795905E-002
  1.617445382254538E-002
  1.502588411865047E-002
  1.546450853769827E-002
  1.512440493420142E-002
  1.562291713345529E-002
  1.715505249402607E-002
  1.622610462624277E-002
  1.602588218372140E-002
  1.704620989615019E-002
  1.533722047446662E-002
  1.706912910315896E-002
  1.571656171935764E-002
  1.501460316118789E-002
  1.542152570305484E-002
  1.590934860202574E-002
  1.515328793120389E-002
  1.598262103718304E-002
  1.459794522073570E-002
  1.551401289818812E-002
  1.600582517041051E-002
  1.555762698814349E-002
  1.606312771892955E-002
  1.553027304883753E-002
  1.590179350529333E-002
  1.584957363603828E-002
  1.473146037264072E-002
  1.502867117077754E-002
  1.678447495995872E-002
  1.691711067657870E-002
  1.662003722544140E-002
  1.535804873461362E-002
  1.583046168149849E-002
  1.682622609733522E-002
  1.631337295840166E-002
  1.520115692805423E-002
  1.498909271252739E-002
  1.607525907951307E-002
  1.751576522383850E-002
  1.609392714072653E-002
  1.729692313668128E-002
  1.336775899693372E-002
  1.560159365210219E-002
  1.647807547518031E-002
  1.553633717015981E-002
  1.562198758274122E-002
  1.609054219020165E-002
  1.550227721643091E-002
  1.798596699912463E-002
  1.521167162424120E-002
  1.676520152810499E-002
  1.546556530702459E-002
  1.649550981485672E-002
  1.391814707053666E-002
  1.452321345627181E-002
  1.514472334649954E-002
  1.530240919722854E-002
  1.705402240668542E-002
  1.536433087542584E-002
  1.427435182660422E-002
  1.374226973495439E-002
  1.401793557427527E-002
  1.642689164696189E-002
  1.629256679460925E-002
  1.611987856368511E-002
  1.739464414405548E-002
  1.822947324698197E-002
  1.723367630184929E-002
  1.610488862181204E-002
  1.658161216385717E-002
  1.502218442964685E-002
  1.462654642197543E-002
  1.514416309945435E-002
  1.588630156605312E-002
  1.682026956222898E-002
  1.624413642573568E-002
  1.470447962629935E-002
  1.656730412111193E-002
  1.552583547496261E-002
  1.566118803074942E-002
  1.562373614913295E-002
  1.532894285190055E-002
  1.581097945386184E-002
  1.668112986813163E-002
  1.582962799822756E-002
  1.554282096250101E-002
  1.711762988947439E-002
  1.584098645107650E-002
  1.587652627222324E-002
  1.443191320995633E-002
  1.496813285276852E-002
  1.654603618417169E-002
  1.518642891152092E-002
  1.555089683309986E-002
  1.519996229950123E-002
  1.747734884088604E-002
  1.550749253596397E-002
  1.580918246825645E-002
  1.660509495874155E-002
  1.557033062562085E-002
  1.616762335249829E-002
  1.499466614430749E-002
  1.655511533540216E-002
  1.449884540669967E-002
  1.672738700738351E-002
  1.519791803035968E-002
  1.407320233454100E-002
  1.652226564891536E-002
  1.512717851218857E-002
  1.546868810567257E-002
  1.570108016809835E-002
  1.518450108358816E-002
  1.511916829144113E-002
  1.505527590105707E-002
  1.531716623694574E-002
  1.471385694414799E-002
  1.475036328761310E-002
  1.469982300784078E-002
  1.655977256185541E-002
  1.563845461941913E-002
  1.606956380272445E-002
  1.655041658044750E-002
  1.471314082654349E-002
  1.475389681276744E-002
  1.680689906552202E-002
  1.599471020942832E-002
  1.531260921861296E-002
  1.720644872180977E-002
  1.676542559815449E-002
  1.766343990920171E-002
  1.632658556029409E-002
  1.515823305324660E-002
  1.586350455399425E-002
  1.566137618570453E-002
  1.502470768292947E-002
  1.486151137022200E-002
  1.658457324298841E-002
  1.709523903200893E-002
  1.645153771604496E-002
  1.673640482334061E-002
  1.604264206785160E-002
  1.472927220677640E-002
  1.533454100225957E-002
  1.438313170774655E-002
  1.557236103677757E-002
  1.728503090226492E-002
  1.539547395958025E-002
  1.525820106910858E-002
  1.659779978595756E-002
  1.632252937960544E-002
  1.724984772777007E-002
  1.543928638914662E-002
  1.563819368458829E-002
  1.547704886701484E-002
  1.601000724030712E-002
  1.625503721339259E-002
  1.496020984540304E-002
  1.588222625908428E-002
  1.614668499423690E-002
  1.552554136694273E-002
  1.675069858195939E-002
  1.608511778355505E-002
  1.559555448932724E-002
  1.635138036988677E-002
  1.578300192148998E-002
  1.519164024764594E-002
  1.698098693081432E-002
  1.456337101224821E-002
  1.478289334552902E-002
  1.405565048508261E-002
  1.473691746991477E-002
  1.537966117993840E-002
  1.511827720165232E-002
  1.518953709012992E-002
  1.551165048736403E-002
  1.539533960871150E-002
  1.568049248447615E-002
  1.641983035971975E-002
  1.523056037514127E-002
  1.589731548597541E-002
  1.590277371797353E-002
  1.674245774981169E-002
  1.504432366037811E-002
  1.455176137207857E-002
  1.687613977642982E-002
  1.540330310381146E-002
  1.594621672940963E-002
  1.527195654024492E-002
  1.591464860118301E-002
  1.481225745860503E-002
  1.634521055988833E-002
  1.389384392148028E-002
  1.661733358275324E-002
  1.623773254537129E-002
  1.557391158228784E-002
  1.585372395546224E-002
  1.483006587951462E-002
  1.495213173115726E-002
  1.647829926573061E-002
  1.605217795129152E-002
  1.552611966981989E-002
  1.763208258386149E-002
  1.575529880030421E-002
  1.541317747674430E-002
  1.524052172411705E-002
  1.565307353366370E-002
  1.482470400821046E-002
  1.720585592704099E-002
  1.621786801928541E-002
  1.552627643075924E-002
  1.513935912345858E-002
  1.462895301764134E-002
  1.520276806350211E-002
  1.638311222278869E-002
  1.644059975715184E-002
  1.654277094241197E-002
  1.693836622906317E-002
  1.617747145555148E-002
  1.511043219271564E-002
  1.576807857831598E-002
  1.774393410165512E-002
  1.436617680468728E-002
  1.514745915336024E-002
  1.559890783596130E-002
  1.624043581685253E-002
  1.482457321867069E-002
  1.521522346877997E-002
  1.348373398840500E-002
  1.658417736301198E-002
  1.638171839516802E-002
  1.597991245897098E-002
  1.487217510143663E-002
  1.757273732690430E-002
  1.686983206028515E-002
  1.554619469689416E-002
  1.583323294673615E-002
  1.562662943074022E-002
  1.524425279257325E-002
  1.589946717336319E-002
  1.668931174940243E-002
  1.567311104998605E-002
  1.426439327266930E-002
  1.677850357595989E-002
  1.566457972728546E-002
  1.707738840015809E-002
  1.594711067987602E-002
  1.574056105465718E-002
  1.535203840628814E-002
  1.654394641806726E-002
  1.455543916533701E-002
  1.552962544887306E-002
  1.653687852544557E-002
  1.735450800833323E-002
  1.549810612447386E-002
  1.504360503340900E-002
  1.614764441657074E-002
  1.593649348528370E-002
  1.614249569519582E-002
  1.688709433754514E-002
  1.634184419288794E-002
  1.559935377452236E-002
  1.675917356548256E-002
  1.626293428983048E-002
  1.524278466848354E-002
  1.634813811301477E-002
  1.550526283099645E-002
  1.529121301484483E-002
  1.577358980753657E-002
  1.508251355323580E-002
  1.568066045944380E-002
  1.593477525609435E-002
  1.670529386423845E-002
  1.570615914952675E-002
  1.697663596914972E-002
  1.675751158884630E-002
  1.607924360684704E-002
  1.585338447909264E-002
  1.624035730357294E-002
  1.520138577261290E-002
  1.653952628912794E-002
  1.613737712597221E-002
  1.484644388062975E-002
  1.482337483537450E-002
  1.579257479779302E-002
  1.459244219678373E-002
  1.498641108789162E-002
  1.566749907329303E-002
  1.781918772841668E-002
  1.569175725178577E-002
  1.481288131568746E-002
  1.597941940090679E-002
  1.651638032257195E-002
  1.705604745585411E-002
  1.530096004532508E-002
  1.507656034777020E-002
  1.728979589265760E-002
  1.526557370573014E-002
  1.173437053849917E-002
  1.297596541656454E-002
  1.084042543034121E-002
  1.037354766113982E-002
  1.103568509179711E-002
  1.333479875593278E-002
  1.007748661912763E-002
  9.619957237232416E-003
  1.446914940471603E-002
  1.315964693881755E-002
  1.047472932888128E-002
  1.117323256829865E-002
  1.080007227121912E-002
  1.392287017699215E-002
  1.191608678572483E-002
  1.132988273481608E-002
  1.047871956163119E-002
  1.178499663295913E-002
  9.388878296811332E-003
  9.224674053078415E-003
  1.196751189436491E-002
  9.842029795636285E-003
  1.090850420833168E-002
  9.557274943583913E-003
  9.565983502433211E-003
  9.708266726295881E-003
  1.035851718955413E-002
  1.136874618517846E-002
  1.144923654962312E-002
  1.092101038096761E-002
  1.133408104317506E-002
  1.342257227633332E-002
  1.006348358233632E-002
  8.866131721327533E-003
  1.280816971120721E-002
  1.153182750131878E-002
  1.058451202574084E-002
  1.115842605697683E-002
  1.114357839143433E-002
  9.881737579634247E-003
  1.135890670607447E-002
  9.640840546449743E-003
  1.020480454514503E-002
  1.036630788391484E-002
  1.259972383159986E-002
  1.054490905712965E-002
  1.100486432788838E-002
  1.159657614202655E-002
  1.127842871035263E-002
  1.057132997623306E-002
  1.014199022548654E-002
  1.105777629962054E-002
  1.042888303143888E-002
  1.079311808400939E-002
  1.045968922374544E-002
  1.168199934332211E-002
  1.209085265397449E-002
  1.266717158647677E-002
  1.201192228816760E-002
  1.309463462105471E-002
  1.008906106136290E-002
  1.254238290719288E-002
  1.011139158115561E-002
  7.631296014525311E-003
  9.715404933533281E-003
  1.172877183497071E-002
  1.021941658536386E-002
  9.422143618117284E-003
  9.100601621994142E-003
  9.390877301086946E-003
  1.224284942973103E-002
  1.416270440865128E-002
  1.224672953417338E-002
  1.226187315196100E-002
  1.031261646511836E-002
  1.054043580600492E-002
  1.148584862638888E-002
  1.175568239513710E-002
  9.250131975609180E-003
  9.987221668448181E-003
  9.639621450328728E-003
  1.301048223854727E-002
  1.110957426702821E-002
  1.031397326726734E-002
  1.169510195400563E-002
  1.307370310276417E-002
  9.832832016508647E-003
  1.131329586976508E-002
  1.279904882488782E-002
  1.289957974803056E-002
  9.603624640929599E-003
  1.049377904000872E-002
  1.117875557832550E-002
  1.085501032546725E-002
  1.085310901278887E-002
  9.417306855396801E-003
  9.566944488845881E-003
  1.142553594097833E-002
  1.165098169685628E-002
  1.032391018254985E-002
  1.053741204348785E-002
  1.287635704779328E-002
  1.146213962850840E-002
  1.041180614371304E-002
  1.059462005779230E-002
  1.267876354795610E-002
  1.089713155066967E-002
  1.094285195268342E-002
  1.045914961327261E-002
  1.010742755829192E-002
  1.007175604002242E-002
  1.275293959728785E-002
  1.098950146659797E-002
  9.780745880833589E-003
  1.218331480754186E-002
  1.088127032550271E-002
  1.503275776047891E-002
  9.431755403461113E-003
  1.147384554886705E-002
  1.066895581179054E-002
  1.199555565122382E-002
  1.023350309838377E-002
  1.119934263217480E-002
  1.227703298397987E-002
  8.369491413770042E-003
  9.623128365395764E-003
  1.139066154937950E-002
  1.194210133084045E-002
  9.312251231282983E-003
  1.368138584029185E-002
  1.237666320160410E-002
  9.402374305309311E-003
  1.198606073189424E-002
  9.660003446879017E-003
  9.387318376415727E-003
  9.184342413454609E-003
  1.172750931392206E-002
  1.234386263980600E-002
  9.989564933506889E-003
  9.864552945978855E-003
  1.070927634769220E-002
  8.936156486624078E-003
  1.072201421850078E-002
  1.200368589783807E-002
  1.307657028532607E-002
  1.099462681859800E-002
  1.279583451514745E-002
  1.179497394816564E-002
  1.175434433297395E-002
  1.203766520377992E-002
  1.128221730147982E-002
  8.952871228083956E-003
  1.013892807626941E-002
  1.111099437649101E-002
  1.038151635404688E-002
  1.172722310680825E-002
  1.084159597415072E-002
  1.208978866026479E-002
  1.312169347130562E-002
  1.061247392480393E-002
  9.749503087700024E-003
  1.262520825307278E-002
  9.013122058239488E-003
  1.128797633057307E-002
  1.149037306324657E-002
  9.175685989514406E-003
  1.228209646967089E-002
  9.649069210765577E-003
  1.346985796829711E-002
  1.261348105032356E-002
  1.164563522110159E-002
  1.180928752971980E-002
  9.849920063755064E-003
  9.702255705842974E-003
  1.018813659905691E-002
  1.282703477932853E-002
  1.003484354231719E-002
  1.285863263987479E-002
  1.192893278424060E-002
  1.290030310416170E-002
  1.051672552762662E-002
  1.170195225349188E-002
  1.182094610892411E-002
  1.436792425014684E-002
  1.149901109204305E-002
  1.154761595718082E-002
  1.086609527653808E-002
  1.124029870568082E-002
  9.648192562622919E-003
  1.257100556199814E-002
  1.007614836712897E-002
  9.260487399981138E-003
  1.063724712448431E-002
  1.083854866964492E-002
  1.257099946249579E-002
  1.024474474406321E-002
  1.270767393816671E-002
  1.161175834720204E-002
  1.158136069294527E-002
  1.140915586439480E-002
  1.000987897853817E-002
  9.633631943144649E-003
  9.192473781598891E-003
  1.094467354390541E-002
  1.101798361266824E-002
  1.183854530145072E-002
  1.175550091225230E-002
  1.144539871448740E-002
  9.757379491143544E-003
  1.229611539051552E-002
  9.080146375220166E-003
  1.232039163404784E-002
  1.076129002761347E-002
  1.099583016512909E-002
  8.667170016415073E-003
  1.119313658572847E-002
  1.065407856073591E-002
  1.137107132839276E-002
  1.347303052504839E-002
  1.089725432709503E-002
  9.592301734003489E-003
  1.084216384863900E-002
  1.087141367786904E-002
  1.109220312319489E-002
  1.088767918106313E-002
  1.075379206721811E-002
  1.448591783196774E-002
  1.035498409315003E-002
  9.482486848634784E-003
  1.203052186847371E-002
  1.112953946992947E-002
  1.116675083789538E-002
  1.058593014009766E-002
  1.022573829826938E-002
  1.262493465126036E-002
  9.456034309868997E-003
  1.091618619141971E-002
  1.153772729379784E-002
  1.117387637533355E-002
  1.084302497686255E-002
  1.150610415890896E-002
  1.219003418666423E-002
  1.077108091805263E-002
  1.242008316705622E-002
  8.879869796748629E-003
  1.285431248130188E-002
  1.247999515849209E-002
  1.005881169916035E-002
  1.384424248968262E-002
  9.863292850869348E-003
  1.036044482253984E-002
  1.192307724955805E-002
  8.634376372619731E-003
  9.821257606593565E-003
  1.281484525307686E-002
  1.193427138129751E-002
  9.707411850165760E-003
  1.230359112417674E-002
  1.134218738223280E-002
  1.171560268843158E-002
  1.168076273235426E-002
  1.001015848540997E-002
  8.613566242060241E-003
  1.329074040857899E-002
  1.120234190842086E-002
  1.025677344343565E-002
  1.078226219730602E-002
  9.483421356945104E-003
  1.214876597754940E-002
  1.066338836042327E-002
  9.376019615880629E-003
  1.121294132693123E-002
  1.138869075702915E-002
  1.124844736447155E-002
  1.209313394227651E-002
  1.198083814713535E-002
  1.325874428801803E-002
  1.103598045654317E-002
  1.011235287733414E-002
  1.414245715134408E-002
  1.061337038829260E-002
  1.010327592412724E-002
  1.138585102163819E-002
  1.013125990653123E-002
  1.030539808571063E-002
  1.381646103430436E-002
  1.130983861278943E-002
  1.269495368542222E-002
  8.634200627654557E-003
  8.999443847955878E-003
  1.128222530264394E-002
  1.051916186990545E-002
  1.043115424985406E-002
  1.290588237548395E-002
  1.098888790318547E-002
  9.721538297043411E-003
  1.579250233868564E-002
  1.018640433985916E-002
  1.031948602309897E-002
  1.291564064652748E-002
  8.802671958934237E-003
  9.329601707682978E-003
  1.013139443751195E-002
  1.040188864019286E-002
  1.194305358437895E-002
  1.018365105320194E-002
  1.598268778649185E-002
  1.200297401259530E-002
  1.110730904237850E-002
  1.319383770365651E-002
  1.071303817940521E-002
  9.537444402678088E-003
  1.308211744882324E-002
  9.334840082276119E-003
  1.337201693847598E-002
  1.056576992958243E-002
  1.349761081854375E-002
  1.259693340474456E-002
  1.067398942514065E-002
  1.177634782770448E-002
  9.500436100427551E-003
  1.380058454493707E-002
  1.190214235283502E-002
  1.213161651520560E-002
  1.324823466442922E-002
  1.195339741656758E-002
  1.178005728486686E-002
  1.153352759732378E-002
  1.131613976666291E-002
  1.162180964811479E-002
  1.209632223973879E-002
  1.226484553952783E-002
  9.646622612204649E-003
  1.083233644547619E-002
  1.165403115906325E-002
  9.899006242347640E-003
  1.251711376994622E-002
  9.399459270822782E-003
  1.193612406098262E-002
  1.278548629804287E-002
  1.193057736598477E-002
  1.145934332745806E-002
  1.008715105751721E-002
  1.310799960677243E-002
  9.557545637933568E-003
  1.127901766633049E-002
  1.334818212258716E-002
  1.331498473620032E-002
  1.149225293583006E-002
  1.073140811900714E-002
  1.034213246568226E-002
  7.921819502392640E-003
  1.003292227289994E-002
  9.794000294222139E-003
  1.080196694006505E-002
  1.216030770943314E-002
  1.051476511309728E-002
  1.127025342527823E-002
  1.132499070474899E-002
  1.451693833003952E-002
  1.198600297643279E-002
  1.441182348366621E-002
  1.580590289291191E-002
  1.130427362708425E-002
  1.001211910528424E-002
  1.339794089555946E-002
  9.385554336071383E-003
  9.652823140702262E-003
  1.035096172554472E-002
  7.610147921370354E-003
  1.246615257636863E-002
  7.297043326232051E-003
  1.249450464995489E-002
  1.031228309721341E-002
  1.021494772051759E-002
  1.018490700941206E-002
  1.120251947676004E-002
  1.000764611708389E-002
  1.049583328787053E-002
  1.184841375408823E-002
  1.253495809965011E-002
  1.099782926841571E-002
  1.261452549813458E-002
  1.027587677126263E-002
  1.277694970004720E-002
  8.656366974901009E-003
  9.304639492886312E-003
  1.102899919668145E-002
  1.011127744727592E-002
  1.091452259467045E-002
  9.626395897985716E-003
  9.117046614651566E-003
  8.021546335643396E-003
  1.038062285594249E-002
  8.637513956042574E-003
  1.124983352993348E-002
  9.834664365184711E-003
  1.107243372889373E-002
  8.984661191520076E-003
  1.224298331849647E-002
  1.178949213872395E-002
  1.302202759166095E-002
  9.412374391756632E-003
  1.068950910950235E-002
  8.529714109731473E-003
  8.759302031377054E-003
  1.049941044848691E-002
  8.857522371249586E-003
  1.371318043193598E-002
  1.192927463678384E-002
  1.198585900441624E-002
  1.375537072416344E-002
  9.767437871802506E-003
  1.235079406589713E-002
  9.476030359148280E-003
  1.228160381277971E-002
  1.026329725668800E-002
  1.158858411921681E-002
  1.009404258149526E-002
  1.208919523894763E-002
  1.142084603969300E-002
  7.735183302327052E-003
  8.819878467211165E-003
  1.149573259762665E-002
  1.157865445412064E-002
  9.614507692497226E-003
  1.105881213723147E-002
  1.049869298986577E-002
  1.069268490189633E-002
  1.093922764100559E-002
  1.144290395012014E-002
  9.229562695584998E-003
  1.103953827585273E-002
  1.344361753563187E-002
  1.059068207031960E-002
  1.112119844394772E-002
  1.111622904194029E-002
  1.292403271816798E-002
  1.138064193438617E-002
  1.058906439451083E-002
  1.217361503611356E-002
  1.109447360103052E-002
  1.141116874202042E-002
  9.491070492372810E-003
  1.312239784414623E-002
  1.320192771666902E-002
  1.157635805485381E-002
  8.189358853715812E-003
  9.463306415538891E-003
  1.138633864716534E-002
  1.171868792175495E-002
  1.151224466351202E-002
  1.162194827006558E-002
  1.412798288040920E-002
  1.010846216549125E-002
  1.171745443312362E-002
  1.319721992699924E-002
  8.688383613411366E-003
  1.130918378813635E-002
  1.182474677573534E-002
  1.054082760514830E-002
  1.294579482399055E-002
  1.159753458725604E-002
  9.610185968020589E-003
  1.108368611511587E-002
  1.107063999840545E-002
  1.328780642670099E-002
  1.051193490275855E-002
  1.188305486357626E-002
  1.232325037992919E-002
  1.252585587732597E-002
  1.357404790317786E-002
  8.371850385780746E-003
  1.135972054736789E-002
  8.242734947653119E-003
  1.112596284873805E-002
  1.038536393886848E-002
  9.252451909759112E-003
  1.072194079029812E-002
  1.213921462371676E-002
  1.208450144992494E-002
  1.210883150889516E-002
  1.047983838897989E-002
  1.309542830546472E-002
  1.105606699238195E-002
  8.941834568127888E-003
  1.256612515428250E-002
  1.133657324420784E-002
  1.010730037686218E-002
  1.279287640319636E-002
  1.202430113953287E-002
  9.909367820439496E-003
  9.651390651963156E-003
  1.533697530862135E-002
  1.292836609873461E-002
  9.272655252156040E-003
  1.145523029401323E-002
  1.178161715908485E-002
  1.383617882542985E-002
  1.164506529495589E-002
  9.684711719098078E-003
  9.952253831429739E-003
  9.758661632271019E-003
  1.267337563763793E-002
  9.188909621952497E-003
  9.558582472034888E-003
  1.157421830997195E-002
  1.039191287980589E-002
  1.180723028518749E-002
  1.118664158794255E-002
  1.016628917803095E-002
  1.233013159792925E-002
  1.086502919165704E-002
  1.267607631078389E-002
  1.302711227823336E-002
  1.426263835717029E-002
  1.031834116231429E-002
  1.048262000113401E-002
  1.180626842143575E-002
  1.086086491204955E-002
  1.256408882360177E-002
  1.473958240356625E-002
  1.127861677828151E-002
  1.280709672105651E-002
  1.153449889396556E-002
  1.015689307252614E-002
  1.204714168108987E-002
  9.292633422460275E-003
  1.236922224657343E-002
  9.336461508804168E-003
  8.902985094294552E-003
  1.131964911319195E-002
  9.319746248950664E-003
  9.539716166736122E-003
  1.107842168513319E-002
  1.220308932377804E-002
  1.048103009778677E-002
  9.280662646172189E-003
  1.380889665680846E-002
  1.224484099508499E-002
  9.497918739163926E-003
  1.638749135815306E-002
  1.195543528529974E-002
  1.117830790276008E-002
  1.002413563369862E-002
  1.307026971046397E-002
  1.162038496991908E-002
  1.403706298426771E-002
  1.001034582779185E-002
  1.076842171675321E-002
  1.311841517845573E-002
  1.182435749152244E-002
  8.683603212092146E-003
  1.056945267598925E-002
  1.231165864922894E-002
  1.018004610678692E-002
  9.445417578111627E-003
  1.054256861450229E-002
  9.926056552009682E-003
  1.103987442329865E-002
  1.070776743532766E-002
  1.153128439456328E-002
  1.167355051391859E-002
  1.185968053554682E-002
  1.147207795102097E-002
  1.256212021231528E-002
  9.862564671786232E-003
  1.199123266763793E-002
  9.588361140902934E-003
  1.002335899684053E-002
  1.083574833182381E-002
  1.099733839980800E-002
  1.089652853989344E-002
  1.119036639853275E-002
  1.286352875888319E-002
  1.415265189334482E-002
  1.120028114361790E-002
  8.572475614196424E-003
  1.091626308882203E-002
  1.117300180293342E-002
  1.117823289175844E-002
  9.278597725633528E-003
  1.100070501452850E-002
  9.202504519594241E-003
  1.189077788645912E-002
  1.110498409953973E-002
  9.760104674719392E-003
  1.115106718501049E-002
  1.099368815453885E-002
  1.013211232096824E-002
  1.331147571941239E-002
  1.091766015277133E-002
  1.182588235976740E-002
  9.882187879654792E-003
  1.195153372461180E-002
  1.175164070685520E-002
  1.060883545730780E-002
  1.144153296644662E-002
  1.047151850240459E-002
  1.007031666481987E-002
  9.073511001484904E-003
  1.187518796162941E-002
  1.316206304156561E-002
  9.772791925684598E-003
  1.373315230384195E-002
  9.062578215056948E-003
  1.015839473094694E-002
  1.085381742355466E-002
  9.365669256023479E-003
  1.094201996104484E-002
  1.236043226987714E-002
  8.334354234262062E-003
  1.471023850904676E-002
  1.171012960983774E-002
  9.991608829514668E-003
  1.012233552015911E-002
  9.314502965681702E-003
  1.055171044883259E-002
  1.214555038254219E-002
  1.081054381483449E-002
  1.334229657577690E-002
  1.088500179915846E-002
  1.490630665331443E-002
  1.331350976503313E-002
  1.060999831456680E-002
  1.161305009111320E-002
  8.678115807053081E-003
  1.132994340004586E-002
  1.063557422066443E-002
  1.056768848506687E-002
  1.026460697195521E-002
  1.072080507816709E-002
  1.189074196880995E-002
  8.342511452569399E-003
  9.824485043443231E-003
  9.205596893026359E-003
  1.102510545820149E-002
  1.164657510525115E-002
  1.130912420155392E-002
  1.066911022536594E-002
  9.367162641858075E-003
  1.066858811768677E-002
  1.315126023460117E-002
  9.823824180866801E-003
  1.532264761181595E-002
  1.156277203973874E-002
  1.097873319609649E-002
  1.115765940830706E-002
  9.489371269900019E-003
  1.233950743183269E-002
  1.109027826800154E-002
  1.002325135358812E-002
  1.102041002633918E-002
  8.570130829356643E-003
  1.111185212125346E-002
  1.107119194300298E-002
  1.028085686686716E-002
  8.784711615121506E-003
  1.142286285963392E-002
  1.270509677571820E-002
  1.281111697703906E-002
  1.223658873956901E-002
  9.537129743185458E-003
  1.250733246493691E-002
  1.085236061341383E-002
  1.072128806315732E-002
  1.072807979886347E-002
  1.088275514908314E-002
  1.002688069442247E-002
  1.112310176653453E-002
  1.311837151480807E-002
  1.201383313303582E-002
  1.003029041537170E-002
  1.011106494351859E-002
  1.002019845349825E-002
  1.063299144835602E-002
  1.166286801531525E-002
  1.023762440754423E-002
  1.116398348530381E-002
  9.050871357418401E-003
  1.028788862458247E-002
  1.020351339015119E-002
  1.233467655452949E-002
  1.088696168491243E-002
  1.069800741237840E-002
  1.271700553199843E-002
  1.174865139479237E-002
  9.456130310606591E-003
  1.100540226007686E-002
  1.101006923869869E-002
  1.274255804536208E-002
  1.007211392330144E-002
  1.330183133425750E-002
  8.752893287169251E-003
  1.203944951666772E-002
  1.105443585769606E-002
  1.153264484900303E-002
  1.027020718171122E-002
  1.086779166609458E-002
  1.259453243284067E-002
  1.028125535931408E-002
  1.413584056661998E-002
  9.376023729097058E-003
  1.022458461851905E-002
  1.143769114449143E-002
  8.873356429718711E-003
  9.612585277956689E-003
  9.219880037898099E-003
  1.191765921284304E-002
  1.262394469647656E-002
  1.211322185694110E-002
  1.053346776945602E-002
  1.390586338371734E-002
  1.134378807440111E-002
  1.284789440447888E-002
  1.148268101550427E-002
  9.552073860761356E-003
  1.004103459761124E-002
  1.095965901692735E-002
  1.166842994361452E-002
  1.225611575310064E-002
  8.728180113533573E-003
  1.109062232527278E-002
  1.161892778368418E-002
  1.040661800191933E-002
  1.318106238554919E-002
  1.082108721862679E-002
  1.168799473256473E-002
  1.112120046193467E-002
  1.126667915838309E-002
  1.060769623536033E-002
  1.153608162492841E-002
  1.174357833039271E-002
  1.065603287897938E-002
  1.078632865216664E-002
  9.946477491199163E-003
  1.087668911178631E-002
  1.250079846883996E-002
  1.065851861136941E-002
  1.066449640617099E-002
  1.146507003151168E-002
  1.327753786921833E-002
  1.277364450415785E-002
  1.247842731975334E-002
  7.693709569388815E-003
  1.044088308327402E-002
  1.224266130837536E-002
  1.197224575663040E-002
  1.098172990621317E-002
  1.228979098292842E-002
  1.315922188761448E-002
  1.422925659577346E-002
  1.187685984040425E-002
  1.205090364582007E-002
  1.066999232877223E-002
  1.051882589431002E-002
  8.548427224279597E-003
  8.475007433548119E-003
  1.127744300693087E-002
  9.693764113113772E-003
  1.335223392041753E-002
  9.859205072344546E-003
  1.015847157251208E-002
  7.786817012834518E-003
  8.331148389954701E-003
  1.155048307041985E-002
  1.125921464324840E-002
  1.254300324198041E-002
  1.331608300576808E-002
  1.672048801110734E-002
  1.120375935957757E-002
  1.113502027489000E-002
  1.284549343107250E-002
  9.759650617924732E-003
  8.240543800351500E-003
  9.236127592533084E-003
  1.292022082248344E-002
  1.441203779458371E-002
  1.147814077065166E-002
  9.168019193260572E-003
  1.104053027999724E-002
  9.978791921438199E-003
  1.100345549914629E-002
  1.263451502313311E-002
  1.241155457885622E-002
  1.015746805463503E-002
  1.552464777711045E-002
  9.390739334572771E-003
  1.004400383952434E-002
  1.229867470662839E-002
  1.199163974438670E-002
  1.126201780362367E-002
  8.883121849470935E-003
  1.026917313165081E-002
  1.390632389875430E-002
  1.045356407765716E-002
  1.167313518998349E-002
  8.988272305932755E-003
  1.276762765878293E-002
  1.097012080181780E-002
  1.163614361754305E-002
  1.149606495355604E-002
  1.032399081671883E-002
  9.454185457596740E-003
  9.952824336598807E-003
  1.166852843033005E-002
  8.823135307543388E-003
  1.218105302620875E-002
  1.128076756099884E-002
  8.020260338699318E-003
  9.642269772959754E-003
  1.018879788103868E-002
  1.092659256113142E-002
  1.101423363608256E-002
  1.031032470571459E-002
  1.003650504250668E-002
  8.768370961355493E-003
  9.043752325840230E-003
  1.085374397951468E-002
  9.399232776816166E-003
  9.133144101319594E-003
  1.286243082467271E-002
  9.535543501911634E-003
  1.095267091768005E-002
  1.123269121735604E-002
  9.670131652752025E-003
  8.920505393776651E-003
  1.107670399974533E-002
  1.091028351493556E-002
  1.027199189105342E-002
  1.119163152733900E-002
  1.138068261778483E-002
  1.405392218657123E-002
  1.051680943793008E-002
  9.646338059872655E-003
  1.113466717567426E-002
  1.064229040058398E-002
  9.778920171549136E-003
  8.996879910770706E-003
  1.221217040277781E-002
  1.283223625809901E-002
  1.289297522766432E-002
  1.238356365173276E-002
  1.230909495807218E-002
  1.088747549901344E-002
  1.037024400023436E-002
  8.857406099870986E-003
  9.829852117965231E-003
  1.146103106667610E-002
  9.323830369492445E-003
  9.879965997331274E-003
  1.219015641908214E-002
  1.151848700145352E-002
  1.403869343416579E-002
  1.016041864923944E-002
  1.137263076021793E-002
  1.093966528317233E-002
  9.770376839915430E-003
  1.226110904412882E-002
  9.441050841017887E-003
  1.017078673058355E-002
  1.164912934290998E-002
  1.023272877359768E-002
  1.316060576388232E-002
  1.275773423527747E-002
  1.077536963229588E-002
  1.194851467831008E-002
  1.110014518572125E-002
  9.514818058592351E-003
  1.198627917221032E-002
  8.214290367591580E-003
  9.758971755809805E-003
  9.218264651001654E-003
  9.154026713575803E-003
  1.014013025058483E-002
  1.067568854358464E-002
  1.131880734091817E-002
  1.052855813994529E-002
  1.052785520995833E-002
  1.241797916520045E-002
  1.195206570490677E-002
  1.096940033837061E-002
  1.176375571030596E-002
  1.151575378326029E-002
  1.375698578318402E-002
  1.041309835661533E-002
  1.061760659663716E-002
  1.093934874260486E-002
  1.059525596844462E-002
  1.220705223397604E-002
  9.076058919157933E-003
  1.062110910824661E-002
  9.230340435610435E-003
  1.220624248501778E-002
  1.085662167488492E-002
  1.180600434355854E-002
  1.117722731006234E-002
  1.127503233073782E-002
  1.041100583763395E-002
  1.023301352216765E-002
  1.139831075011956E-002
  1.028454577648551E-002
  1.303301315372584E-002
  1.151280907471748E-002
  1.440935683796495E-002
  1.003875508553135E-002
  1.098952087332629E-002
  1.007395670849330E-002
  1.094853370764200E-002
  1.001994158231128E-002
  1.358592169916987E-002
  1.241564207398154E-002
  9.237502716615833E-003
  9.194915239197788E-003
  9.924573679228225E-003
  1.009232068479734E-002
  1.083619018062823E-002
  1.174900611933381E-002
  1.070282307304193E-002
  1.343915680682583E-002
  1.101195757629085E-002
  9.642406351787376E-003
  1.168062591346768E-002
  1.439984652029980E-002
  9.631236807119914E-003
  9.159127323575458E-003
  1.239415694187298E-002
  1.012896231506756E-002
  7.810268498368960E-003
  9.834824466402955E-003
  8.388924088730265E-003
  1.409424112751445E-002
  1.114337815441738E-002
  1.071639151401992E-002
  1.081256963711228E-002
  1.531565813483244E-002
  1.138885426219034E-002
  9.414266758857953E-003
  1.104291560133848E-002
  1.031785114822787E-002
  1.005686525510971E-002
  9.685036254922163E-003
  1.369273413209538E-002
  9.702447026037547E-003
  1.032973035072097E-002
  1.313228283113366E-002
  1.092939658887737E-002
  1.258811178833050E-002
  1.032194982570465E-002
  1.055108628916686E-002
  1.044693925299640E-002
  1.230859634413489E-002
  1.149450114286793E-002
  1.117823074687908E-002
  1.123639295457186E-002
  1.346751298658212E-002
  1.219469595987412E-002
  1.030345008074429E-002
  1.359152057634718E-002
  1.245191944393969E-002
  1.081662215334925E-002
  1.087542075672175E-002
  1.046867217499883E-002
  1.002137280823029E-002
  1.152873046737725E-002
  1.289868297826091E-002
  1.082981577769158E-002
  1.012994676879644E-002
  1.106518782859228E-002
  1.020547028163334E-002
  1.120798954661865E-002
  9.687054755485947E-003
  1.174393816668031E-002
  1.163884988107699E-002
  1.096275452273726E-002
  1.055115772754865E-002
  1.237669837415017E-002
  1.239433945386862E-002
  1.055937000443934E-002
  9.293127260193306E-003
  1.167851175152296E-002
  1.174120552243227E-002
  1.221226048509393E-002
  1.066102976548383E-002
  1.055655120816203E-002
  9.564935958255680E-003
  9.716625092921330E-003
  9.551417279274376E-003
  1.055899717358728E-002
  1.114590869316391E-002
  1.404151785541633E-002
  1.131371075048212E-002
  8.155272876343258E-003
  1.024578272876751E-002
  1.127804877465496E-002
  1.218778556508396E-002
  1.084577229381113E-002
  8.838827195405656E-003
  1.243016586347372E-002
  9.349951511873114E-003
