  0.510180479855697     
  0.537606578497646     
  0.492550512045599     
  0.503873492911046     
  0.479709343829356     
  0.525328448429595     
  0.486739280788902     
  0.478105725877082     
  0.535698029366577     
  0.547834959883135     
  0.471532534909858     
  0.518899042463192     
  0.521770269971891     
  0.567946326237897     
  0.540016928062508     
  0.499929482038586     
  0.485312154114807     
  0.496849003300123     
  0.474969875047857     
  0.457360469802944     
  0.521483482952758     
  0.505952795484833     
  0.505904890337100     
  0.470899571444518     
  0.483906311129399     
  0.495724143440470     
  0.475995198282195     
  0.493152187946288     
  0.517628593080229     
  0.483108070126821     
  0.488747792820917     
  0.520078709145656     
  0.459584458482387     
  0.446662048509565     
  0.486882624971801     
  0.515616648999940     
  0.524448580481692     
  0.539684000695820     
  0.499212460449206     
  0.486917128752412     
  0.485062466886479     
  0.460723623562690     
  0.495174767683994     
  0.473545783694112     
  0.535461887912644     
  0.507067924104909     
  0.501795344275438     
  0.510715919946771     
  0.523139389630361     
  0.509405736114025     
  0.487244415247769     
  0.494152409055208     
  0.501793011037596     
  0.498092732938109     
  0.495733336222551     
  0.523100562850128     
  0.505924568480825     
  0.530494962388454     
  0.532475985112946     
  0.491209143775533     
  0.482952247536885     
  0.503577262199086     
  0.502301648855287     
  0.463223339710596     
  0.463838250289303     
  0.502290365950523     
  0.502443371832596     
  0.449388878106331     
  0.454109850880019     
  0.454131977036882     
  0.514574170764071     
  0.511130752061706     
  0.546784998574240     
  0.496033482107344     
  0.471582435773841     
  0.492714282464131     
  0.502189979976069     
  0.495027789763671     
  0.490308382322459     
  0.497655636345675     
  0.498574800170302     
  0.509893463659218     
  0.517393418584606     
  0.490203150773705     
  0.504675817947983     
  0.526444774609714     
  0.490148793200339     
  0.508675437002290     
  0.497529317304336     
  0.537092875758665     
  0.472388787629189     
  0.467809465687801     
  0.534051209890350     
  0.495858759749756     
  0.503868524467123     
  0.503187232442083     
  0.482471045519175     
  0.505660914825067     
  0.506980082199501     
  0.475910282238822     
  0.501302205525507     
  0.525886947165515     
  0.479046457598611     
  0.524983187819365     
  0.503071270209577     
  0.520384087533596     
  0.497977441349042     
  0.481361667252314     
  0.474666737161477     
  0.465428489155858     
  0.488321865579672     
  0.498556822722686     
  0.490360053027828     
  0.484951375927771     
  0.522104377414505     
  0.510378468649703     
  0.559780755577090     
  0.482158463728779     
  0.496664859713730     
  0.500255058248047     
  0.523770211755874     
  0.456052343890592     
  0.480243626292344     
  0.507942450270068     
  0.463234718337667     
  0.469962898780354     
  0.528082321094426     
  0.506950890241678     
  0.478522245514983     
  0.523948380895627     
  0.527690654187326     
  0.508170294080086     
  0.508848547622105     
  0.498591457689849     
  0.472117973417870     
  0.476862222814780     
  0.502897159616538     
  0.554706312739593     
  0.500600842200231     
  0.485297421638424     
  0.484349685577964     
  0.491153057923614     
  0.496740175280434     
  0.502596730855324     
  0.516195174759775     
  0.504231399095238     
  0.501322322239457     
  0.504706124845441     
  0.514694497895945     
  0.526509009133465     
  0.529820582362803     
  0.470980492992757     
  0.483569577092895     
  0.484857659866494     
  0.490036715333074     
  0.503075021979848     
  0.485782179888495     
  0.541948150189347     
  0.534039894441855     
  0.500063713461722     
  0.461058375293174     
  0.498382923922159     
  0.463497339235221     
  0.501809174201951     
  0.497370016526797     
  0.484064879361736     
  0.525193200218082     
  0.511084638142624     
  0.551771819882385     
  0.543534203954650     
  0.531733665998971     
  0.514743885824823     
  0.455122813390850     
  0.474061207647673     
  0.490413409331030     
  0.482391165019008     
  0.466130028516074     
  0.529274368737695     
  0.496389396673549     
  0.542378755260899     
  0.478314959258083     
  0.519522645230180     
  0.542924504723066     
  0.523818114084321     
  0.522747983441771     
  0.477073268302393     
  0.473542321960418     
  0.484679040044596     
  0.484462337591830     
  0.499889481661665     
  0.512168225804739     
  0.462726138718390     
  0.504688514393127     
  0.498286901646542     
  0.509475686404008     
  0.488363989086875     
  0.535064647121919     
  0.507081154048612     
  0.520976510475844     
  0.508819062834858     
  0.490030612509837     
  0.505146056087862     
  0.476306572703974     
  0.497650355786383     
  0.505863865338809     
  0.505336212453899     
  0.547498316995686     
  0.493027472942886     
  0.497892210226850     
  0.514857917206809     
  0.469112371694393     
  0.545374046329171     
  0.514471250031272     
  0.496954668011444     
  0.466058385963643     
  0.514922564646966     
  0.489761658693336     
  0.525156137023141     
  0.529740563487496     
  0.523131505956486     
  0.470489244201322     
  0.508322240679989     
  0.510880839688096     
  0.505175513957922     
  0.517367953951749     
  0.496295241886731     
  0.589241897890074     
  0.480921414737293     
  0.477117184694376     
  0.552046860334810     
  0.491881663922154     
  0.465160271738724     
  0.500796776715611     
  0.490520504280276     
  0.541004580762433     
  0.488629051050131     
  0.504097132720302     
  0.523493507708396     
  0.511557900301827     
  0.519577152998901     
  0.516927794470405     
  0.519864087375132     
  0.535987827239361     
  0.525500840658211     
  0.469182612575769     
  0.537214580996083     
  0.539705441443308     
  0.518817698136182     
  0.520977768584267     
  0.468199171026323     
  0.476377315197908     
  0.511041526016635     
  0.450926585517336     
  0.476447859706771     
  0.524108849772155     
  0.508387525254542     
  0.497158480209809     
  0.543546087242800     
  0.499480930051210     
  0.474870507692113     
  0.512322431131512     
  0.481878277643702     
  0.474436349259569     
  0.553053434337396     
  0.514740043845441     
  0.468007490207357     
  0.496012873028459     
  0.479847671550630     
  0.517789945896055     
  0.524494032076741     
  0.461036164187047     
  0.515516265091281     
  0.521569734930629     
  0.483443014211865     
  0.493499840975122     
  0.528821286115142     
  0.517440353348660     
  0.529707872452048     
  0.490094554271482     
  0.508003020613118     
  0.507154485056546     
  0.493315918930481     
  0.481470681225198     
  0.484429131338347     
  0.465657742777683     
  0.521392118517385     
  0.512616884497769     
  0.516489024376279     
  0.485213454813497     
  0.475863357527102     
  0.510863136587149     
  0.488946077069201     
  0.514937690077120     
  0.531260549741152     
  0.514522170764874     
  0.493290788421112     
  0.525561204581491     
  0.466792947639865     
  0.481180209465652     
  0.525009348801077     
  0.474138504243347     
  0.491117786510358     
  0.492429220951139     
  0.502151440317151     
  0.499977233187144     
  0.473518661036123     
  0.555867463371105     
  0.519437670218387     
  0.501482813204844     
  0.543393803800754     
  0.459555935416786     
  0.476168662901936     
  0.532509082316716     
  0.457942585508357     
  0.524142645198071     
  0.508707709581078     
  0.566187880981317     
  0.552616742097078     
  0.473382716311987     
  0.530504742968930     
  0.470083710513385     
  0.519662087614997     
  0.508487093733905     
  0.508896889099863     
  0.533155995331569     
  0.496315426391385     
  0.528634515238372     
  0.517213537167332     
  0.516783394472279     
  0.539073254557599     
  0.526496629273139     
  0.521517906118802     
  0.463935394057624     
  0.506481746104727     
  0.473638845002199     
  0.498406755337415     
  0.565181379662109     
  0.480972159828741     
  0.507848465350502     
  0.532396907711917     
  0.535311668400240     
  0.505399656025737     
  0.497489152716134     
  0.521647843278450     
  0.474774269220560     
  0.512626018325208     
  0.525275439573950     
  0.488128007283443     
  0.527459035558320     
  0.469084795822398     
  0.513627954432992     
  0.439864570364801     
  0.509094280909318     
  0.482955157309816     
  0.526148847859299     
  0.500105881819225     
  0.491191833630553     
  0.513642167314413     
  0.519700494229086     
  0.534530714491482     
  0.510095414350461     
  0.571671341977434     
  0.544277240711624     
  0.478476325159302     
  0.449729565943831     
  0.495359600336719     
  0.459832596161466     
  0.480412710560797     
  0.510579308447435     
  0.440283273004139     
  0.490166230841159     
  0.431062700474115     
  0.529925586400485     
  0.492135531749845     
  0.490797348747249     
  0.480044070680142     
  0.509048490400303     
  0.505633814554014     
  0.512548796495051     
  0.529729831158940     
  0.510180209480681     
  0.504391157696603     
  0.499490576774264     
  0.461095293647847     
  0.511759360165699     
  0.470794934856407     
  0.491201203904243     
  0.495735595439682     
  0.475064496090150     
  0.508063091222567     
  0.469245160326244     
  0.465309357146277     
  0.466551677306967     
  0.510279404332984     
  0.445896661948363     
  0.507077124074718     
  0.490960963906687     
  0.505741399146485     
  0.461605380719985     
  0.506972987865441     
  0.518774810214619     
  0.539671913688618     
  0.464530427745124     
  0.490949220012855     
  0.461623808458468     
  0.452772510751098     
  0.507077148442338     
  0.462523603973623     
  0.537365114464796     
  0.513549408905052     
  0.488020636831447     
  0.524339141307782     
  0.484889657399028     
  0.483601543535873     
  0.498737718410537     
  0.540662056102630     
  0.483380998268256     
  0.518661891169933     
  0.492898894388598     
  0.510495336222998     
  0.499232712510034     
  0.449319919883423     
  0.439765507220043     
  0.493650681401975     
  0.485881725966290     
  0.457249886873354     
  0.485974326417423     
  0.493329757202006     
  0.486118494594348     
  0.506386215360966     
  0.486816298521956     
  0.466516138456617     
  0.498935124306224     
  0.535556495307521     
  0.470977128467885     
  0.485537731368579     
  0.504140596089070     
  0.545181498356360     
  0.519669360404207     
  0.482812498635479     
  0.464174985548822     
  0.517344650970510     
  0.490855162335042     
  0.482565326953275     
  0.534661716396317     
  0.516132666780633     
  0.470434748468937     
  0.442868100295673     
  0.498282233760826     
  0.498458962640352     
  0.509084656022524     
  0.518003852181557     
  0.478513350680045     
  0.513143194235786     
  0.501234927417897     
  0.489864982552709     
  0.506388215964034     
  0.464708895633883     
  0.481023391795286     
  0.523432988903130     
  0.482430957146623     
  0.497420140377392     
  0.529916389822613     
  0.459314214697612     
  0.516858451684435     
  0.524453751870157     
  0.513385139701721     
  0.488750726519613     
  0.528768268546046     
  0.518078174979980     
  0.510679205297351     
  0.512194116755353     
  0.445835107153546     
  0.513091936117887     
  0.435485690419786     
  0.490880519588573     
  0.457097588433471     
  0.485131278496173     
  0.522195158745954     
  0.479259485884657     
  0.510818398936241     
  0.508835608307743     
  0.457955512048386     
  0.539153931043819     
  0.520627565095438     
  0.456683219977874     
  0.506448058278499     
  0.518112452004663     
  0.501342492681053     
  0.523874337701588     
  0.511249044896602     
  0.473715989311041     
  0.484445094472761     
  0.567549009707921     
  0.533112723967671     
  0.478795477976542     
  0.498878675797487     
  0.498855264319126     
  0.512534717478993     
  0.532887204124192     
  0.500020912465976     
  0.497999648772274     
  0.476160016638441     
  0.521519573710609     
  0.453274181713946     
  0.474491202941285     
  0.507966782177938     
  0.507778321548374     
  0.540022868121071     
  0.484494336138458     
  0.482188921013778     
  0.534525726528460     
  0.497593823686458     
  0.509534393830070     
  0.501135948980902     
  0.533761692439724     
  0.460168072341308     
  0.470965904775520     
  0.489707069098231     
  0.490785082986183     
  0.508049676555723     
  0.535739887790379     
  0.494907793508074     
  0.549502554824217     
  0.495858691344438     
  0.465859188025471     
  0.489451901182771     
  0.458544015100927     
  0.528631922168599     
  0.464873033390940     
  0.481318501512784     
  0.488915159910875     
  0.458693292264417     
  0.468079372173874     
  0.500300945460439     
  0.497161064536541     
  0.516988959309059     
  0.452248963777703     
  0.525921746816090     
  0.512425137034739     
  0.433524967128293     
  0.571976956120988     
  0.483946172067644     
  0.504928231485377     
  0.492697226939292     
  0.519030834460918     
  0.500333799115083     
  0.544328125202235     
  0.483322183363059     
  0.478666189262597     
  0.558779697181690     
  0.479589202898223     
  0.460560805638886     
  0.479347123335416     
  0.489566281275063     
  0.488794854284403     
  0.470462464471900     
  0.483592192928796     
  0.472441778390989     
  0.520046666570243     
  0.525532870760118     
  0.522873100240658     
  0.521722031439505     
  0.484420195073530     
  0.509482772866466     
  0.529755226670625     
  0.513407667033388     
  0.525078356392691     
  0.459390692143619     
  0.464023806933548     
  0.509335700298373     
  0.506602205808125     
  0.483650020383507     
  0.499317413143883     
  0.515111887914068     
  0.528895174629132     
  0.533772475266303     
  0.481143174535538     
  0.499295210610345     
  0.487189198286431     
  0.517775532310498     
  0.455895852603689     
  0.516614428170019     
  0.493178487738037     
  0.528796759088946     
  0.508527766364713     
  0.467896485448675     
  0.506960100254575     
  0.479813005403895     
  0.492620772307358     
  0.542003564565321     
  0.477107904845705     
  0.506051962872578     
  0.507415673487904     
  0.517204783598796     
  0.489484112135056     
  0.514192412072944     
  0.518403377069283     
  0.488620384617775     
  0.502763763654056     
  0.490625668419029     
  0.511763456521494     
  0.554535951613718     
  0.498589535550920     
  0.521372915933744     
  0.474023540348512     
  0.482756926324585     
  0.496955438153587     
  0.514704304500058     
  0.478132663866001     
  0.502931980341992     
  0.466560244484580     
  0.576468820147036     
  0.513907852044215     
  0.502362991225096     
  0.465150618026307     
  0.452297256359625     
  0.505908880273346     
  0.511927498119778     
  0.502658111788576     
  0.527162152730690     
  0.520393288329410     
  0.578397638118175     
  0.507713484104394     
  0.487690461079576     
  0.493994850056046     
  0.453135597625333     
  0.458712579964901     
  0.475166695111070     
  0.489142872891887     
  0.506973377332911     
  0.530355095945665     
  0.536869756796453     
  0.443859576695568     
  0.510987098407590     
  0.467041884725096     
  0.496033190134293     
  0.535582828231317     
  0.543093051615409     
  0.442099566315287     
  0.501290995790714     
  0.514815573633588     
  0.508142449379130     
  0.482607937159701     
  0.542976518179090     
  0.495368802543428     
  0.490821307486294     
  0.535831115641822     
  0.459043949843691     
  0.518067795311676     
  0.496086408659782     
  0.483733388433879     
  0.473242878091375     
  0.442738880960370     
  0.492110283434836     
  0.468441972679620     
  0.500200299252947     
  0.448933300414014     
  0.487543865737752     
  0.542153325048220     
  0.579907309131016     
  0.488419692273063     
  0.484822640533055     
  0.500924375818599     
  0.513584580221147     
  0.507276241439302     
  0.517811150535419     
  0.492083942511939     
  0.475833735829038     
  0.496701975755501     
  0.510367311044977     
  0.509542716651916     
  0.467233544456435     
  0.482104520912965     
  0.491037691888544     
  0.507460372640970     
  0.518080899622589     
  0.486994956409776     
  0.484626879848118     
  0.466557550472991     
  0.495535598048138     
  0.476594367277598     
  0.483945693238742     
  0.519556492967310     
  0.485328969614744     
  0.501575310562843     
  0.497608880413607     
  0.524499290141635     
  0.477862861195895     
  0.507013635795803     
  0.571521132136915     
  0.498709749811169     
  0.470017089409528     
  0.470306259260672     
  0.514206135972667     
  0.508904726967036     
  0.532459323148259     
  0.470210888798886     
  0.494626503659353     
  0.531155040039602     
  0.520307633081088     
  0.575352884267488     
  0.444265761037307     
  0.478587667325408     
  0.513323681105712     
  0.474297809591135     
  0.490419001579822     
  0.475412654315429     
  0.493340167951439     
  0.545453262613472     
  0.513503148792912     
  0.507431023103749     
  0.539054268600367     
  0.484407664124601     
  0.542652078482858     
  0.499013805543060     
  0.474972746514432     
  0.484592126635944     
  0.505812924211756     
  0.476224800737775     
  0.508373528610025     
  0.461591269446782     
  0.491499224825166     
  0.510893877862450     
  0.499792832204616     
  0.512395987105260     
  0.491505689226352     
  0.504285890507703     
  0.501176120773083     
  0.466366096570678     
  0.475796765238601     
  0.529876290094916     
  0.533443627898668     
  0.525220160409446     
  0.486691140893329     
  0.499351377412874     
  0.530071745238086     
  0.514515079286561     
  0.479925535162293     
  0.470253021853388     
  0.509703297754181     
  0.550474915697911     
  0.509389667161674     
  0.541518306910432     
  0.419059054621040     
  0.491363183836346     
  0.519644527581242     
  0.494697193662487     
  0.497455232142112     
  0.512770655209599     
  0.487771804898771     
  0.571109257655117     
  0.484010551180977     
  0.528613261609070     
  0.485713923920769     
  0.520127283478807     
  0.441115702932731     
  0.460837384073155     
  0.477630080251474     
  0.483609270880076     
  0.541388536515220     
  0.486290938873313     
  0.448332676358962     
  0.433746661984441     
  0.440432789463749     
  0.520373152840250     
  0.516280519672841     
  0.510659784628325     
  0.548869576028789     
  0.579140848045485     
  0.545040376832556     
  0.506453859565415     
  0.523105463042044     
  0.474127489258332     
  0.460959980990844     
  0.481010319834521     
  0.499548363320758     
  0.529436210483340     
  0.513752231627775     
  0.463618808747151     
  0.525046354775657     
  0.488664071439012     
  0.495427924212438     
  0.494726218233580     
  0.482970911995693     
  0.496237982255678     
  0.526494935444028     
  0.501060735386187     
  0.492516889352626     
  0.540887450066269     
  0.506265672792584     
  0.497158974163094     
  0.450405263333019     
  0.472792599196920     
  0.523313774024370     
  0.477946473368068     
  0.488002480340708     
  0.479482411561271     
  0.552162806146855     
  0.492135454728695     
  0.500531216020173     
  0.530174338928781     
  0.493349985779634     
  0.507749990542011     
  0.475255277609794     
  0.521423168462428     
  0.453852698101707     
  0.530770834598438     
  0.483270625035134     
  0.447924700606148     
  0.529065672857791     
  0.484781094581215     
  0.482480592795857     
  0.498296337070849     
  0.479078268832312     
  0.478560252749757     
  0.473945498672018     
  0.488165441525226     
  0.464184236815284     
  0.461048065183963     
  0.466351704791369     
  0.526819242915237     
  0.496626126046514     
  0.509248509718560     
  0.525324815565646     
  0.458836285721968     
  0.467388120390218     
  0.535160381279565     
  0.510119171153595     
  0.484768034061772     
  0.545245026343005     
  0.532309456451240     
  0.561331603356908     
  0.519809256782303     
  0.477600214335493     
  0.499172935929935     
  0.494776339015972     
  0.474177781289880     
  0.471522385940470     
  0.525226844404873     
  0.540392968065000     
  0.518865289385360     
  0.531841236752828     
  0.507886760878930     
  0.464165426756222     
  0.486971993068100     
  0.456904280527650     
  0.495116975467151     
  0.547504814872957     
  0.490885257392433     
  0.486372657879939     
  0.523940289760484     
  0.517152396051478     
  0.542555603265403     
  0.489650684259526     
  0.493508472162449     
  0.490529521734824     
  0.510765265294725     
  0.512688810823644     
  0.472754295992945     
  0.504585765059036     
  0.509305062654804     
  0.491184006612653     
  0.528279670918677     
  0.506005783860336     
  0.494853448974129     
  0.522580034830166     
  0.500909279950362     
  0.479281760307426     
  0.532992730981358     
  0.461295985430900     
  0.464895945975545     
  0.444991900822338     
  0.466151292135868     
  0.486412505222306     
  0.482056288489624     
  0.482379297850101     
  0.491520112111790     
  0.490206149135346     
  0.500595489495582     
  0.519940027525758     
  0.477678186913246     
  0.508294466027744     
  0.499866249384936     
  0.531073428008341     
  0.468898713719191     
  0.462169742773301     
  0.539663672599917     
  0.486804424961575     
  0.506861487621642     
  0.483448683117206     
  0.508870966159466     
  0.471174377774655     
  0.519237586572626     
  0.437184214597570     
  0.521016953335969     
  0.511667077872038     
  0.494916067895566     
  0.499164473884597     
  0.468318355333119     
  0.468655631460297     
  0.518375711568005     
  0.505706199305286     
  0.487721718491502     
  0.562508068311814     
  0.498879708208941     
  0.483930883486068     
  0.477063957970175     
  0.497466459753383     
  0.471057726318633     
  0.541631160739026     
  0.509157370353923     
  0.495568400931969     
  0.481757275198094     
  0.460468101204257     
  0.479184606084142     
  0.516366212975133     
  0.519085759756727     
  0.521452941917723     
  0.538370493515729     
  0.510229839871894     
  0.473424757231006     
  0.499719999975703     
  0.560537666675558     
  0.454353712010882     
  0.481835813265033     
  0.491483686939802     
  0.515185660588455     
  0.469728927022469     
  0.479992652489454     
  0.422836372822733     
  0.523298058341998     
  0.516545556679494     
  0.511997254434185     
  0.469991644308705     
  0.553589982560947     
  0.533124675390323     
  0.492618276188080     
  0.497278942208116     
  0.492188915184706     
  0.480799242256735     
  0.503936170601885     
  0.528090832607423     
  0.495526460502975     
  0.450134262942447     
  0.530301973800973     
  0.494499712900427     
  0.538077088958500     
  0.505844311288883     
  0.501340335779232     
  0.485699863439550     
  0.526339835812279     
  0.460354426138115     
  0.491378599360924     
  0.524545357344070     
  0.551266869887836     
  0.487859047061231     
  0.479299985869338     
  0.506646376379335     
  0.499149801520482     
  0.510687121627838     
  0.537890139461317     
  0.518957657657443     
  0.493956227301704     
  0.533473436302295     
  0.510419832797174     
  0.476829361454236     
  0.517392865213540     
  0.487252349925054     
  0.478918065825053     
  0.499694016556437     
  0.477399806931408     
  0.493811095493847     
  0.502892300558120     
  0.527029686452557     
  0.500531230403470     
  0.535827897428995     
  0.528935194182364     
  0.511592433243745     
  0.501018077052796     
  0.512040252798486     
  0.481358097133347     
  0.526834525379465     
  0.512140753781978     
  0.470539787526538     
  0.467476150404280     
  0.499559706012865     
  0.460316535183604     
  0.480870546867261     
  0.497948201889137     
  0.558945585794222     
  0.492888041748370     
  0.469526427440378     
  0.499986086086797     
  0.523518973917350     
  0.542186707274586     
  0.485707183175277     
  0.479322765643836     
  0.549255143563415     
  0.485100494225900     
  0.371358257182060     
  0.410488770060235     
  0.341915427628447     
  0.329258864254927     
  0.347344343661906     
  0.418916596319733     
  0.322339372020500     
  0.304005769782396     
  0.459330014993817     
  0.414011137371881     
  0.334831479905055     
  0.352191557641025     
  0.338280562575796     
  0.441461474771248     
  0.375595760694067     
  0.358146155437822     
  0.332669088349066     
  0.371655039605067     
  0.296691315309126     
  0.290367565801900     
  0.376985492009962     
  0.313960812855494     
  0.346011160225447     
  0.300790694152648     
  0.305700905391838     
  0.310769074283457     
  0.327903292132007     
  0.357594702908961     
  0.361910637984726     
  0.346625884726152     
  0.358464892979261     
  0.425046588696389     
  0.316516068258443     
  0.281218745662334     
  0.401584680310570     
  0.366963232907918     
  0.334653100774316     
  0.355184442151136     
  0.354797564987142     
  0.314512449205250     
  0.359005613816016     
  0.306834466335438     
  0.322449366316063     
  0.329958601266002     
  0.401745304100188     
  0.333068967885022     
  0.347463956693492     
  0.365327764300221     
  0.357098520344394     
  0.333550928247466     
  0.323874508342442     
  0.348897590696266     
  0.329654082314503     
  0.342906297881682     
  0.331181864642482     
  0.364801216587619     
  0.382102426892825     
  0.398914964617530     
  0.378573584364644     
  0.418451282039551     
  0.318385281759171     
  0.396089062604409     
  0.321909391689034     
  0.241143065167600     
  0.306380822504708     
  0.369096115667872     
  0.321167809794967     
  0.297165953208262     
  0.286082041926674     
  0.296629371817737     
  0.389140146268366     
  0.445984705401647     
  0.386609671255430     
  0.387145293938556     
  0.328823711589780     
  0.330472989179719     
  0.363886187473405     
  0.368285556927521     
  0.293905933592687     
  0.316869485374570     
  0.306028585166571     
  0.410170069431094     
  0.350621411794557     
  0.322889271321317     
  0.369794256825906     
  0.415309122505680     
  0.313388452954994     
  0.361380623930507     
  0.402883168974670     
  0.403612636322106     
  0.301633890528448     
  0.331589533626653     
  0.353684662441392     
  0.340078381228241     
  0.345493502286893     
  0.295792644264826     
  0.303776681154916     
  0.359252747570459     
  0.365383092815257     
  0.324088099163304     
  0.332131011318082     
  0.408002612602467     
  0.357412692392352     
  0.327510977333891     
  0.332664392402471     
  0.404965086407238     
  0.343069261451448     
  0.347418783854990     
  0.332876836983657     
  0.318544205859834     
  0.314543484436358     
  0.402892736019380     
  0.346478991556292     
  0.307875820688681     
  0.386349319193222     
  0.341683632429856     
  0.468642375861553     
  0.298859393185154     
  0.360730697398642     
  0.333237312068457     
  0.378165987718206     
  0.324387144887277     
  0.354436176409935     
  0.383485483983924     
  0.266598783656966     
  0.300624827974761     
  0.359399440974580     
  0.374455200551280     
  0.293822873406569     
  0.432421948587386     
  0.389598158987507     
  0.298158862638688     
  0.375680028724612     
  0.304633650522917     
  0.296996029381415     
  0.288668836152305     
  0.371176013971173     
  0.388390425865141     
  0.312864487146294     
  0.314253166883540     
  0.343075147604909     
  0.283204155508638     
  0.336613363745832     
  0.376961699676235     
  0.412430823294798     
  0.351223718791129     
  0.399775856760011     
  0.373354694454003     
  0.370693067387149     
  0.383136167798383     
  0.360208669218693     
  0.283510162241876     
  0.323746458209836     
  0.348515222176406     
  0.327539037769352     
  0.368283374158887     
  0.343766805130964     
  0.377676485996107     
  0.412586321254744     
  0.336475924382250     
  0.309226198222851     
  0.398176764092348     
  0.286999248059964     
  0.356534432818573     
  0.362533919974628     
  0.292881999329110     
  0.387536396455874     
  0.306198308599441     
  0.424638910441362     
  0.395843700242828     
  0.369803255046625     
  0.373209898566457     
  0.310971797677768     
  0.310651711786487     
  0.321799826437821     
  0.403837478790545     
  0.317718740151024     
  0.405504612890290     
  0.374124918021500     
  0.409765677652062     
  0.332227259887153     
  0.370960083487718     
  0.371224133307514     
  0.455430793346827     
  0.359811656354912     
  0.363739453154514     
  0.341108662288591     
  0.356225024013140     
  0.306137894253947     
  0.399466606929203     
  0.317388914278106     
  0.290856883240339     
  0.334532705469580     
  0.340246295754567     
  0.400636554866243     
  0.324238676773593     
  0.406347304973318     
  0.365373450772799     
  0.363777864837054     
  0.365101791469034     
  0.314107683377408     
  0.304328597908948     
  0.291266602943303     
  0.344067457072793     
  0.350818168813895     
  0.378001191872958     
  0.374190806376736     
  0.361639846735869     
  0.306835953333057     
  0.390012691694629     
  0.287719856354407     
  0.392338279515109     
  0.341353332379515     
  0.347315093412113     
  0.274724303193043     
  0.352085738321226     
  0.335067003186074     
  0.359401391467164     
  0.429454462426139     
  0.345436093098578     
  0.303559135346935     
  0.343612129708609     
  0.344876414785795     
  0.351502523673148     
  0.338862804833828     
  0.339422556311090     
  0.456590306411859     
  0.324889196282491     
  0.301839567128496     
  0.383544881344715     
  0.351670051231471     
  0.352696070556712     
  0.334852732347232     
  0.324796188362814     
  0.402040120319052     
  0.297179226076551     
  0.346245803389206     
  0.363769444605012     
  0.360279750689576     
  0.342280375839220     
  0.361839945539329     
  0.385362926321980     
  0.338749449714351     
  0.392171499670381     
  0.281494319491381     
  0.405284749150077     
  0.397199402939471     
  0.318569385400065     
  0.443385827509426     
  0.312237191773587     
  0.328844784351743     
  0.377425510459528     
  0.271101666918701     
  0.313276384584490     
  0.405564432372498     
  0.375704852602335     
  0.309051883851140     
  0.385245961690445     
  0.357143642456717     
  0.370430502483281     
  0.367456834194331     
  0.316174670362332     
  0.272367266615432     
  0.418923230581591     
  0.354705693537374     
  0.324617028483896     
  0.341567722175608     
  0.296262134621558     
  0.385324543293800     
  0.339897082629295     
  0.295214130661228     
  0.352471365658475     
  0.362320065149072     
  0.356643263010969     
  0.382679801054215     
  0.380071544053853     
  0.422728253808137     
  0.347095892039432     
  0.319956438861652     
  0.448620533021025     
  0.334661308565284     
  0.324444175133583     
  0.359479458788209     
  0.320029678957683     
  0.326668073725111     
  0.436714976217387     
  0.361189264040581     
  0.402321820929417     
  0.274642807437700     
  0.284072284682310     
  0.359251942538458     
  0.331768558275734     
  0.331190107959599     
  0.409279184407339     
  0.345759214704519     
  0.306953599490326     
  0.497362406973738     
  0.319756041235679     
  0.327418171356585     
  0.408499230836924     
  0.275300872153860     
  0.295429673697762     
  0.318236203039221     
  0.325683869374336     
  0.379180783176759     
  0.321348008779711     
  0.505648584588117     
  0.382462668664478     
  0.353916124047535     
  0.422412643096507     
  0.338698143565180     
  0.300242789497908     
  0.415640081721156     
  0.295211124450269     
  0.424752086719251     
  0.335058023508448     
  0.424866051153420     
  0.403513480819267     
  0.340797400559226     
  0.373575630834227     
  0.301373078454115     
  0.435173973340847     
  0.376927528768679     
  0.384049861630711     
  0.417719988529304     
  0.377004928931771     
  0.376239328713945     
  0.364268232881438     
  0.356278968269792     
  0.368124662429873     
  0.377413862050223     
  0.388722037450404     
  0.304106969712195     
  0.343030006453745     
  0.368981807864199     
  0.315567051501502     
  0.398130687402995     
  0.293409572722813     
  0.376399241403349     
  0.399931257713045     
  0.375711362929596     
  0.365255208496993     
  0.318773661528985     
  0.412869233370558     
  0.303638228415135     
  0.358772329185476     
  0.423404094688726     
  0.419191529156583     
  0.359597173722115     
  0.337967633741832     
  0.325031520476508     
  0.247427286183428     
  0.317605717323325     
  0.308098626915030     
  0.343438513654391     
  0.386531719121520     
  0.329229375295883     
  0.355809235903846     
  0.359162644578040     
  0.460673148098295     
  0.383499899617975     
  0.453179413401901     
  0.498734660424360     
  0.355099270468261     
  0.320110033633673     
  0.423930256290025     
  0.296654916229094     
  0.306161212448136     
  0.327765134702386     
  0.239029167034540     
  0.394677457077930     
  0.230580318945772     
  0.393388224271524     
  0.327120021294303     
  0.324001129840473     
  0.318585970355156     
  0.356310099535093     
  0.316481531347707     
  0.331075904366938     
  0.375600801742540     
  0.392507323063468     
  0.346971866015039     
  0.397712841576436     
  0.325481667290636     
  0.406356980295021     
  0.273798620982036     
  0.298986393521582     
  0.345550515303786     
  0.320661583018567     
  0.345817050367465     
  0.303261884748166     
  0.288793003843211     
  0.254472229468366     
  0.325980206230256     
  0.271946914602195     
  0.351347015139960     
  0.308665367823820     
  0.347851200347019     
  0.283128929378579     
  0.390048031236090     
  0.374811135616894     
  0.413431911215739     
  0.296657272736798     
  0.336612366177237     
  0.268874995449921     
  0.279561118929178     
  0.329312573666665     
  0.280256090024115     
  0.436139749585623     
  0.372574676060634     
  0.384436544746792     
  0.435082594964427     
  0.306062319663998     
  0.394414874247555     
  0.299157371024757     
  0.388281542954256     
  0.321973654897267     
  0.366911961386765     
  0.318355708604522     
  0.382539637548600     
  0.359010341167702     
  0.244978656455944     
  0.278934599936127     
  0.362062011062611     
  0.364972754937139     
  0.304744750907946     
  0.349575771200450     
  0.330286871537636     
  0.335191143421413     
  0.347486715038344     
  0.360179281186628     
  0.292974756416626     
  0.349112501051058     
  0.426539412682724     
  0.336304912305197     
  0.354031183686902     
  0.352457247860995     
  0.415426913128776     
  0.356852335295802     
  0.339534576203863     
  0.384006543426564     
  0.351040038864359     
  0.360886989322081     
  0.297433742506483     
  0.413737711469828     
  0.420115294600958     
  0.365093207520642     
  0.259844149731399     
  0.297520669788679     
  0.362644874438016     
  0.370928065910332     
  0.366501544132213     
  0.364809178821418     
  0.446958321973696     
  0.318154664624826     
  0.367175817567990     
  0.415023557134105     
  0.275298190715730     
  0.362719975655802     
  0.372656618733773     
  0.335939939693408     
  0.411064712850699     
  0.370056070841054     
  0.304255367147830     
  0.351948678440922     
  0.349292258560543     
  0.422443073037125     
  0.335710715896568     
  0.375114039591831     
  0.391771918928917     
  0.393368037890272     
  0.427758679123710     
  0.266104443565292     
  0.357654525864808     
  0.259152624333704     
  0.351135717395922     
  0.328088396086572     
  0.292626127827283     
  0.337902795081780     
  0.379118101631534     
  0.381080648118440     
  0.385125871856113     
  0.330758511500112     
  0.413370225271708     
  0.352993021523921     
  0.283488881228323     
  0.400759298274965     
  0.359016845340986     
  0.321409148438677     
  0.405255752274552     
  0.379405320381627     
  0.310663996335804     
  0.303531780471614     
  0.486622674559426     
  0.405168514838581     
  0.293446373261429     
  0.360686341964184     
  0.371721288691821     
  0.437399717695898     
  0.369152632472334     
  0.305547945307667     
  0.317309721494570     
  0.307751846333211     
  0.400383460654609     
  0.294645562646308     
  0.304404580523632     
  0.364635013373112     
  0.328054747748758     
  0.370425939455043     
  0.354566031064421     
  0.323572399378700     
  0.388426438575368     
  0.343802135237742     
  0.403645125211045     
  0.412826580501365     
  0.457019930340273     
  0.325894023170591     
  0.331286808061348     
  0.371802624211764     
  0.344797299744653     
  0.394165571818646     
  0.469059591035926     
  0.355374945153067     
  0.403001905630099     
  0.367464759958390     
  0.321133937675999     
  0.377795208905527     
  0.292185041206749     
  0.391498251210242     
  0.294111244642616     
  0.280059755076778     
  0.358943861848748     
  0.294766389013406     
  0.304211213240269     
  0.348220035655506     
  0.385725673780043     
  0.330235173475427     
  0.292244206498212     
  0.438680005633870     
  0.385813352854024     
  0.297987481569560     
  0.516959902225842     
  0.377643991335184     
  0.353630551251576     
  0.317728790530709     
  0.415387202878635     
  0.362936995720269     
  0.448103795770765     
  0.316682869306759     
  0.340525324927837     
  0.414389412004946     
  0.375504131235488     
  0.273399425753134     
  0.333012904709565     
  0.392368338679547     
  0.323208954746006     
  0.299610360587723     
  0.331208568663998     
  0.312958055275973     
  0.349568492149484     
  0.339516858369218     
  0.365502416878683     
  0.366243200036402     
  0.377663706298570     
  0.361343656174279     
  0.396051640646020     
  0.309258968506857     
  0.380157365594954     
  0.301345110770421     
  0.315836320884841     
  0.339354681054783     
  0.352810909618982     
  0.342853872380913     
  0.353523421136568     
  0.407900887632515     
  0.449776249511953     
  0.353512162883844     
  0.271858616792483     
  0.345885301941322     
  0.350339741566703     
  0.354122724047852     
  0.292921071925000     
  0.348332573200779     
  0.294281279634696     
  0.373785157353479     
  0.351567620045239     
  0.306528843905166     
  0.355368735498312     
  0.346703490490385     
  0.321840034474653     
  0.419662846764923     
  0.345391694811893     
  0.371087331749713     
  0.314804826171416     
  0.379376134575752     
  0.372761282257755     
  0.335671290749974     
  0.361847826696708     
  0.330042856447943     
  0.320038635554979     
  0.287543017538415     
  0.371476185291297     
  0.413908721602259     
  0.312587448914280     
  0.438864696274556     
  0.283378497751034     
  0.319646503905181     
  0.343255973644143     
  0.294422009681728     
  0.342989496881846     
  0.387583102007741     
  0.262647654117612     
  0.463607615384958     
  0.372540260869625     
  0.315354902530497     
  0.323068220331706     
  0.293328877687669     
  0.332322141422394     
  0.380428886517593     
  0.342156791183685     
  0.422768930795660     
  0.346852561842533     
  0.470893753330181     
  0.422823696303376     
  0.339130004971344     
  0.369038087434579     
  0.276321029192454     
  0.354403807081777     
  0.338938022083940     
  0.339172469869019     
  0.323992826493250     
  0.339427257302801     
  0.375238127113587     
  0.262928619120208     
  0.306553916066479     
  0.290914019359406     
  0.346358350302804     
  0.367413387428835     
  0.362534415077462     
  0.336534886366415     
  0.293122657406778     
  0.336831575331942     
  0.417047243064583     
  0.310931122615494     
  0.485817824791749     
  0.363865224581638     
  0.348280395210869     
  0.355081914975247     
  0.301418950597279     
  0.389911293155200     
  0.350718154820005     
  0.314367982599420     
  0.349753717283907     
  0.270551242055204     
  0.350742809319011     
  0.353653172695477     
  0.327281137068935     
  0.278484470875885     
  0.359683235588389     
  0.401473713098666     
  0.407688735972054     
  0.388562961030242     
  0.300496811148839     
  0.396612535544943     
  0.342286464939761     
  0.336688852649494     
  0.336695384883560     
  0.345190230988772     
  0.316082739641630     
  0.352590302817503     
  0.414452371024916     
  0.380002612736002     
  0.316582641713414     
  0.320017230567193     
  0.314959077171239     
  0.337986329598608     
  0.368907765145279     
  0.321233490203655     
  0.349346292664682     
  0.286052534960288     
  0.326212532451142     
  0.324557008082316     
  0.390118776712431     
  0.343223237004549     
  0.335318075751932     
  0.402737504939045     
  0.369218453170345     
  0.301569613321393     
  0.346122893515743     
  0.348492632580799     
  0.399286576537909     
  0.318139734103422     
  0.419755190141042     
  0.275469843199209     
  0.381340278987636     
  0.350053595020915     
  0.365848529452658     
  0.324327329294323     
  0.342340473789867     
  0.399235320876740     
  0.326744650037804     
  0.447638073382814     
  0.295439848327444     
  0.325552688155124     
  0.363548545937170     
  0.281358261825035     
  0.305703403598866     
  0.288444259788871     
  0.376105470275842     
  0.398925773880620     
  0.378129140490800     
  0.335100261058793     
  0.437218474093078     
  0.357501552878351     
  0.406463682663484     
  0.363154708725840     
  0.300313368818709     
  0.316011691179981     
  0.348386355485249     
  0.368981185648977     
  0.391425208111964     
  0.277132252772844     
  0.351584219207223     
  0.365070567401216     
  0.327900470839837     
  0.421246629643097     
  0.342214183048171     
  0.369784724506188     
  0.351955852518255     
  0.356170245771617     
  0.337586846491373     
  0.364390870956264     
  0.370442626312316     
  0.337697331629258     
  0.339772926183448     
  0.316117410796090     
  0.345335749428398     
  0.391367444573209     
  0.339613902366466     
  0.338336147351151     
  0.361689375491425     
  0.417889275566711     
  0.404803608326099     
  0.392697535608196     
  0.242031086203381     
  0.331932684626930     
  0.386351232447763     
  0.381312752903419     
  0.345176576369923     
  0.392929072608893     
  0.417162543642740     
  0.451432557942481     
  0.379077473809992     
  0.380520805580160     
  0.336358701243848     
  0.334175389157815     
  0.270932737950410     
  0.268760649745535     
  0.357983828422304     
  0.308523326262890     
  0.419968612196944     
  0.313423770848129     
  0.320934651945703     
  0.244076911933512     
  0.262146844434473     
  0.361544429167104     
  0.358837922066455     
  0.397395060678501     
  0.421460041510620     
  0.533014012523457     
  0.353586395370727     
  0.355671621326322     
  0.404743656950251     
  0.311148841206126     
  0.258341394641554     
  0.291219259135663     
  0.412578114142931     
  0.455452672864837     
  0.364760855734373     
  0.289881481379201     
  0.349463648417984     
  0.315050528829902     
  0.349549763577948     
  0.397789794964998     
  0.392167450136383     
  0.318262370570919     
  0.492040510160929     
  0.295869232037801     
  0.318042649872159     
  0.390502233680320     
  0.382290638538987     
  0.353463571783405     
  0.278923712202891     
  0.323299189380289     
  0.442573910148513     
  0.330409434502184     
  0.372559763670177     
  0.281218300541924     
  0.404896432360415     
  0.346565371271908     
  0.369677509506863     
  0.366825757005202     
  0.327358551813900     
  0.300398651039344     
  0.313435690498037     
  0.369437488824687     
  0.278062374935631     
  0.378854095601281     
  0.352851154461346     
  0.256000831883584     
  0.305894584945843     
  0.321259739890846     
  0.345525012270549     
  0.346244697528914     
  0.327172902423679     
  0.317087740206509     
  0.278145401880440     
  0.288998601112759     
  0.342753369522744     
  0.296656437789849     
  0.288818985317133     
  0.406928901668109     
  0.298330791553817     
  0.344227300305302     
  0.357248398230640     
  0.302504225242901     
  0.280628638677452     
  0.350734872949337     
  0.344574643804655     
  0.322432950025278     
  0.354189480136246     
  0.361061518103911     
  0.442723451903777     
  0.336302865105653     
  0.305077776979098     
  0.350978211619769     
  0.333752957998527     
  0.308033051154371     
  0.284479219618524     
  0.388591340733328     
  0.404121911534515     
  0.406241026894744     
  0.396106844137090     
  0.390061400152823     
  0.342159380102726     
  0.328559408449872     
  0.282241935569393     
  0.313734185002420     
  0.361404835659757     
  0.294272090657020     
  0.313955383017126     
  0.382935980433423     
  0.365551914578596     
  0.444595659311598     
  0.320574837045824     
  0.358305322416247     
  0.345318736425644     
  0.309724691017112     
  0.389212458569131     
  0.297506022043446     
  0.322602420428236     
  0.367534285303214     
  0.319393556737505     
  0.416970938549476     
  0.402159710992591     
  0.341175391934629     
  0.379654606650260     
  0.353688435136653     
  0.299953492191423     
  0.376191710167505     
  0.261500725136878     
  0.309494319393333     
  0.292725029165146     
  0.291532594413369     
  0.320797747749996     
  0.336558922407614     
  0.360828337405894     
  0.332461901990528     
  0.333411362221946     
  0.396383943431187     
  0.376150659280072     
  0.343826758805725     
  0.372342214574065     
  0.366742544731701     
  0.435508280099762     
  0.328944275037972     
  0.337092878970669     
  0.346596995137873     
  0.334124548351684     
  0.387470043778165     
  0.287056080209868     
  0.336098083380768     
  0.291503462593091     
  0.386633165737460     
  0.340554310363772     
  0.371589082400308     
  0.352966128875587     
  0.355097639234190     
  0.329970023202836     
  0.319738337983235     
  0.358594472667475     
  0.323925153673883     
  0.409208553908234     
  0.362170133477158     
  0.453739800058581     
  0.318388180291337     
  0.351633433410491     
  0.318290146988595     
  0.350419176051395     
  0.315265036871520     
  0.427774581344924     
  0.396139423534944     
  0.289596462089709     
  0.295736997551296     
  0.314094975635965     
  0.319728494732355     
  0.340756298380762     
  0.368091665490206     
  0.339548701941130     
  0.424663652341712     
  0.350361140685881     
  0.302781743142422     
  0.368949003625120     
  0.452388142486928     
  0.303159212124161     
  0.289728646803824     
  0.393246534586868     
  0.320083699737672     
  0.248720236446824     
  0.311338560501122     
  0.265360821905807     
  0.448061677070213     
  0.352356259340823     
  0.339654323977826     
  0.343187572784192     
  0.483912192498700     
  0.359348055689759     
  0.296578614112753     
  0.348080646416450     
  0.323515564954280     
  0.317228734424380     
  0.303711396667312     
  0.432274240402826     
  0.305810534298712     
  0.329898088344598     
  0.415294411326465     
  0.343291544472796     
  0.401027097851112     
  0.324330941100676     
  0.335361585286393     
  0.333460940479355     
  0.394249954880973     
  0.364228063891732     
  0.350052758650855     
  0.358094938641621     
  0.421540481017192     
  0.386626128300762     
  0.326042298460218     
  0.422520950546405     
  0.391357151247276     
  0.340241740541812     
  0.345015191138119     
  0.331901227407778     
  0.315396575351967     
  0.368924336195109     
  0.406083137584415     
  0.341076363646323     
  0.321462395560858     
  0.350957910652398     
  0.320212079348281     
  0.358134988144190     
  0.304465826050612     
  0.373263354925751     
  0.366672555379892     
  0.347152538681901     
  0.332084119886463     
  0.389826512641259     
  0.393326582728399     
  0.332914920106676     
  0.296330944726961     
  0.372034525915107     
  0.372931102087584     
  0.384202168363321     
  0.339847171289402     
  0.339178644399585     
  0.300926461844265     
  0.306283865489772     
  0.301952345925259     
  0.334491000878264     
  0.350234720171812     
  0.445425013577041     
  0.354439724120153     
  0.256759841413296     
  0.321956754019379     
  0.356414041840949     
  0.385303380886514     
  0.342089850903921     
  0.282084042593071     
  0.396244063108396     
  0.294101800885746     
