  0.485067742500890     
  0.491252112809414     
  0.499896717272038     
  0.529775588862997     
  0.461100526283058     
  0.489872199832970     
  0.509789849824172     
  0.519119540831366     
  0.507576603705683     
  0.493782090493366     
  0.504458096067486     
  0.495656994343046     
  0.520321276289246     
  0.539061388707471     
  0.544373491294490     
  0.499406340880915     
  0.513519616290214     
  0.496884264287688     
  0.509380524675741     
  0.479117830882811     
  0.481101915607508     
  0.541898797606351     
  0.465717382573942     
  0.497446647578502     
  0.467029216465374     
  0.496301162461080     
  0.489264340848993     
  0.464788999071117     
  0.539336597932010     
  0.496784922570487     
  0.515505117310961     
  0.486378809821900     
  0.510323701867791     
  0.532631253175356     
  0.502237927482184     
  0.487946660122876     
  0.457182598810644     
  0.511639534189978     
  0.525194315596891     
  0.472516768250108     
  0.506196510729517     
  0.453079654537307     
  0.494187443045909     
  0.517134688337066     
  0.530275542421408     
  0.512928138759184     
  0.503221162313720     
  0.488233011629554     
  0.510976308211517     
  0.485800211791100     
  0.469733951692623     
  0.493752008385071     
  0.500200053329841     
  0.441329462266890     
  0.488801939697674     
  0.479267443467401     
  0.490645464120227     
  0.540175578666554     
  0.519405060924805     
  0.481525050865376     
  0.468599540429622     
  0.493175676709542     
  0.499206288142736     
  0.476941496629621     
  0.556279996370838     
  0.505215651978933     
  0.483723930400019     
  0.511067022497674     
  0.484406791463741     
  0.466652754838035     
  0.472458796697368     
  0.517585846436820     
  0.504519392753954     
  0.466559128670431     
  0.506671611242915     
  0.517251217538665     
  0.474358191000652     
  0.450051048608422     
  0.520360618000301     
  0.466096055741451     
  0.479162455823831     
  0.483549095107130     
  0.538021740730007     
  0.493097175154406     
  0.441731202163362     
  0.484332939609521     
  0.525239635380815     
  0.487270392052259     
  0.479001907612990     
  0.506343587968433     
  0.453306255043580     
  0.517814265782923     
  0.460847421096427     
  0.505335899680122     
  0.456832179395867     
  0.482848356683287     
  0.418818963219854     
  0.501624333148884     
  0.481329083558467     
  0.506921971285876     
  0.511034716583276     
  0.447812935523678     
  0.482145793958022     
  0.440902424360081     
  0.491582552050336     
  0.499312019745135     
  0.474694121930088     
  0.495635607799670     
  0.461960779458357     
  0.510711329056346     
  0.531433398657725     
  0.496227743145847     
  0.510503276779916     
  0.476035163171797     
  0.504580386132245     
  0.494394361174935     
  0.503194015988383     
  0.518947519334379     
  0.552477664456754     
  0.477703170810714     
  0.513716099097879     
  0.547141750026853     
  0.503229852606343     
  0.521377216312712     
  0.476064817615342     
  0.545165443937064     
  0.559574159855820     
  0.464621192913121     
  0.518722232752646     
  0.497973079846042     
  0.490827090281530     
  0.527101240831723     
  0.473845691925880     
  0.460916661052508     
  0.497386756139874     
  0.534917553734175     
  0.485702651144057     
  0.460116966364944     
  0.463353349376956     
  0.482060284762041     
  0.487198288953708     
  0.505024058531960     
  0.475899785633947     
  0.518557747497445     
  0.522085651024320     
  0.471380657881863     
  0.554463905910724     
  0.486731503813316     
  0.491788031353775     
  0.488763197246383     
  0.521101492348463     
  0.499374769851569     
  0.487680478312474     
  0.497884280055861     
  0.503313807185159     
  0.443877111344051     
  0.466921445596348     
  0.509042813476299     
  0.477036412787767     
  0.507496548356497     
  0.476291081551704     
  0.489984910052509     
  0.517828242727637     
  0.491479407668916     
  0.510659893496307     
  0.505944095910694     
  0.513170490580359     
  0.464488193814410     
  0.537937599600001     
  0.514782560294230     
  0.486603715100173     
  0.516712188275054     
  0.507610604456953     
  0.484867215393748     
  0.546992937583968     
  0.471211885518736     
  0.488326768065970     
  0.504857355818997     
  0.496006191548147     
  0.476935624153806     
  0.469807468254344     
  0.492931326676122     
  0.507196911668354     
  0.487247440108555     
  0.456011106284599     
  0.485827804113875     
  0.470026558352564     
  0.507994001279258     
  0.501155552535454     
  0.472318079808878     
  0.544838508788207     
  0.469836090281526     
  0.493597222134351     
  0.475150084129747     
  0.470399304260820     
  0.443266623580761     
  0.501981379607974     
  0.528225136004936     
  0.527564127534843     
  0.471192446570796     
  0.473927452710340     
  0.502425260983170     
  0.491898540721235     
  0.503312973367631     
  0.495446256000797     
  0.477763941876456     
  0.471517381264282     
  0.458161401133956     
  0.454557113561125     
  0.490862784723759     
  0.508245516002096     
  0.453009500920455     
  0.479134799119336     
  0.515416191392579     
  0.502668670552886     
  0.459507838959718     
  0.507908042087256     
  0.512032748918842     
  0.518186780340779     
  0.484634620600133     
  0.523636864160072     
  0.502845805371476     
  0.532747347259962     
  0.527946842693356     
  0.455363217778900     
  0.461309448067845     
  0.435254729301299     
  0.477694102318464     
  0.496702034890033     
  0.471135521393420     
  0.561085986226690     
  0.514656493509041     
  0.498622983340387     
  0.476794181036206     
  0.478883818055270     
  0.567828195317098     
  0.488855071913339     
  0.476055440252934     
  0.490727824986363     
  0.498675834791425     
  0.486394558412259     
  0.492802658629184     
  0.519798999437901     
  0.473939214710278     
  0.496014264779440     
  0.463264225168517     
  0.515205840683996     
  0.442802731496383     
  0.500808825816043     
  0.510384181444773     
  0.508254781369331     
  0.491836356616533     
  0.506482875811849     
  0.516975554103698     
  0.510852191730416     
  0.536882725672700     
  0.465628906343862     
  0.510797815255683     
  0.462628361202428     
  0.532987507629597     
  0.501250210952763     
  0.467327365458689     
  0.507166671003084     
  0.498290872327698     
  0.455764236386321     
  0.507001697099629     
  0.488405549870463     
  0.459990076563558     
  0.526689948639301     
  0.471348136794053     
  0.502950719018595     
  0.501198723025740     
  0.416303546095559     
  0.535729721495423     
  0.488135938418582     
  0.506116005498153     
  0.513203454085407     
  0.426541654342748     
  0.508527428595480     
  0.476636972044281     
  0.511896602681305     
  0.493632096979339     
  0.540681360762281     
  0.476124953439579     
  0.502298883569547     
  0.512738128951617     
  0.486155025656663     
  0.496407808743719     
  0.491329157460823     
  0.505980575963597     
  0.521399692063629     
  0.493608927815447     
  0.489979131847090     
  0.451947710253233     
  0.461274489291042     
  0.470578115185225     
  0.479122408573471     
  0.503437224643981     
  0.489621031528068     
  0.544404763662143     
  0.520417252704912     
  0.548374105001969     
  0.499561771170306     
  0.501550371899748     
  0.522855712119513     
  0.493762580746300     
  0.498880772526218     
  0.457619558670535     
  0.477700688320969     
  0.562314886484209     
  0.528393942699081     
  0.485344650647724     
  0.509930655041288     
  0.476836328201616     
  0.485416093337414     
  0.488435538679140     
  0.474602525505835     
  0.522744923592284     
  0.486646186627605     
  0.544069410486811     
  0.438025994945094     
  0.527210447846630     
  0.484939062302435     
  0.537543720399357     
  0.493737492476724     
  0.518892681453689     
  0.492790689017839     
  0.489213765521278     
  0.512379619209773     
  0.471766232756661     
  0.473237232548483     
  0.477840655923380     
  0.478050271553941     
  0.535109530074747     
  0.509608629737878     
  0.500177344325903     
  0.474252609761576     
  0.472511587073682     
  0.535656124467856     
  0.512846611056163     
  0.446430119105101     
  0.514153250313616     
  0.489227939655214     
  0.487432705886037     
  0.524656493077204     
  0.447757186261296     
  0.561309550565887     
  0.483622303747466     
  0.478478536699987     
  0.457372064483946     
  0.527649602195035     
  0.500200912432361     
  0.508930866220410     
  0.451735803456865     
  0.483630964958943     
  0.511780370051707     
  0.498389687691052     
  0.483514244006744     
  0.509397399701013     
  0.498548640692242     
  0.534394634767310     
  0.502649289502648     
  0.494423243225554     
  0.492002729863873     
  0.517367213518988     
  0.471911183428710     
  0.530385436550413     
  0.510858166528051     
  0.464336853514240     
  0.479530300191553     
  0.501142581193270     
  0.496328716791286     
  0.458650880113105     
  0.506767463097478     
  0.479975978506140     
  0.476144879224581     
  0.488572530716666     
  0.518459376740987     
  0.500743615335493     
  0.477083865606064     
  0.519555178464921     
  0.491202085672679     
  0.471329933872066     
  0.546307195366485     
  0.473725548019374     
  0.462619948439046     
  0.580370003803941     
  0.475081411315688     
  0.511170199144882     
  0.495128428021358     
  0.470022333445404     
  0.497988903118267     
  0.455397911086154     
  0.501448540222629     
  0.514609018712760     
  0.529088733573767     
  0.546590307762457     
  0.483256897501819     
  0.522082081532768     
  0.489190548888275     
  0.478775819821327     
  0.503578487466623     
  0.531240820204329     
  0.465505802933427     
  0.521708423601154     
  0.478811304077346     
  0.462113506380545     
  0.493169693737933     
  0.514484377987412     
  0.522904223740748     
  0.517965553018325     
  0.478145792482144     
  0.472190200691209     
  0.505677389223395     
  0.534494718590702     
  0.467986745878327     
  0.526888074142523     
  0.525597953979131     
  0.523110199752476     
  0.492981101008341     
  0.480052948682278     
  0.505073214966704     
  0.470360084829890     
  0.470410548150216     
  0.505350370719512     
  0.502869298317866     
  0.464364418372121     
  0.484735030905937     
  0.512597180463845     
  0.472859019514192     
  0.493715790745192     
  0.480931439188149     
  0.549692218114851     
  0.491022134499924     
  0.483575379892793     
  0.454129444947742     
  0.498560867988691     
  0.467663373728671     
  0.508225335452348     
  0.480946583811023     
  0.505814044450023     
  0.530477449579177     
  0.511617797441257     
  0.420455350986230     
  0.498754219885111     
  0.482575773796791     
  0.479682575900526     
  0.489233609842338     
  0.494900218392819     
  0.567976832474733     
  0.517867258835947     
  0.549126864711326     
  0.485899021001580     
  0.510531668404821     
  0.528924638166337     
  0.502594332244474     
  0.479539605999678     
  0.470601166203560     
  0.578966537381721     
  0.424859890847516     
  0.481201391542783     
  0.553703312099157     
  0.521137249693675     
  0.506684305044940     
  0.533580214797529     
  0.517628384965837     
  0.500646019301835     
  0.469290654330331     
  0.482064448683659     
  0.473500963884655     
  0.502419431646946     
  0.522428154299366     
  0.481519225244388     
  0.538500280541534     
  0.448517945142690     
  0.494904468334966     
  0.472434405884870     
  0.545849292746571     
  0.476724400373625     
  0.526238076676556     
  0.429619566475965     
  0.525538014490988     
  0.496119576606520     
  0.467590173409831     
  0.501129681128028     
  0.487951351717762     
  0.490442683662542     
  0.525786984760552     
  0.458433409313297     
  0.501385469576812     
  0.469659313839641     
  0.508723877085343     
  0.521065427246128     
  0.513909578470221     
  0.416817435503574     
  0.541898113187459     
  0.476479900714766     
  0.492686857436403     
  0.502311840426245     
  0.480865995575304     
  0.535449342136278     
  0.512548428024317     
  0.500385139280746     
  0.533241334822770     
  0.506753195170503     
  0.500881413856077     
  0.496264537616532     
  0.527869191163717     
  0.499552673657542     
  0.505381403443405     
  0.484468074805037     
  0.506471472659004     
  0.509982162112682     
  0.499226604847730     
  0.505225033130737     
  0.508973110621924     
  0.521351142304791     
  0.539516079557894     
  0.443773466702382     
  0.490495246746931     
  0.500267025470517     
  0.503561883732628     
  0.485592968288408     
  0.467031572151465     
  0.553187978188690     
  0.535790091192255     
  0.498332020325167     
  0.485250025611218     
  0.482818437623114     
  0.501107763510088     
  0.465356379645316     
  0.447102559118983     
  0.500900361765639     
  0.477115765363223     
  0.471238963739153     
  0.509716014957056     
  0.484437428210547     
  0.461670609960489     
  0.546748213947110     
  0.485874281104343     
  0.537692032076870     
  0.490884975362827     
  0.483385969098894     
  0.459981063132165     
  0.456717590602877     
  0.559658305198442     
  0.508598969377369     
  0.469885909894738     
  0.481833587224765     
  0.476667465288198     
  0.507513029208065     
  0.455654124607820     
  0.495559871801981     
  0.495055959684131     
  0.445108666188211     
  0.495480487744988     
  0.474608979258032     
  0.525888267061266     
  0.536100027567069     
  0.508427134235128     
  0.514842080448522     
  0.519066872491192     
  0.497990220427188     
  0.504913624677150     
  0.521719395085106     
  0.502235029636309     
  0.468587676118069     
  0.473714222643717     
  0.532687725193751     
  0.506128512479803     
  0.493927913558756     
  0.483200350212998     
  0.518356016362824     
  0.499871276958035     
  0.479555147780279     
  0.528109011953314     
  0.494996619294893     
  0.536368160528720     
  0.496475066744346     
  0.520761593989770     
  0.489362180513346     
  0.520228353365366     
  0.508749889488299     
  0.525614952946351     
  0.456976882498466     
  0.458514798151498     
  0.523053922807709     
  0.525260505503683     
  0.478881649318827     
  0.478067219037908     
  0.478759548947013     
  0.471677042216782     
  0.519265801428946     
  0.544783033132223     
  0.541050221325188     
  0.470473096876700     
  0.458624322458388     
  0.491472647316494     
  0.501806426807131     
  0.512992400822276     
  0.521044931035134     
  0.504727532481424     
  0.493873612331680     
  0.524244099561125     
  0.470586203557376     
  0.494030522632629     
  0.492963332095235     
  0.520871840309503     
  0.497404227111440     
  0.514441635790467     
  0.565987561843238     
  0.439809835001996     
  0.524463342961232     
  0.504912140241745     
  0.483518765164210     
  0.524443156618526     
  0.511050608259547     
  0.474954045315712     
  0.550321680997949     
  0.459316809636885     
  0.499043269160733     
  0.526525936873099     
  0.491577969151305     
  0.547068319167870     
  0.505273264732895     
  0.545923635564308     
  0.462035802956369     
  0.507067451696092     
  0.504203722005058     
  0.510930653627209     
  0.528740825707255     
  0.475699941687924     
  0.473277805576808     
  0.500079061669990     
  0.532685907767923     
  0.512764871681510     
  0.509825818023739     
  0.496281935206556     
  0.546695365294250     
  0.511719221509158     
  0.507667235099598     
  0.487630460678789     
  0.454459881136165     
  0.471889208407210     
  0.503219694847717     
  0.518903434011967     
  0.522503257558683     
  0.491670832395304     
  0.533984861233322     
  0.498425059657941     
  0.469834727489650     
  0.470147902203474     
  0.486079325624518     
  0.464258956748185     
  0.506347942393143     
  0.529932794220248     
  0.537626690276189     
  0.490417076533419     
  0.464325904470818     
  0.488026496371191     
  0.460638782112883     
  0.477823930789220     
  0.509165497449307     
  0.544009231238683     
  0.484676844761126     
  0.486754868611705     
  0.514031309528483     
  0.535738715111339     
  0.500096232497470     
  0.485356517664654     
  0.494376483386099     
  0.546081629317983     
  0.518073587196863     
  0.512763627011898     
  0.505333501852059     
  0.499869081739175     
  0.529117608358251     
  0.502766275043964     
  0.476145482851160     
  0.484829769652697     
  0.512952880063264     
  0.513378022370739     
  0.472696643145476     
  0.520794972133732     
  0.473442193209730     
  0.515811689183202     
  0.479406476118987     
  0.468417306085202     
  0.469938391762469     
  0.495070022550898     
  0.450044474432941     
  0.515508010166460     
  0.507473308090552     
  0.493565064770386     
  0.460426420159137     
  0.524562976594959     
  0.488522465591360     
  0.493675703181192     
  0.477789809944709     
  0.483184648581809     
  0.550597265017208     
  0.497669303805960     
  0.490606516714520     
  0.510797304559381     
  0.510467806785847     
  0.468336830243870     
  0.507556535768052     
  0.497151584978589     
  0.470507245122979     
  0.530379354338471     
  0.508190103667040     
  0.524493422125393     
  0.497668176811376     
  0.413137267875183     
  0.504179277345082     
  0.531747289836808     
  0.493895650858557     
  0.482276838818595     
  0.493845766964565     
  0.550532795335442     
  0.515139405028953     
  0.475345817855138     
  0.514580405864525     
  0.529542500195354     
  0.488519533532970     
  0.498775862279658     
  0.517378550916391     
  0.428211569447217     
  0.433977823288223     
  0.524915425960557     
  0.474373884401035     
  0.500598308156330     
  0.484824454772396     
  0.474676848566289     
  0.480054553480188     
  0.509640304533267     
  0.461757538382681     
  0.479691146501436     
  0.465928605238731     
  0.528515261686319     
  0.484048156406280     
  0.511691085369911     
  0.471982696108896     
  0.500200284694358     
  0.497810166471216     
  0.442750602424696     
  0.533015507310967     
  0.455659985158702     
  0.541218407128005     
  0.544614131076591     
  0.522785025496346     
  0.512892435013999     
  0.484811396165891     
  0.537639602174221     
  0.486842695625485     
  0.555848952572055     
  0.504877756329946     
  0.456201899919739     
  0.511536662507167     
  0.512740644999203     
  0.514219087170043     
  0.548370524187442     
  0.498913660200865     
  0.502387474138699     
  0.508079547982933     
  0.514473358572121     
  0.498989418989723     
  0.524714942036145     
  0.508954595975084     
  0.511002759233946     
  0.542891329546373     
  0.526270981056173     
  0.504403767180557     
  0.490941072390604     
  0.542271085664920     
  0.507216153741034     
  0.499755949633941     
  0.536227316021083     
  0.489072359266873     
  0.488507254022430     
  0.510677277266919     
  0.499936232565326     
  0.480961833690470     
  0.514035376895828     
  0.514384134547286     
  0.474162682800626     
  0.535021611808633     
  0.483970495590561     
  0.502722222650921     
  0.503562249675212     
  0.511800979942333     
  0.479913748163976     
  0.480886480428016     
  0.494967149598347     
  0.481261892606778     
  0.479517389614292     
  0.515097339444467     
  0.496433931771753     
  0.469897045284793     
  0.496854491621413     
  0.493867816902119     
  0.457356970502303     
  0.530772793340935     
  0.447992582165272     
  0.488965937506912     
  0.517034850775513     
  0.481338748090131     
  0.530668765358454     
  0.457265942484947     
  0.467413004860403     
  0.495125920423831     
  0.472493667834979     
  0.494339575927488     
  0.504934555143140     
  0.468624406184119     
  0.538512135377248     
  0.501905017763215     
  0.471567351614442     
  0.540914161151226     
  0.527986066205481     
  0.491831128028105     
  0.498843047089075     
  0.486892728655336     
  0.459440616972502     
  0.500173557110730     
  0.475372653195823     
  0.501633838030561     
  0.453466443408256     
  0.564361151732871     
  0.513363914706918     
  0.510127446748897     
  0.494704983400201     
  0.473398374975622     
  0.491775209455873     
  0.503875109034539     
  0.506300413969807     
  0.493913373725960     
  0.502756260849913     
  0.516403442424367     
  0.491351248881388     
  0.512843108802838     
  0.509781347635282     
  0.446197633144147     
  0.499046602635479     
  0.455329418657381     
  0.476414423911828     
  0.519135872965404     
  0.507658114861070     
  0.524430633091256     
  0.463687615538853     
  0.492149585449287     
  0.486407017319212     
  0.510972645512508     
  0.511016465918626     
  0.500834073771730     
  0.519942908619329     
  0.521810528852222     
  0.497197423637295     
  0.495751114300563     
  0.525831068987985     
  0.493789353913150     
  0.458147910595292     
  0.484885766927403     
  0.533086425410172     
  0.517688921604225     
  0.489271033641965     
  0.480142166456636     
  0.487719165818326     
  0.543650929776562     
  0.482152978210587     
  0.484285638715446     
  0.496463239444520     
  0.471517743905077     
  0.440824118096401     
  0.465300731624990     
  0.468950289826953     
  0.478010688851119     
  0.532773605317276     
  0.548459820832444     
  0.512318041522282     
  0.510041452137441     
  0.514693350044272     
  0.496874951489497     
  0.494256248269855     
  0.476675310447030     
  0.555703183930153     
  0.483612980208726     
  0.458890988728689     
  0.489853487341619     
  0.489108462348029     
  0.501216031653673     
  0.461304604006093     
  0.486231280158368     
  0.524735903029594     
  0.467555507498507     
  0.511963510854140     
  0.486289704090540     
  0.521913373576249     
  0.495844041905098     
  0.456456734925699     
  0.453808031191851     
  0.525466742601002     
  0.465021238167197     
  0.486227798942043     
  0.450737334651501     
  0.499684760901957     
  0.490290138864600     
  0.495754660392060     
  0.483493028032563     
  0.491776260724068     
  0.501952339452716     
  0.484031687616040     
  0.468869438815440     
  0.486012569415667     
  0.549879999892393     
  0.528251739044207     
  0.527178310092189     
  0.484097225590776     
  0.493995526011880     
  0.478978098752196     
  0.480679967482886     
  0.506500443017077     
  0.534336902879856     
  0.548961041236542     
  0.520424580519808     
  0.471397864481069     
  0.494839837471412     
  0.482396946940603     
  0.471473202889395     
  0.514515964630529     
  0.522320526754795     
  0.508886801140603     
  0.487527832302985     
  0.523554348856168     
  0.481225469175105     
  0.437331940928427     
  0.473933392499598     
  0.480819116331634     
  0.484662377360649     
  0.444550619239139     
  0.427066804174044     
  0.538303859988046     
  0.485667658850431     
  0.459427008335842     
  0.502155388772784     
  0.473614671077862     
  0.491419381954022     
  0.478838058650047     
  0.463583605092298     
  0.567222783526015     
  0.523028943247370     
  0.515236917492438     
  0.474075527766830     
  0.477486272267230     
  0.508433911048840     
  0.491891095533439     
  0.466267170609591     
  0.506195031826672     
  0.489344277189868     
  0.482692067323139     
  0.510028007408609     
  0.495112856950071     
  0.513461027194832     
  0.518513892829166     
  0.462399671304483     
  0.486054384437396     
  0.521813566643687     
  0.521755828041405     
  0.466264699269376     
  0.465983687018704     
  0.526774815583761     
  0.474435673945250     
  0.467825811130217     
  0.518741454312975     
  0.453677515965603     
  0.492109627143628     
  0.494031974381421     
  0.485402603626198     
  0.483412186514836     
  0.530235414841858     
  0.507080629950828     
  0.474754093661714     
  0.472256559943894     
  0.478568933442515     
  0.510740643506842     
  0.459261702118399     
  0.471844549250728     
  0.451366526819860     
  0.470508883207912     
  0.516415403579070     
  0.496527255020608     
  0.476543397207122     
  0.503981062187689     
  0.493755633223983     
  0.500709289555519     
  0.551440081491054     
  0.486526423599111     
  0.464680769277500     
  0.494081720794610     
  0.447530492210033     
  0.298314658997015     
  0.327577285409185     
  0.332100543215923     
  0.371573036373657     
  0.273956246407623     
  0.317839381193276     
  0.357600644296027     
  0.394839127830844     
  0.370265845376108     
  0.361715253793296     
  0.374445460023809     
  0.350993168464358     
  0.375664752406893     
  0.445507266918966     
  0.366572666279606     
  0.316602008374203     
  0.324477000542182     
  0.285849006680313     
  0.409161943592745     
  0.321133168793905     
  0.308947046058826     
  0.461118604702167     
  0.288255934129980     
  0.333263427342849     
  0.337074586772502     
  0.341776056347420     
  0.313067743523633     
  0.323472272241596     
  0.418335196481654     
  0.376992069473259     
  0.473098112997477     
  0.295905752564593     
  0.365825553911749     
  0.344565220335688     
  0.317240312192824     
  0.347194607546024     
  0.261504795653554     
  0.375336922508810     
  0.341705329776057     
  0.328188667124365     
  0.466111966803346     
  0.321480006942569     
  0.304515647755475     
  0.402261629062470     
  0.473371133322749     
  0.362095032802581     
  0.364858823234582     
  0.439534719420552     
  0.378010065194529     
  0.337016014279249     
  0.295728686382148     
  0.332369560596048     
  0.349526425912486     
  0.259138838181709     
  0.286324821112947     
  0.303901758007020     
  0.352115080918393     
  0.393072597858217     
  0.407571888140270     
  0.302859105386017     
  0.269398875450024     
  0.368704962581048     
  0.346932735092897     
  0.290504436553055     
  0.438682962383661     
  0.371506188215317     
  0.364536912619248     
  0.385743037251245     
  0.370479917619453     
  0.314850223054158     
  0.278964990443018     
  0.344727954327689     
  0.359822761860861     
  0.298849904740460     
  0.404843737860940     
  0.390298044556101     
  0.315616365168073     
  0.285166187580542     
  0.338081551491601     
  0.274519338809688     
  0.314916340494769     
  0.349753514883624     
  0.403592795825022     
  0.325573014824390     
  0.248905252134625     
  0.312724384495656     
  0.380652000311462     
  0.343385954877955     
  0.361377686712559     
  0.364142135648038     
  0.265322581459583     
  0.357019427751193     
  0.308422748416122     
  0.341858472901418     
  0.311260439952952     
  0.326208359161665     
  0.270643386802241     
  0.445995938214631     
  0.335614981432054     
  0.363943909448335     
  0.422102687996840     
  0.272655019038074     
  0.287589197697513     
  0.260549905674844     
  0.339355486158909     
  0.302832721461733     
  0.300622565252253     
  0.368759346345183     
  0.289762996724184     
  0.338577337943356     
  0.344352022611028     
  0.338623128628695     
  0.353242628927957     
  0.295048597956952     
  0.390952345021816     
  0.351091442397184     
  0.470853152144759     
  0.405159244479580     
  0.404022277020819     
  0.312184358072208     
  0.360276481195785     
  0.427999713828063     
  0.323861724354848     
  0.362231688996312     
  0.307775479540107     
  0.395819718770767     
  0.449779003861239     
  0.299630595492544     
  0.410093106937742     
  0.381271570967640     
  0.379301696635300     
  0.353378577909580     
  0.356955092064389     
  0.312885760736915     
  0.301374333248470     
  0.358615543729373     
  0.323903206331363     
  0.328883666011256     
  0.312698792488233     
  0.346608155544945     
  0.353673168436582     
  0.287097492195070     
  0.318058681689884     
  0.369024651251705     
  0.426460536028840     
  0.312926325803125     
  0.425487036817490     
  0.330094207462650     
  0.395208967405001     
  0.342551592392742     
  0.350921821760724     
  0.332116587880922     
  0.321885115678800     
  0.377714096998283     
  0.358643537966711     
  0.255582814191941     
  0.334271468757754     
  0.407388085886688     
  0.338933569790986     
  0.371765474715544     
  0.355197016367834     
  0.349681503960422     
  0.373028341520824     
  0.330505215476502     
  0.359490586241779     
  0.330033243472373     
  0.346352197244450     
  0.303895025495787     
  0.364480294870960     
  0.396869676537870     
  0.366286529254416     
  0.364792127671728     
  0.339539352702924     
  0.375149001413759     
  0.338310541895209     
  0.307426865140987     
  0.334882368810934     
  0.452311827339127     
  0.394280510286857     
  0.332389462442282     
  0.322183311311029     
  0.338376389057208     
  0.367008772346282     
  0.339590663222842     
  0.269969615384405     
  0.371230380994371     
  0.282112545950367     
  0.365242739797218     
  0.364730017321009     
  0.300354796379329     
  0.364030803301177     
  0.334494984655986     
  0.348160052390538     
  0.304085283253547     
  0.294054177184074     
  0.280998225384632     
  0.333934012833767     
  0.403303285113323     
  0.365171181327073     
  0.308431649690632     
  0.304423404717662     
  0.378039342490813     
  0.318340544203366     
  0.349479296834445     
  0.366347769571417     
  0.285232566418401     
  0.391639676005206     
  0.347733730202353     
  0.330012812467192     
  0.382840349113474     
  0.381155171319188     
  0.337624618501286     
  0.300482457664405     
  0.366228187226899     
  0.393279887607972     
  0.290104418779212     
  0.377231240400335     
  0.386198564595472     
  0.379738527546116     
  0.305993389554817     
  0.377941419793660     
  0.355717327599250     
  0.371333069979197     
  0.351594006387135     
  0.307836822629572     
  0.292593857318650     
  0.273133419282275     
  0.297912906036450     
  0.374115504053110     
  0.345312929617723     
  0.442466124763905     
  0.333389022853696     
  0.311982358334123     
  0.290475380173632     
  0.337318420775109     
  0.403910427386179     
  0.319348066536991     
  0.362032289031607     
  0.362385018148575     
  0.354001762453980     
  0.337351045659556     
  0.373969017426330     
  0.375635724122758     
  0.323979745223867     
  0.369021434243135     
  0.282957227671681     
  0.380434720346824     
  0.269894922658152     
  0.357645564495548     
  0.356350229495876     
  0.342409190295802     
  0.359416826473877     
  0.358316574482538     
  0.360478486802464     
  0.461751219782613     
  0.375356993629547     
  0.302297966758020     
  0.359874862230850     
  0.304566361990875     
  0.361766832553992     
  0.397322005030070     
  0.294631247988660     
  0.351130888925551     
  0.326943327587543     
  0.300928966549047     
  0.395151677121526     
  0.330808807297453     
  0.272060175374106     
  0.371599593875768     
  0.327026741546703     
  0.359944630074774     
  0.297193511838491     
  0.230443750569480     
  0.409685945934223     
  0.362115355904094     
  0.371005887392406     
  0.357454721143662     
  0.246976771684419     
  0.373373309765029     
  0.306183723366526     
  0.378337987920831     
  0.317880266496499     
  0.550523193143686     
  0.343575487764072     
  0.445035705250602     
  0.389748140491219     
  0.360080314840178     
  0.335949397717227     
  0.333070212475410     
  0.313090636253007     
  0.349560743706294     
  0.362093797999435     
  0.409216734979530     
  0.285515050960791     
  0.317296799003513     
  0.331014735380391     
  0.296335436791772     
  0.382023776031765     
  0.341956276497491     
  0.427936735857723     
  0.401512886336456     
  0.436710981859604     
  0.343780944887804     
  0.357997153548735     
  0.356675234059958     
  0.320516383017503     
  0.351171145964357     
  0.258176298293333     
  0.319597201870813     
  0.465262347896871     
  0.385576460716230     
  0.343119161351786     
  0.345189733005058     
  0.368560768172110     
  0.317847613182849     
  0.326235183332562     
  0.347445433867913     
  0.372392502492615     
  0.311641817284011     
  0.377327087242508     
  0.298999210066845     
  0.417712960745926     
  0.363402161238405     
  0.416060264322679     
  0.326020035145725     
  0.467632158450609     
  0.369345270143044     
  0.340388276517833     
  0.375042928192222     
  0.329428421578327     
  0.288473660561213     
  0.361540323329066     
  0.334413500409176     
  0.452960599616927     
  0.352120645839448     
  0.325137957733053     
  0.300981592889673     
  0.310255812407464     
  0.421675796529618     
  0.398339738194620     
  0.280719470378190     
  0.357751285151273     
  0.319294762796724     
  0.295622551582937     
  0.360056552398992     
  0.295128216473860     
  0.418428692322688     
  0.373879232380276     
  0.346098902061867     
  0.304350837716954     
  0.397614968271097     
  0.361052914565884     
  0.335807054116430     
  0.305259179189758     
  0.320334787539151     
  0.394156146618016     
  0.344716795255873     
  0.374346582648259     
  0.347410703804731     
  0.356423096673976     
  0.490302127069466     
  0.322347745533076     
  0.367408383609072     
  0.330038494139819     
  0.399347318351610     
  0.284503092361684     
  0.370776473541937     
  0.320459854362621     
  0.281749203356533     
  0.369501718110782     
  0.332450519195210     
  0.318628802191895     
  0.320931037670671     
  0.351124208066247     
  0.325417546630378     
  0.387286600273373     
  0.336786586811783     
  0.402644260342746     
  0.358086613081051     
  0.370095356919374     
  0.383140029368303     
  0.340803302393129     
  0.299310414467956     
  0.381480407738977     
  0.319645687288904     
  0.285714767598533     
  0.484859035181315     
  0.342613963883802     
  0.327883540132100     
  0.375973553095094     
  0.324639947968484     
  0.382633049801637     
  0.289750649217912     
  0.370254381981526     
  0.381170668891154     
  0.428467794788299     
  0.417762434024125     
  0.323671873210795     
  0.423803953399463     
  0.286656156077727     
  0.317575786750805     
  0.401362677992826     
  0.378430126832809     
  0.281822980092109     
  0.349444230674354     
  0.325669802653778     
  0.296155623564185     
  0.322050891430817     
  0.373292084871776     
  0.393469114968433     
  0.362732923707329     
  0.308760019570504     
  0.283086753336390     
  0.397192659506940     
  0.421480551490076     
  0.283733456088986     
  0.410609774566172     
  0.361529099266437     
  0.393536752567283     
  0.305757116282833     
  0.345780069246273     
  0.385172559527177     
  0.302717565646746     
  0.317039648290450     
  0.333229171218746     
  0.345217420138299     
  0.299226680696488     
  0.327441776231250     
  0.356847187291353     
  0.323128133745303     
  0.364249758708567     
  0.304274745987951     
  0.418656038592501     
  0.360188174648293     
  0.338536801627403     
  0.298910955731380     
  0.338285686247364     
  0.290922639038178     
  0.372110328205915     
  0.293800098970062     
  0.411119944891499     
  0.404728961788937     
  0.376325754826706     
  0.249316464027642     
  0.310409701176132     
  0.368017499804516     
  0.311167920592896     
  0.324485139965580     
  0.361615360149851     
  0.424393108916117     
  0.379993613735364     
  0.429598383598371     
  0.390023778660154     
  0.379292728066140     
  0.366950101639218     
  0.335638787795346     
  0.304080898272828     
  0.288339914014739     
  0.432267259259530     
  0.302286720141170     
  0.295465464585009     
  0.418823495596956     
  0.348868080550703     
  0.359773363806147     
  0.358381545020401     
  0.371222593704401     
  0.312417523301849     
  0.337834151587140     
  0.309228599718237     
  0.312147696263318     
  0.379164531436132     
  0.318108132786924     
  0.309833961374398     
  0.379827802373217     
  0.288496895325606     
  0.340196877745663     
  0.334475008122514     
  0.422689090002890     
  0.329651199448843     
  0.355529116936963     
  0.297816064877283     
  0.348693991176013     
  0.361284267329123     
  0.310191341009817     
  0.375671076008328     
  0.360534211046437     
  0.375467638119913     
  0.416940315147653     
  0.300651213176631     
  0.367286861710260     
  0.393383353819750     
  0.330626802402364     
  0.375841050186368     
  0.352426175828758     
  0.239596394334987     
  0.412370019954758     
  0.282230761381368     
  0.310798079481691     
  0.366106510652674     
  0.287441996363473     
  0.382976048369395     
  0.341332143129207     
  0.352747063984846     
  0.366740489747929     
  0.323868565062956     
  0.356976128947538     
  0.333906668218523     
  0.372167467204871     
  0.332134081083164     
  0.299077041149152     
  0.318456770679398     
  0.318763914596135     
  0.362771165946090     
  0.331289666962180     
  0.331726139969492     
  0.370959785396689     
  0.421894018311653     
  0.448353786812409     
  0.285214904343189     
  0.377936440950603     
  0.345844750913110     
  0.396686673914671     
  0.335426387192097     
  0.283398776579513     
  0.349901549051069     
  0.372153799409992     
  0.324424335372981     
  0.294988745539019     
  0.331488743681794     
  0.343284789672219     
  0.331194255223734     
  0.238731478657131     
  0.345493117543679     
  0.287552611653171     
  0.301851401020680     
  0.368843485914842     
  0.312506518604575     
  0.271614822104136     
  0.363015551419894     
  0.340982865895746     
  0.428258768512046     
  0.368474679941286     
  0.322328702653488     
  0.293946216658157     
  0.292040113058064     
  0.404173389418549     
  0.339984757705245     
  0.320660808239614     
  0.321634127741959     
  0.299610281550180     
  0.394364602179468     
  0.269182799819319     
  0.316255880440389     
  0.349398833625138     
  0.251738454785201     
  0.324836573206773     
  0.323721501373491     
  0.395817433099713     
  0.383847523551389     
  0.411711162636370     
  0.385422585125880     
  0.390032941344476     
  0.374724598766470     
  0.343429753316063     
  0.378910779068196     
  0.327755579709675     
  0.280785016085221     
  0.322585482668537     
  0.361534423913897     
  0.369045291315171     
  0.332120271194584     
  0.367568745114903     
  0.323247837635506     
  0.438038861149748     
  0.309355050187782     
  0.353606595433167     
  0.371159613075555     
  0.361582885173846     
  0.404895156810208     
  0.417542931870007     
  0.335315632059211     
  0.360124958206671     
  0.396243732391097     
  0.373703251129920     
  0.289808970379906     
  0.294912627322518     
  0.362382780018048     
  0.384454874643305     
  0.355084848139118     
  0.328179966922811     
  0.343537427923917     
  0.297066923409093     
  0.360645732968310     
  0.409860160330271     
  0.417949789257953     
  0.275576695539453     
  0.275243504886684     
  0.311175405794699     
  0.357514278717252     
  0.350974293676131     
  0.427703698617457     
  0.351079318438492     
  0.341146869293412     
  0.404967542443924     
  0.293209985763438     
  0.354668847833581     
  0.314334513784944     
  0.418684719665373     
  0.361961100172327     
  0.354504901306078     
  0.458738805762732     
  0.267981779012987     
  0.379383108202118     
  0.364144533750907     
  0.310191359382035     
  0.391017032685595     
  0.350665757790832     
  0.303711647117633     
  0.392117934991169     
  0.327262400039087     
  0.362115771264628     
  0.484518345543954     
  0.294447742240475     
  0.378630890043231     
  0.400112970099579     
  0.391533927803765     
  0.389879884916549     
  0.394066540209768     
  0.430511799529309     
  0.368620717960965     
  0.419404362504932     
  0.263832390112289     
  0.328803442159624     
  0.319234123742778     
  0.397905072183660     
  0.321207664750730     
  0.342055652116269     
  0.320761264275172     
  0.414742660019473     
  0.354661078964529     
  0.364485701653751     
  0.339952342412173     
  0.305433523292756     
  0.286957242863480     
  0.373379765719016     
  0.368399525501386     
  0.376725113945772     
  0.353597158480206     
  0.389107045591360     
  0.360333032339002     
  0.328699088347250     
  0.322041461233423     
  0.317631388608468     
  0.316042338220687     
  0.382425767072836     
  0.400539461931469     
  0.391993399417468     
  0.364270475515378     
  0.313908672277559     
  0.326252054356867     
  0.307757800534567     
  0.310835623107672     
  0.403468239234642     
  0.372168234465191     
  0.329175744281989     
  0.374326863513335     
  0.404420346150483     
  0.396366883539818     
  0.330560527788692     
  0.345888505716830     
  0.306708520189104     
  0.469919400829248     
  0.368424445618762     
  0.368932027603581     
  0.377869908023944     
  0.350571025475850     
  0.451298856566321     
  0.361594598791115     
  0.312504694095315     
  0.299302145785492     
  0.377849694239942     
  0.370581272503960     
  0.295407841118182     
  0.354638158728051     
  0.297695712439574     
  0.384597196872606     
  0.344738969254407     
  0.333312510826923     
  0.284530300081786     
  0.308414881497590     
  0.260185436670587     
  0.376273806270436     
  0.373886603574582     
  0.373677264839884     
  0.288547018144586     
  0.353747399585297     
  0.335854908107112     
  0.321129812405219     
  0.282016461782475     
  0.318634122937026     
  0.438901871931585     
  0.348061863572497     
  0.345190684527998     
  0.353144688320043     
  0.321044289747789     
  0.309882334362283     
  0.356973728397515     
  0.314785773390558     
  0.283977149668417     
  0.434859988746441     
  0.364496993546188     
  0.356274748981152     
  0.345769791273341     
  0.231426344461361     
  0.340879405960322     
  0.369946261472724     
  0.323212229974147     
  0.296135984694944     
  0.350340351116085     
  0.450054423322928     
  0.366534958300583     
  0.295613400603554     
  0.346261339652210     
  0.355512154764028     
  0.395278925220975     
  0.346093963223851     
  0.339922103857761     
  0.299609037689298     
  0.284598901041931     
  0.381313545566211     
  0.312429133489807     
  0.356219121721254     
  0.309852847287989     
  0.304047590730398     
  0.313540507906996     
  0.424786485840805     
  0.340424073825583     
  0.307831039417774     
  0.346954863310635     
  0.383104432838519     
  0.322177012703793     
  0.357160270024844     
  0.294241574155446     
  0.391374543441256     
  0.357614506969399     
  0.269100423809591     
  0.395843001814223     
  0.309174432328141     
  0.410418572355728     
  0.391021521778643     
  0.396531951956410     
  0.339387974028675     
  0.323769843344641     
  0.432833528235561     
  0.356720367446036     
  0.416089095063101     
  0.401290493319605     
  0.283422473848323     
  0.332877811667524     
  0.359928065247025     
  0.349565160194107     
  0.413021428107627     
  0.320934318531141     
  0.374708576354490     
  0.385591298526283     
  0.352153401431660     
  0.433150658106046     
  0.366781686419151     
  0.328482810796051     
  0.368766866668517     
  0.369172826677902     
  0.388187807037538     
  0.373221426076176     
  0.360258183731532     
  0.380598140705635     
  0.346386310212628     
  0.323798767426983     
  0.457395440209024     
  0.306370746355931     
  0.377842330000348     
  0.352853579863994     
  0.373792347431461     
  0.321694929654724     
  0.448752844328902     
  0.344512524154989     
  0.318059513867105     
  0.451035973343575     
  0.287782275396421     
  0.372982836810253     
  0.364999449067755     
  0.338768015985240     
  0.333522812727559     
  0.336489114701137     
  0.347221978870205     
  0.327979042998764     
  0.312756085959497     
  0.342706207783661     
  0.315042646492227     
  0.320771374579555     
  0.291338728909320     
  0.340271311289507     
  0.286893585651312     
  0.320368039796965     
  0.273940010874475     
  0.353840328280462     
  0.332211687716595     
  0.293819049909522     
  0.355598775280200     
  0.259029727202352     
  0.291591553684749     
  0.325167565683451     
  0.320267499089212     
  0.403904507015495     
  0.347066783815317     
  0.337020291860746     
  0.414723431329930     
  0.383349812616435     
  0.315343042687096     
  0.441282943364423     
  0.428020605877628     
  0.367723853138567     
  0.344636016613511     
  0.329235090754387     
  0.272073086314077     
  0.347589803058448     
  0.294261285155401     
  0.342355655554073     
  0.303134089820634     
  0.436695683353048     
  0.407724388226962     
  0.337293771682821     
  0.324775715530151     
  0.268530747527887     
  0.379677525541521     
  0.316701556656139     
  0.355277511982815     
  0.372228242807784     
  0.325132842694052     
  0.351620509707131     
  0.379031703204922     
  0.309999131864945     
  0.363665583335630     
  0.281746639363368     
  0.375781498297541     
  0.346590421583968     
  0.332722248698154     
  0.346826278931691     
  0.369316877016902     
  0.392037411454923     
  0.286959906609460     
  0.377439114325171     
  0.373237864987134     
  0.355969338359392     
  0.389945117402724     
  0.342656843146300     
  0.357184245458756     
  0.322747030921587     
  0.300613595843665     
  0.293835046827481     
  0.383206350128257     
  0.352190723566209     
  0.260530319104964     
  0.327129433973457     
  0.387919919896795     
  0.351036827444954     
  0.308841838069998     
  0.359068315265441     
  0.325840490469560     
  0.456759338673652     
  0.348489276940894     
  0.271518372660792     
  0.350931334732937     
  0.271970493995299     
  0.297604097149910     
  0.287290415896799     
  0.286797844134002     
  0.351369794591297     
  0.441132264566163     
  0.378146274727093     
  0.339565872730131     
  0.302862476943005     
  0.412499233757065     
  0.323001944952614     
  0.318278107562574     
  0.320880247502556     
  0.435170439697759     
  0.331434910314407     
  0.287927527366953     
  0.340204064732974     
  0.329262128654806     
  0.411633410173033     
  0.286253917266804     
  0.272365252847426     
  0.323784146768350     
  0.313356818840901     
  0.401535040686484     
  0.345816857013476     
  0.424436955868006     
  0.329002511770473     
  0.270139327014735     
  0.269335215742753     
  0.360987229037836     
  0.305480321019984     
  0.289114071020386     
  0.257991865784940     
  0.336032462085059     
  0.322530279698198     
  0.335871925123007     
  0.279591258207555     
  0.414736565540365     
  0.355201915337901     
  0.262049170016556     
  0.285803994247778     
  0.347682257467465     
  0.392155072885949     
  0.366771799878050     
  0.373511838188872     
  0.328284866627989     
  0.330494126541547     
  0.374735467641457     
  0.366629707660639     
  0.321555593961534     
  0.387525701094305     
  0.429974088215047     
  0.358999948426177     
  0.337893091135200     
  0.352444487781354     
  0.306140424103833     
  0.360109265810600     
  0.378342713634002     
  0.409065645504195     
  0.356714978978015     
  0.346525185793829     
  0.396622326112785     
  0.325433166778765     
  0.279323529946007     
  0.327093883206725     
  0.280579505672504     
  0.331034219366823     
  0.251099549231471     
  0.253346032892278     
  0.410850394550383     
  0.370548503543202     
  0.343752426484487     
  0.335905089864669     
  0.284027804739010     
  0.353765117526719     
  0.290861231382342     
  0.328408912026829     
  0.435539041577874     
  0.354925001093247     
  0.366303418637044     
  0.317270226363608     
  0.305884204269631     
  0.323991983132970     
  0.353928018651905     
  0.294298905250795     
  0.317670897993648     
  0.370476621832265     
  0.293089173720478     
  0.405054502957313     
  0.361214285857366     
  0.343111216073400     
  0.412793665186083     
  0.262419386746985     
  0.347927888740442     
  0.352777408365258     
  0.381578931352616     
  0.328603559065137     
  0.337822992050086     
  0.418043457115652     
  0.380774803723544     
  0.296643316875055     
  0.322984282837966     
  0.337432160894533     
  0.359332578224255     
  0.393940185726252     
  0.302899054417387     
  0.339897341506553     
  0.354112720710827     
  0.349071330125360     
  0.297023670182121     
  0.301197871853328     
  0.318130832350432     
  0.403401923199920     
  0.324936612360169     
  0.287571546710857     
  0.270037502209623     
  0.363680535469548     
  0.365967708866098     
  0.346108383077686     
  0.345747981722436     
  0.392442694446491     
  0.318356476908421     
  0.353992972789782     
  0.446596688772718     
  0.313103653925952     
  0.283458101990176     
  0.327466887334284     
  0.276884692940473     
