  0.488092931443162     
  0.503656657751330     
  0.548609833486518     
  0.451238366493911     
  0.550591275042645     
  0.539425156359646     
  0.548325423997889     
  0.497294255629574     
  0.510353463132776     
  0.497779000325373     
  0.479374238088929     
  0.476062226783789     
  0.519295994100650     
  0.522294583949969     
  0.504460293696776     
  0.521922550846060     
  0.484921292559162     
  0.527688710161862     
  0.515852959914883     
  0.475505801065498     
  0.488316524035220     
  0.495462091469239     
  0.482317178629200     
  0.496962327312021     
  0.521275715256580     
  0.500492785331264     
  0.466617585120666     
  0.518457301277010     
  0.528653939964905     
  0.521248054949656     
  0.502865045793060     
  0.481033604505913     
  0.511460653658064     
  0.483700157195230     
  0.521984291964946     
  0.518555879916326     
  0.521403060401317     
  0.516070332031473     
  0.499515678601508     
  0.491973756877647     
  0.509083874985405     
  0.524287937856431     
  0.533364904017111     
  0.494875052019158     
  0.475648879382771     
  0.511167024099119     
  0.555046795143617     
  0.520245164968731     
  0.480426533345512     
  0.461475384514956     
  0.536788415299467     
  0.475026676689574     
  0.472875063164108     
  0.528980560352867     
  0.513684160176433     
  0.518777801156377     
  0.503464417255562     
  0.473128510560268     
  0.445397865545752     
  0.477501835706157     
  0.472644980074950     
  0.516650683961147     
  0.481502108252714     
  0.481991249034253     
  0.472802186285173     
  0.496618409260524     
  0.470328944089235     
  0.493514606485221     
  0.493677483826324     
  0.502802051249749     
  0.539603797756507     
  0.503677110835010     
  0.467403170515590     
  0.541070091265396     
  0.549703821528019     
  0.526634213878959     
  0.481006626763939     
  0.472853378127880     
  0.478084566044669     
  0.475717207080691     
  0.470237727075454     
  0.530821878726261     
  0.515468969679351     
  0.463916098620357     
  0.537055565039988     
  0.444472015628607     
  0.451008236494747     
  0.484409959624263     
  0.491913984464641     
  0.472447779578276     
  0.521432961704946     
  0.502395569671995     
  0.496239233382743     
  0.537800343867377     
  0.503916776650844     
  0.515880904403932     
  0.543583917534446     
  0.471589772697063     
  0.483414082393419     
  0.544028825468762     
  0.519460412206908     
  0.509587099611011     
  0.517428702026556     
  0.486397575370147     
  0.456640452228895     
  0.477368695422408     
  0.526281452896931     
  0.500895816368454     
  0.490039754978637     
  0.497309898699003     
  0.488779118584543     
  0.510967266968011     
  0.506667518133502     
  0.477939812016872     
  0.476915696836744     
  0.455293192965675     
  0.485573042671958     
  0.441938368682779     
  0.462419897119526     
  0.502088362458171     
  0.482883867118912     
  0.489099552077683     
  0.533925456374398     
  0.485587351368009     
  0.484337581889709     
  0.498021922707656     
  0.458888805830655     
  0.469380920378024     
  0.517190809566036     
  0.475090175704762     
  0.497659491023739     
  0.500991450169896     
  0.545246610918415     
  0.509118096807852     
  0.499562622964856     
  0.530259730594147     
  0.479323723232527     
  0.529793322429424     
  0.498913741394305     
  0.492154945085059     
  0.471426921396086     
  0.471026828075948     
  0.505203601297711     
  0.505517866123117     
  0.465597471479627     
  0.513576735748426     
  0.519945763273952     
  0.494535633360388     
  0.520077530807059     
  0.551402622494340     
  0.483706975530609     
  0.556990848144216     
  0.475198342669461     
  0.507868863553407     
  0.494928093295321     
  0.438401752066101     
  0.519669172684088     
  0.487816691269027     
  0.465298033226510     
  0.475225131819772     
  0.528602959703630     
  0.474214651527675     
  0.500940501788457     
  0.512828476399494     
  0.533643966855928     
  0.483457338697455     
  0.498949363098512     
  0.503059094453399     
  0.503063065184381     
  0.536266939103944     
  0.492914418745240     
  0.514838682223649     
  0.486745284180155     
  0.455953869523371     
  0.505872650433603     
  0.515446930936815     
  0.502182993802552     
  0.495638458563766     
  0.498459729421209     
  0.466068069495035     
  0.500088852342087     
  0.507309366761254     
  0.535118543362880     
  0.492651184615114     
  0.492678933276179     
  0.494986892164612     
  0.560783690452904     
  0.498804071766379     
  0.457806850267243     
  0.512630585570335     
  0.499737955909524     
  0.483958760105678     
  0.519977947883074     
  0.489602622381531     
  0.472446703738592     
  0.515353801789520     
  0.481136668635638     
  0.511052074215330     
  0.497905934637483     
  0.498831637901922     
  0.533213196593197     
  0.481213468954958     
  0.502674686917756     
  0.447636301261817     
  0.541923113086903     
  0.493608236540415     
  0.535400680112044     
  0.532780596686581     
  0.452728183313783     
  0.459393867643459     
  0.492077090943845     
  0.461881992077286     
  0.526873711932574     
  0.470666007110611     
  0.516712122500096     
  0.463588951719109     
  0.515303975397309     
  0.517137676426838     
  0.491369304769669     
  0.541898473265604     
  0.496837880157152     
  0.479778346760024     
  0.521986790141060     
  0.489413779974517     
  0.466740415740254     
  0.482336024941668     
  0.533890475515505     
  0.488259039436102     
  0.475835355636463     
  0.527325522383023     
  0.526647942560660     
  0.496757069469964     
  0.471264851350753     
  0.480030993695426     
  0.513540848315533     
  0.482566261302078     
  0.511820504045368     
  0.494066966328631     
  0.512577972820722     
  0.454519490746250     
  0.524760439231659     
  0.509850381741835     
  0.490544401751710     
  0.551128907679962     
  0.552453415158246     
  0.503959208814183     
  0.505412921914267     
  0.513735362353102     
  0.481631925829310     
  0.484634817912195     
  0.478986057758836     
  0.541893116982303     
  0.457947841172766     
  0.492137415899668     
  0.512583626531684     
  0.452400118024235     
  0.481772586807911     
  0.532890548319915     
  0.465844655050866     
  0.491864316288343     
  0.510233814507718     
  0.452156882771318     
  0.515193280251362     
  0.533590787464643     
  0.545224335153826     
  0.449024478845648     
  0.485183253963324     
  0.515981913012878     
  0.510676218268649     
  0.493506020884397     
  0.507102275497569     
  0.479475784807281     
  0.562712693079895     
  0.526156270447801     
  0.488643525955294     
  0.475972334418495     
  0.456390555393858     
  0.486577979176747     
  0.519102573497227     
  0.557990685708812     
  0.542171909817240     
  0.477757992042277     
  0.521557810828572     
  0.503923785827017     
  0.513550326453597     
  0.509409252555476     
  0.512784766762288     
  0.560505771738620     
  0.519243969597919     
  0.482919684036934     
  0.556945890481367     
  0.477245532375699     
  0.551815971273899     
  0.514166048939048     
  0.563796386040123     
  0.468202991527060     
  0.492375701796194     
  0.512075901652503     
  0.480359254142382     
  0.529248019585554     
  0.497689232457903     
  0.502727989391408     
  0.533886730394578     
  0.509082133630654     
  0.524048064748361     
  0.551127052479585     
  0.509601769854068     
  0.482908210745759     
  0.544698082201783     
  0.518530982131994     
  0.502589751737138     
  0.493024286729197     
  0.520107280760088     
  0.522219166932729     
  0.473058574748555     
  0.468534094765622     
  0.494532012212005     
  0.463158927956152     
  0.458701595850685     
  0.451192583093828     
  0.495727561306376     
  0.523196491458781     
  0.509544755582431     
  0.520078128938701     
  0.537472512026446     
  0.479160436474092     
  0.514406751716224     
  0.510640116387502     
  0.490142504420780     
  0.538062771028348     
  0.553049867954267     
  0.483283637910363     
  0.477633616815936     
  0.514021211582902     
  0.511484919354193     
  0.499162092465769     
  0.479296414076971     
  0.466055696783252     
  0.543834791032879     
  0.525358865433102     
  0.521043433723370     
  0.446434569442980     
  0.510219717868492     
  0.511201199744170     
  0.508701618073202     
  0.534211263277773     
  0.498763701689539     
  0.532591064470036     
  0.495704728596647     
  0.476459286819447     
  0.446880077077504     
  0.491667382914620     
  0.447793716532625     
  0.532577039828354     
  0.504848846549591     
  0.478262683361944     
  0.456861584446539     
  0.524908644733673     
  0.535097155793909     
  0.497502144686775     
  0.473201569382093     
  0.493494511128708     
  0.508981762910320     
  0.512618744011745     
  0.459241771648131     
  0.470787493694108     
  0.526574733682861     
  0.513679463037970     
  0.481494197075715     
  0.526591303947443     
  0.540178270750835     
  0.488641429023239     
  0.485643948992782     
  0.490882607381816     
  0.497063368518704     
  0.480873927917622     
  0.499475308491584     
  0.532063041494587     
  0.474573622976527     
  0.526409453096166     
  0.507906188670245     
  0.518032240389007     
  0.525131220365708     
  0.559360674098672     
  0.507201547633967     
  0.529604650050072     
  0.477528359910842     
  0.522886660750589     
  0.499586892622484     
  0.513527521147923     
  0.492740782174590     
  0.509317372850260     
  0.510587044188280     
  0.509214767000187     
  0.526995391456377     
  0.475607956418009     
  0.521575458875797     
  0.563050764714152     
  0.480649941593511     
  0.502797598460761     
  0.474438969605290     
  0.450884854574908     
  0.543614198933728     
  0.490001790086009     
  0.455090970485025     
  0.512033569060728     
  0.533487707874044     
  0.549749557235336     
  0.498689920145410     
  0.512634912072654     
  0.467973861188327     
  0.533186451778541     
  0.509131064239939     
  0.510172570436669     
  0.506739075650026     
  0.494676149789228     
  0.511243534327106     
  0.520690384388537     
  0.495840266555823     
  0.493986529224978     
  0.524176486828371     
  0.501157436465292     
  0.480376554477841     
  0.550793081449948     
  0.522900976193004     
  0.491217602079204     
  0.489003858973291     
  0.439383518378211     
  0.518118125226432     
  0.507558521062219     
  0.496921463070890     
  0.487096115304880     
  0.490330507213275     
  0.501945936849517     
  0.523784161577021     
  0.478031275070525     
  0.491236765676946     
  0.500856442569769     
  0.476367375695478     
  0.487248240763029     
  0.527850643121693     
  0.464349210974581     
  0.472482339811336     
  0.531304022289655     
  0.475491973686116     
  0.508713241200053     
  0.475337988132144     
  0.478593420800103     
  0.467555972435557     
  0.524213017913900     
  0.465974129551837     
  0.470355052276116     
  0.464325394997082     
  0.495272022707579     
  0.501581829733694     
  0.551385491225772     
  0.513258791990732     
  0.556625325469766     
  0.545545348736810     
  0.522243160613807     
  0.494853216911896     
  0.500342766828485     
  0.447044679802044     
  0.480780614186146     
  0.479860791729332     
  0.491288678143049     
  0.515417267301478     
  0.539944990718342     
  0.487340485623972     
  0.465424401069025     
  0.512537987367023     
  0.445128058519112     
  0.485624468780460     
  0.555606076901045     
  0.505435859776199     
  0.503816854541980     
  0.520461597511776     
  0.498207683891839     
  0.539607900284867     
  0.510787989119128     
  0.491406976954871     
  0.486648058530019     
  0.480974882718268     
  0.509082291984611     
  0.476149783623715     
  0.511227789407031     
  0.520419476131124     
  0.479976675112747     
  0.494469358972200     
  0.482923847835855     
  0.497832910505509     
  0.438808777791615     
  0.529318459825477     
  0.462930513856285     
  0.548767255836784     
  0.522419304058044     
  0.570624968856325     
  0.510277616384665     
  0.530264848089129     
  0.500207412421475     
  0.452404659579302     
  0.522298864391698     
  0.489953105757961     
  0.524555191423742     
  0.513102753380437     
  0.462948800591610     
  0.475401889287157     
  0.538465799295566     
  0.457953847215700     
  0.522450664573890     
  0.532006783151092     
  0.487892692589471     
  0.483561686165144     
  0.483539154554101     
  0.469734573289496     
  0.522932342852259     
  0.495262652645665     
  0.498692995725548     
  0.496944277147408     
  0.477854056059404     
  0.527595785086451     
  0.554191472022682     
  0.504743070081026     
  0.484286255845787     
  0.526222647013232     
  0.535578228630658     
  0.474529944712010     
  0.476408731136761     
  0.521101879289663     
  0.501887835990760     
  0.578692810575139     
  0.486871655021937     
  0.494075721330072     
  0.517863098802026     
  0.482555497146513     
  0.518187915203065     
  0.518275852173401     
  0.444996801723344     
  0.499008186534267     
  0.486020132060468     
  0.480653924915402     
  0.455127153088027     
  0.508390782997461     
  0.560775525926266     
  0.524558544370271     
  0.499488853622655     
  0.474896784109007     
  0.473816911740959     
  0.527320586228527     
  0.530016597492653     
  0.506145599887892     
  0.461397143244544     
  0.531949143062002     
  0.497502065600289     
  0.469531207543722     
  0.476158190286316     
  0.481485610707833     
  0.534651135955481     
  0.467728776911989     
  0.477706830276111     
  0.450523088397037     
  0.496874704947652     
  0.463461223797504     
  0.488614860682806     
  0.513724311171644     
  0.506656357883364     
  0.483466138257402     
  0.501157092383749     
  0.525666356694950     
  0.525774142200425     
  0.483048286878873     
  0.501658478145858     
  0.501583335649052     
  0.491716111607142     
  0.542744386323505     
  0.532625344778923     
  0.466387077097385     
  0.460712046545576     
  0.479060979008673     
  0.506731106167536     
  0.507144663225200     
  0.557308251245171     
  0.460200711853620     
  0.477123924979124     
  0.509585130097646     
  0.492838826790669     
  0.505737481995466     
  0.497929121186235     
  0.484328670646993     
  0.490288109661614     
  0.553798128649218     
  0.497556595862126     
  0.496946574028110     
  0.468548240414931     
  0.523153131592953     
  0.523367744572916     
  0.525655177108838     
  0.497309378201469     
  0.523435280584565     
  0.504458467753071     
  0.518758520468139     
  0.484063767040491     
  0.481555400888528     
  0.510143378047012     
  0.518911610004907     
  0.455895735506143     
  0.477089695056204     
  0.457255201068933     
  0.497399225292156     
  0.474618216171169     
  0.543467699355480     
  0.477236319714405     
  0.488895568116885     
  0.542679128050238     
  0.522981156429796     
  0.510263199066873     
  0.542878844145941     
  0.489099817560247     
  0.546998864018383     
  0.485666997381052     
  0.543748155015041     
  0.509185299523189     
  0.512578441406515     
  0.488827956812751     
  0.494646949355964     
  0.512830929633848     
  0.493593860720078     
  0.523675164000151     
  0.512157146765463     
  0.508727227414400     
  0.500776294107695     
  0.525696020785512     
  0.542755519131462     
  0.498110300116453     
  0.523766796279215     
  0.471690170403153     
  0.504867890216626     
  0.497102886662574     
  0.425137922038443     
  0.498831951115065     
  0.505794652872681     
  0.578262862236933     
  0.505975809437940     
  0.506283864096707     
  0.506275937153240     
  0.505994456908051     
  0.471064013806067     
  0.481881008521012     
  0.498267632301690     
  0.530325913193772     
  0.495846139714349     
  0.488575192108642     
  0.540981793974689     
  0.502147661243226     
  0.472120393416271     
  0.471436530148183     
  0.489802908695138     
  0.455324395355428     
  0.489384854970567     
  0.518821246331050     
  0.454798897676629     
  0.511366483768579     
  0.515456087696072     
  0.509950314498887     
  0.507780971466749     
  0.516378724037097     
  0.469440540711508     
  0.519847020361241     
  0.436938607534656     
  0.489650621601617     
  0.520485245359190     
  0.518552707717910     
  0.468642857273241     
  0.454816175606479     
  0.493909368963849     
  0.519571953450109     
  0.464200564281090     
  0.488680479851920     
  0.457446872530475     
  0.516921098715414     
  0.483874000988428     
  0.517916718201638     
  0.517019750933288     
  0.521802407976339     
  0.536209363344538     
  0.495994397968960     
  0.497410006822453     
  0.536665938208044     
  0.478229044363241     
  0.491215054670879     
  0.509559553294222     
  0.555439660859134     
  0.506100208782893     
  0.482938203880213     
  0.499771292421747     
  0.493628086143199     
  0.484720641213160     
  0.458480595244204     
  0.505293798769899     
  0.491780518278825     
  0.516952133556976     
  0.509792515947139     
  0.528608100790351     
  0.472835293819224     
  0.504436590486636     
  0.478632933885784     
  0.482710613666532     
  0.477685742095204     
  0.514390323700435     
  0.451944878136772     
  0.469603476855593     
  0.486734568665548     
  0.485974106292141     
  0.493743414256200     
  0.522236188648116     
  0.517813066873908     
  0.481909828409783     
  0.558002792098053     
  0.518121978062571     
  0.494823676174722     
  0.515184392068336     
  0.540434631263196     
  0.514474133059140     
  0.492688636651593     
  0.465651571930462     
  0.470016306296006     
  0.468426617987151     
  0.485918941784098     
  0.456329662773294     
  0.484034859775427     
  0.475062935368844     
  0.492897718374376     
  0.518133727306519     
  0.516277017957581     
  0.538126757651801     
  0.505525270447882     
  0.504473514160042     
  0.493951333661736     
  0.484938385477307     
  0.513247080232417     
  0.523148734630482     
  0.540844974905816     
  0.539579182025836     
  0.474323988067609     
  0.513275897287010     
  0.535456636423228     
  0.536566560408375     
  0.457661341549477     
  0.491452377097767     
  0.465111506488937     
  0.517100304031700     
  0.506952387019150     
  0.533077526406569     
  0.499144762937687     
  0.495676451782232     
  0.468969828757575     
  0.530968947023260     
  0.523997406741100     
  0.499869979732152     
  0.508585275138428     
  0.490487080156439     
  0.547447162446422     
  0.520455238785999     
  0.463091141128508     
  0.509799933632382     
  0.492541927205193     
  0.496163768022284     
  0.486544013788776     
  0.500228849249360     
  0.479350017407125     
  0.483837785416674     
  0.515839928517454     
  0.476349564025254     
  0.515270517946653     
  0.471481070719637     
  0.527870541293391     
  0.493359067110282     
  0.515209402024683     
  0.501529652000572     
  0.493768986156448     
  0.459990381849424     
  0.523841908940000     
  0.477910328228849     
  0.528456351208790     
  0.501308586749852     
  0.519564172603967     
  0.530538462036883     
  0.543169304479394     
  0.493738475773901     
  0.514602440114759     
  0.500239185158411     
  0.511498490564439     
  0.499537893223503     
  0.528595063447489     
  0.544667041695174     
  0.525339578972306     
  0.483760012707411     
  0.469352292771684     
  0.465518324254298     
  0.459409111093178     
  0.520024708804897     
  0.478910021729652     
  0.561633728265161     
  0.491139806839200     
  0.527490339030210     
  0.480960149764803     
  0.487350246410571     
  0.503576796823853     
  0.518610219451235     
  0.485255008122094     
  0.499636141897248     
  0.436640089472090     
  0.488210035743276     
  0.510688845791056     
  0.502217584939311     
  0.487348052104561     
  0.490039371178478     
  0.481887589978372     
  0.509643133617672     
  0.520863757934604     
  0.499715258390506     
  0.483177238023246     
  0.520776497696574     
  0.525976774338943     
  0.506789457583173     
  0.468228734191147     
  0.460720320679735     
  0.530107840466933     
  0.487199673715903     
  0.528158041329586     
  0.497153296607091     
  0.474147260489182     
  0.496744420171177     
  0.511789556464397     
  0.498160840260080     
  0.487838144244447     
  0.497144248120393     
  0.568416652050628     
  0.464691510454454     
  0.477029379821376     
  0.459809825689150     
  0.488291425489761     
  0.521568115541391     
  0.516389681891616     
  0.521921633803658     
  0.532136443743970     
  0.496027137608441     
  0.497344565320459     
  0.482760141132052     
  0.515737368977514     
  0.488269592197632     
  0.494395242815467     
  0.553611135339445     
  0.484373675755463     
  0.477699909304743     
  0.488511646097965     
  0.508511379555511     
  0.507174217322897     
  0.525150148004413     
  0.571598632514860     
  0.542575662354936     
  0.497115946736537     
  0.506565593568058     
  0.523658855066235     
  0.474550696562432     
  0.491313859246687     
  0.496297926488943     
  0.548269809387108     
  0.457050568595034     
  0.481119791344678     
  0.493645718768518     
  0.510399870109649     
  0.465711551166227     
  0.485723563274886     
  0.514326374451081     
  0.551088043702732     
  0.518409171036441     
  0.444231595969226     
  0.470237675606533     
  0.461421534196128     
  0.461056204242114     
  0.500452019605038     
  0.521916739921368     
  0.504967440620561     
  0.489236557777020     
  0.518780854787781     
  0.475512469757633     
  0.555713707774832     
  0.501924152682263     
  0.542238001240041     
  0.526751809018547     
  0.519371496484178     
  0.497135710664441     
  0.425577674352722     
  0.535586156499332     
  0.481816288164500     
  0.465343154350461     
  0.546339012528856     
  0.491203218961319     
  0.487186590431394     
  0.523486432648771     
  0.512852821642141     
  0.507185133091433     
  0.456613310609197     
  0.497501836359286     
  0.496107094460710     
  0.498232440809126     
  0.480955127302554     
  0.553138751895419     
  0.455922747369732     
  0.449302759094103     
  0.525796874529180     
  0.496562918075383     
  0.431096169895498     
  0.468358024826968     
  0.503371074559232     
  0.452822283029315     
  0.515081034187252     
  0.543757522016385     
  0.498849607401395     
  0.500248765340645     
  0.519731225222290     
  0.515777241502982     
  0.450547364972420     
  0.469897973582440     
  0.487981002245460     
  0.505227449028694     
  0.509918697441670     
  0.535554069746652     
  0.479877375113664     
  0.481752495505066     
  0.527827762564654     
  0.507887632353343     
  0.524945708393060     
  0.497230073203186     
  0.517863884651052     
  0.490375996776508     
  0.466957714149996     
  0.513109383339370     
  0.505948375573367     
  0.509399146539781     
  0.513337617591599     
  0.485938428839210     
  0.486275521020787     
  0.460180805331374     
  0.504763649283538     
  0.480044085733192     
  0.506604668947454     
  0.512473044067075     
  0.495820086878785     
  0.489203795582602     
  0.460185574167280     
  0.512262686829642     
  0.525557140895467     
  0.492390979416634     
  0.468664896470930     
  0.463021852551950     
  0.508766583210253     
  0.476543156200981     
  0.474763162504106     
  0.533729746963932     
  0.553572251015301     
  0.522788546813566     
  0.522081814355129     
  0.497900989136621     
  0.500003628815263     
  0.464439672901868     
  0.551204422301297     
  0.492119523016874     
  0.544814827578984     
  0.526389143808085     
  0.486545686585996     
  0.524413289751450     
  0.518049475366086     
  0.461669986856892     
  0.471706154288251     
  0.505713002317238     
  0.491893844151303     
  0.504942771144334     
  0.462387820602550     
  0.506858903131533     
  0.467856410113447     
  0.503041476157389     
  0.486192476795557     
  0.512559409308357     
  0.522352265015682     
  0.491922957773520     
  0.521490162385791     
  0.531890928032159     
  0.511386212749137     
  0.480195818555953     
  0.504807995823933     
  0.488350132825669     
  0.491116098330796     
  0.522959045602057     
  0.529512419939627     
  0.518654071227696     
  0.465706913156992     
  0.490924774466242     
  0.500187939122139     
  0.349197860611612     
  0.367111809046887     
  0.474692538290585     
  0.305621233345066     
  0.398885734239924     
  0.371652159661057     
  0.416638599195792     
  0.354784039507575     
  0.319916952344194     
  0.320474049247304     
  0.365445986555027     
  0.283963434298875     
  0.347834376924380     
  0.440335322956048     
  0.365371880390756     
  0.361334478541862     
  0.342427782942085     
  0.415697349652011     
  0.404305217348494     
  0.298386151205020     
  0.362582324164734     
  0.407231612258307     
  0.336341115994975     
  0.374218986247826     
  0.367325109154950     
  0.365298222790630     
  0.347817378032534     
  0.407231212107679     
  0.427124537681518     
  0.389551065266453     
  0.375768587795397     
  0.313758827440314     
  0.363994503890766     
  0.381098936298143     
  0.412479903104456     
  0.390345176151558     
  0.392050860960169     
  0.407496889198707     
  0.405970862906499     
  0.331548060542444     
  0.363233920505840     
  0.355331694634269     
  0.370919609371281     
  0.340434074021251     
  0.314309545789703     
  0.411718241742795     
  0.427585821291508     
  0.346954125940753     
  0.306977530909594     
  0.239529863671175     
  0.371390338617328     
  0.295975260453506     
  0.319773817096579     
  0.362001716672046     
  0.358670739347887     
  0.418808637200274     
  0.344981811419400     
  0.312714004777521     
  0.280524619159737     
  0.331072324315330     
  0.296620930887334     
  0.379778903913762     
  0.295062042494926     
  0.306288024103412     
  0.334922964317050     
  0.353273647362606     
  0.292021838903663     
  0.332347188715555     
  0.318999450295449     
  0.425003421199609     
  0.377617352368150     
  0.360976670235778     
  0.328729016171033     
  0.417538939454370     
  0.507752898384154     
  0.405062424546562     
  0.296236949263462     
  0.287243515872504     
  0.344872703771580     
  0.307046058242556     
  0.304966795969315     
  0.422000058458058     
  0.328230913924242     
  0.251062634246609     
  0.363043329797683     
  0.271678526421883     
  0.275293296194156     
  0.320374609238378     
  0.307905290211212     
  0.285463568613055     
  0.389572002236287     
  0.324520174757418     
  0.382312784231757     
  0.398575833766583     
  0.361441074236348     
  0.378296741262610     
  0.415010107590299     
  0.335163828478048     
  0.318826314969824     
  0.355085472612741     
  0.404378706699321     
  0.343722258238661     
  0.342922941954013     
  0.290372271009231     
  0.287830023377908     
  0.351582080757403     
  0.384551260960687     
  0.365328013229403     
  0.315999257355090     
  0.317397700790269     
  0.360862465719657     
  0.355320463998722     
  0.379261767995769     
  0.310221967567657     
  0.301487000070153     
  0.340410671462574     
  0.320786138275809     
  0.242327238545679     
  0.286898823929206     
  0.458600248396973     
  0.303744871030426     
  0.354649512752021     
  0.376024270449470     
  0.337550865060588     
  0.332900171861705     
  0.372156584532743     
  0.308572018210125     
  0.330780568443499     
  0.487317222833634     
  0.329839517946242     
  0.377761927105115     
  0.335008089084227     
  0.391726703107416     
  0.385564892103065     
  0.390234646261290     
  0.422668678606444     
  0.311072313972126     
  0.441381365607658     
  0.358028614635829     
  0.364196948437599     
  0.300984267946627     
  0.308723069617748     
  0.395037719199737     
  0.346644353143626     
  0.274517119039646     
  0.362162949716822     
  0.343095822006366     
  0.336761656080525     
  0.342910184977555     
  0.394480026078482     
  0.295495228217384     
  0.441320832571778     
  0.321523943069663     
  0.363748880042691     
  0.356441364757199     
  0.220044274574606     
  0.383393260856478     
  0.395303430754179     
  0.320534733338278     
  0.357544095414462     
  0.389477373892114     
  0.302747740208655     
  0.311405527905485     
  0.395708963506323     
  0.405432605017267     
  0.313592759669079     
  0.379994498017326     
  0.323886187003621     
  0.347114703553884     
  0.392988602316558     
  0.307280892240482     
  0.392022435228358     
  0.358580914840075     
  0.295327523716203     
  0.339452275198935     
  0.395898338068506     
  0.436169563206540     
  0.350237452064996     
  0.361107508816665     
  0.275746205455009     
  0.349094107562035     
  0.336961717189591     
  0.405013320458372     
  0.337682879508070     
  0.328658455293578     
  0.341084310369876     
  0.483910508552624     
  0.340837763270491     
  0.302655460533439     
  0.371556531585454     
  0.403083958089088     
  0.319153245636400     
  0.404058577996892     
  0.293473019288519     
  0.348234048100383     
  0.325105506639046     
  0.325549406958242     
  0.347964989537670     
  0.351331943864461     
  0.366311090345907     
  0.370063150135034     
  0.280695965175483     
  0.328343559376128     
  0.274526913945428     
  0.343384985257481     
  0.338501952095296     
  0.342030253115650     
  0.414061479661340     
  0.249920252990003     
  0.257445178824333     
  0.324091497084079     
  0.284857248700370     
  0.360350399983668     
  0.297001442830583     
  0.378414600827441     
  0.335675876180760     
  0.378159644332494     
  0.301797216139240     
  0.315050166972688     
  0.389505255397270     
  0.370285559347923     
  0.347219309208860     
  0.367620046350425     
  0.358023313183168     
  0.293137770499989     
  0.346676074402615     
  0.459787697793186     
  0.286065328577434     
  0.303877256770874     
  0.438465059143784     
  0.447514432738024     
  0.312219306002661     
  0.311200208508142     
  0.318091195654754     
  0.406626038089801     
  0.283962411779848     
  0.402188525195169     
  0.322615202844251     
  0.367479184471839     
  0.319071225485518     
  0.351888157625045     
  0.412209225704656     
  0.329388598504620     
  0.445001239878860     
  0.388591391655612     
  0.361992955181700     
  0.302679210674899     
  0.372484828300365     
  0.330486025898588     
  0.335971234090078     
  0.334761611884738     
  0.399523167329961     
  0.273829954981468     
  0.312791504203118     
  0.361845726399489     
  0.302145909986072     
  0.329655480414011     
  0.399781939394128     
  0.351069111025714     
  0.314858009343927     
  0.342725539512579     
  0.274169065868137     
  0.442537617431088     
  0.385901481699476     
  0.390499052586371     
  0.293499835127709     
  0.352518865592760     
  0.407440630071618     
  0.328458126000100     
  0.331695830534394     
  0.342781418990713     
  0.307532904660579     
  0.438085576879975     
  0.385430406593052     
  0.338967881421048     
  0.363839903076944     
  0.291180545557684     
  0.314170522732535     
  0.318648374756055     
  0.453730048257869     
  0.404823721915563     
  0.311220839678665     
  0.355739243563391     
  0.360196963440143     
  0.348451566627929     
  0.398697013060550     
  0.350168314163479     
  0.457915571762988     
  0.399029762289804     
  0.303338801668357     
  0.409925473220460     
  0.302073819495862     
  0.447517863916968     
  0.351111084742513     
  0.481185124959666     
  0.276375882481655     
  0.376734247306143     
  0.357651371249642     
  0.326674011758282     
  0.386860588464460     
  0.312625280455160     
  0.385284557407892     
  0.362795898727754     
  0.402957649153585     
  0.377753646114571     
  0.473741763773366     
  0.347841696863681     
  0.313066878159447     
  0.387416126654836     
  0.347227878049967     
  0.381550188913177     
  0.340704118028441     
  0.344208236521403     
  0.376039424129015     
  0.351674492498237     
  0.303855135781307     
  0.334824785700935     
  0.293604252431005     
  0.291554691213840     
  0.261876770318403     
  0.310252052897606     
  0.480841840853414     
  0.370416373938912     
  0.457720438364877     
  0.406212650093824     
  0.292571371199824     
  0.424929573902247     
  0.376144971070658     
  0.336153933323243     
  0.370008848076201     
  0.477275000811991     
  0.342584072454259     
  0.300301587675818     
  0.396812654205528     
  0.394924377171942     
  0.340464782645257     
  0.315154657128891     
  0.318725414817291     
  0.440751757603478     
  0.361405023445977     
  0.417424372909304     
  0.247382309699722     
  0.323710667275771     
  0.308633263110917     
  0.292375804449869     
  0.373543760651617     
  0.370445324528511     
  0.420033927482468     
  0.291300048541349     
  0.294413813223492     
  0.331949315784031     
  0.335066212856063     
  0.282264471250474     
  0.400167024625143     
  0.416474610224100     
  0.309090482540606     
  0.292914539037575     
  0.395512580545920     
  0.434240762499621     
  0.346520474758941     
  0.288906245411614     
  0.332524443118142     
  0.328229410847303     
  0.312837376441123     
  0.295147966572338     
  0.335210080096523     
  0.407811739411914     
  0.357041072922043     
  0.321423838661624     
  0.441639054856969     
  0.409397733330237     
  0.328475899258906     
  0.344017247573286     
  0.361347997208102     
  0.352351466223617     
  0.323698106964793     
  0.396309728827660     
  0.365874746970562     
  0.317621969447713     
  0.400637293832042     
  0.315974344984506     
  0.371497945246308     
  0.394367212996518     
  0.390171824502630     
  0.296436824620010     
  0.415968762442765     
  0.312722550096407     
  0.471930697125174     
  0.324799534587947     
  0.420924110178661     
  0.332568717207462     
  0.385528826312713     
  0.375739637727740     
  0.374387878230128     
  0.417453725612825     
  0.341515416543743     
  0.393349098638552     
  0.461041737479667     
  0.349084869521147     
  0.383283336619366     
  0.311913032523183     
  0.265112485201804     
  0.397039983765646     
  0.335425688680587     
  0.269919698744960     
  0.352303920107710     
  0.390237048780842     
  0.457686611501650     
  0.355432729468901     
  0.408836219672893     
  0.349011767670837     
  0.395495008044748     
  0.337783874574890     
  0.432391448178399     
  0.336474667290257     
  0.350126696919068     
  0.358150123418883     
  0.371401786008510     
  0.364164891636056     
  0.336303788963695     
  0.355732988365372     
  0.362549931462318     
  0.312590540088378     
  0.532952958078302     
  0.385799277356308     
  0.338938756678361     
  0.307029701251503     
  0.284190397377217     
  0.383197378527079     
  0.382617490117443     
  0.344980480459324     
  0.320678316046763     
  0.367484799857068     
  0.333941317331029     
  0.389089948877105     
  0.340381134253065     
  0.355803028911650     
  0.358594062324702     
  0.301190492282131     
  0.323030829921667     
  0.441878812107681     
  0.285583658348697     
  0.341649858878288     
  0.380246637081393     
  0.308050263527555     
  0.345883653331151     
  0.277190163883998     
  0.315037168876100     
  0.330903580806805     
  0.485642585997765     
  0.302091283854691     
  0.337114128469361     
  0.330109697422226     
  0.357095151834154     
  0.384429317737078     
  0.391394485061033     
  0.478624788029726     
  0.382374571353574     
  0.408128073912055     
  0.331701841128952     
  0.333368577859643     
  0.324560553518029     
  0.278058392874141     
  0.313959498795599     
  0.323467100574273     
  0.377786458758636     
  0.378107383192686     
  0.352530420308946     
  0.323879956348148     
  0.303557728138252     
  0.438587858739278     
  0.240925852296600     
  0.310846703080391     
  0.487081601456283     
  0.363302248268769     
  0.370696380312746     
  0.361412716517868     
  0.323812528121404     
  0.328925297824022     
  0.372023316368963     
  0.324653483756201     
  0.330250443129487     
  0.370296307693873     
  0.356259354915344     
  0.328424772794117     
  0.373754910082848     
  0.350950099061717     
  0.312786296442898     
  0.324955809665283     
  0.351842726582292     
  0.342901330986401     
  0.314488869460644     
  0.346416195310367     
  0.352069957060216     
  0.434283221415039     
  0.359363804526899     
  0.399341332492231     
  0.419166624879192     
  0.403046620945659     
  0.334291630417739     
  0.248364450073230     
  0.312894477085230     
  0.281882421261692     
  0.427733063838824     
  0.366989145432104     
  0.296940625557673     
  0.310381649373791     
  0.444552570622541     
  0.291767188718207     
  0.348633673026495     
  0.405229159141278     
  0.341691633176093     
  0.307954484232292     
  0.314708277810899     
  0.324782257455920     
  0.362706818823950     
  0.375182050165292     
  0.319794450153791     
  0.345781724001324     
  0.305359853508851     
  0.346681193678542     
  0.394019108296332     
  0.340397884084094     
  0.328687536520423     
  0.413434657331870     
  0.357815726891542     
  0.321270232124413     
  0.322436586442632     
  0.397844721446018     
  0.356472099414330     
  0.491566629528869     
  0.348304330151288     
  0.316858175611333     
  0.332597650232083     
  0.335923244964518     
  0.366004592401209     
  0.361497151812920     
  0.317489097251972     
  0.412646893652662     
  0.371807339968767     
  0.350010054144005     
  0.283612627051373     
  0.368882205946839     
  0.396583030893931     
  0.345806024552040     
  0.341544310923778     
  0.332091661365681     
  0.305578652752579     
  0.358464521111075     
  0.369570633973331     
  0.346732923901565     
  0.316563375121407     
  0.391944933511424     
  0.381227593984090     
  0.332885421788996     
  0.304445825530299     
  0.317405695970062     
  0.377318019492823     
  0.289355046442041     
  0.448057812528995     
  0.299451739098259     
  0.362585499225106     
  0.353959034629530     
  0.344002821282026     
  0.400455195545279     
  0.348027633435820     
  0.324809947583686     
  0.345819452956598     
  0.374152784983956     
  0.405010576328415     
  0.316392267982193     
  0.410461639137297     
  0.318788347139945     
  0.322051565518242     
  0.391511282903259     
  0.357046270222966     
  0.334077126270948     
  0.262013539830137     
  0.334753094203477     
  0.340236507052532     
  0.385105421512620     
  0.484554805413358     
  0.310411202964730     
  0.321875987094355     
  0.396030765285171     
  0.336349172371711     
  0.353531732031647     
  0.318486623625801     
  0.312254941078374     
  0.324560969202016     
  0.485343301884989     
  0.342275638813026     
  0.330643552087923     
  0.276294601747414     
  0.339001295061763     
  0.356229287449211     
  0.370168635750497     
  0.380095675183759     
  0.381382035027648     
  0.377745669776464     
  0.384602665047637     
  0.305779657276351     
  0.364800093291769     
  0.369977066254074     
  0.412960459578288     
  0.338929071772850     
  0.304642076586311     
  0.309583280473783     
  0.334234044381432     
  0.279048500090191     
  0.347047754537343     
  0.332399895745569     
  0.301067663249122     
  0.365340937217237     
  0.402051177943066     
  0.389207150995003     
  0.403628363778884     
  0.384086708882191     
  0.419798419611282     
  0.333741928651549     
  0.428519547061897     
  0.411001907760901     
  0.479033683656339     
  0.356593244889980     
  0.338959169340860     
  0.368836955904775     
  0.324799479246862     
  0.425587049271385     
  0.330996487192426     
  0.339953133306546     
  0.354887992270911     
  0.361235320860785     
  0.394342234338529     
  0.336208903137863     
  0.385463686276509     
  0.305094602126322     
  0.388643008717587     
  0.360133531786124     
  0.249275323136560     
  0.343547300914219     
  0.366503894106244     
  0.444061545484421     
  0.344966581141098     
  0.344622411645185     
  0.360579169429591     
  0.337764896409878     
  0.297927307224111     
  0.297936971668745     
  0.326061237357670     
  0.377136710201478     
  0.351090818681262     
  0.381020872144999     
  0.419823700844335     
  0.393617037771060     
  0.309218354107050     
  0.310566894003990     
  0.316124987070630     
  0.277042324324291     
  0.297899346510654     
  0.356622137417581     
  0.289131734735361     
  0.326125899618715     
  0.352588466115617     
  0.320565442024740     
  0.364183281968580     
  0.384278724272671     
  0.317403006489276     
  0.355145695619639     
  0.291004177604276     
  0.362981663439338     
  0.420152972771756     
  0.378065008191583     
  0.275133981291298     
  0.293930183730694     
  0.350307611273450     
  0.351925970334859     
  0.340759609267163     
  0.317459631464312     
  0.276219041104057     
  0.426296344510741     
  0.349087638411355     
  0.412873306193892     
  0.356808665284452     
  0.410454717421353     
  0.416753656260947     
  0.323116505688244     
  0.370140329661792     
  0.369891779126844     
  0.336382201258186     
  0.295159005933047     
  0.301486800778675     
  0.500824038297524     
  0.351338579176499     
  0.359811438148567     
  0.331263936631978     
  0.326409647935248     
  0.297283684329994     
  0.263516685697130     
  0.321314596185963     
  0.281168435292349     
  0.320457267451213     
  0.428258210548577     
  0.397531845457497     
  0.343881034037584     
  0.374811274858542     
  0.287577515798496     
  0.311946942691303     
  0.314432530832243     
  0.353879136834668     
  0.277087057003165     
  0.325547298442779     
  0.364783682429989     
  0.278246589237950     
  0.320706143843944     
  0.417847067256299     
  0.370647089042863     
  0.318373659339405     
  0.422154988610168     
  0.392634815124077     
  0.325300709118186     
  0.349040322972946     
  0.405521450260473     
  0.339039921335090     
  0.310154647053874     
  0.306052465833923     
  0.362653307806287     
  0.295494911002295     
  0.411983580173260     
  0.298811527986420     
  0.329228214114746     
  0.339522183560221     
  0.331474316903820     
  0.428315115440750     
  0.370821651704503     
  0.394308210745227     
  0.330891430763588     
  0.382719952107147     
  0.354408640218417     
  0.302427700669670     
  0.362570122137646     
  0.389812668299111     
  0.365814707127139     
  0.389784935742299     
  0.270029669693217     
  0.348593541064800     
  0.431703694108761     
  0.489865293400989     
  0.303631503711092     
  0.382117260057066     
  0.293004452257717     
  0.383253047935516     
  0.383363448741590     
  0.407971206768054     
  0.361701421339386     
  0.282185329992684     
  0.291998007309836     
  0.433292937745864     
  0.379025918720289     
  0.375170882946341     
  0.354255113952134     
  0.346948250223561     
  0.483834097796729     
  0.330997622978996     
  0.297750445688699     
  0.356117262966784     
  0.306252744331951     
  0.310895848104403     
  0.347622784350307     
  0.317926018433267     
  0.280873402024538     
  0.355796640540073     
  0.380191390756593     
  0.310584688013398     
  0.404816478792544     
  0.300130928898838     
  0.367812433619813     
  0.308936470925963     
  0.350941014279548     
  0.363526058794268     
  0.401791396634314     
  0.305160495531555     
  0.359676788957259     
  0.293138910269283     
  0.359565090048041     
  0.353803619629190     
  0.336771728892931     
  0.357513937702256     
  0.417287942069858     
  0.296767624061544     
  0.327544822813010     
  0.319891078587624     
  0.368150808278775     
  0.336821566217134     
  0.393333625989887     
  0.425612639480315     
  0.392008053715439     
  0.322062192047598     
  0.312655871641697     
  0.340373251496408     
  0.296726568279765     
  0.371212609529706     
  0.307382677699087     
  0.502913315938627     
  0.314072555663952     
  0.442973161446001     
  0.341807461943410     
  0.333702516777269     
  0.424035118522164     
  0.410049195777849     
  0.378215887606786     
  0.360529554962347     
  0.296268504847928     
  0.410966546443562     
  0.316166602723192     
  0.398849446659945     
  0.366891881593590     
  0.331229442197596     
  0.409895396826053     
  0.389452635348879     
  0.381089105195383     
  0.344970212496931     
  0.315980373098040     
  0.377677661021152     
  0.361313218017077     
  0.387958824183411     
  0.302908943153801     
  0.261610195304672     
  0.422534292987976     
  0.320887049677993     
  0.383422361500780     
  0.353479819670796     
  0.317586208566638     
  0.356814818709344     
  0.379466010882133     
  0.306829874764706     
  0.305821528271272     
  0.322640451769157     
  0.481488519339069     
  0.338039105926224     
  0.339196530061438     
  0.285082240603041     
  0.306271293454721     
  0.380076238443547     
  0.390971167733040     
  0.393232427569236     
  0.426542424221955     
  0.408759358877465     
  0.353190307984469     
  0.317827851227310     
  0.352148017092592     
  0.366165145428752     
  0.334986925389923     
  0.480939442085634     
  0.315157052532611     
  0.314484266987630     
  0.315848184658426     
  0.404226230562978     
  0.385555980736629     
  0.377039482968301     
  0.393239695765318     
  0.385663930431560     
  0.303357049077384     
  0.337506117762363     
  0.404263040818224     
  0.313848944197836     
  0.354181923229058     
  0.352709013003455     
  0.387979502892285     
  0.311891307966187     
  0.381985915218942     
  0.353469162925068     
  0.391258738505134     
  0.315304611377853     
  0.308582290547223     
  0.353346360232360     
  0.490953551245223     
  0.414274583865782     
  0.280211775051031     
  0.335001118710512     
  0.309739146364611     
  0.285504047948553     
  0.327865771884280     
  0.389590186014508     
  0.377650166677516     
  0.333309295935285     
  0.389571355827099     
  0.323655316234140     
  0.443206036268338     
  0.318345597311035     
  0.412620759543879     
  0.433818647472357     
  0.388792305144449     
  0.349136965179170     
  0.252673197844765     
  0.400282589970999     
  0.338441091134039     
  0.293726224312200     
  0.475218126958844     
  0.310902538856726     
  0.347303956143539     
  0.334905189053858     
  0.420101523736762     
  0.301447421539259     
  0.308453678981156     
  0.303552723911812     
  0.350225604793027     
  0.327980002186399     
  0.317803713590539     
  0.412081597983899     
  0.317192078931060     
  0.310842386317036     
  0.359741838867743     
  0.329420572332521     
  0.260613499773717     
  0.277255395201808     
  0.380455070515276     
  0.310573051926089     
  0.340895561128407     
  0.360017283840240     
  0.370675790548841     
  0.335354381056339     
  0.364288712042508     
  0.420596443356241     
  0.336888205790157     
  0.293418702131495     
  0.337250217396494     
  0.359242628883420     
  0.305101941108236     
  0.357009157533774     
  0.369177101333581     
  0.314775784257311     
  0.352444074272373     
  0.350815736757543     
  0.350102615004272     
  0.299000813448282     
  0.405069787231801     
  0.350585561857941     
  0.287734105714831     
  0.346903934323937     
  0.330270539479788     
  0.348274078033655     
  0.350033502004723     
  0.341466464689654     
  0.315346014138847     
  0.290041136650331     
  0.353391558576484     
  0.319162704687884     
  0.363928935808056     
  0.357143675528355     
  0.324541487881746     
  0.323433361315800     
  0.352192766555308     
  0.347174628904101     
  0.349815696225491     
  0.415204771853953     
  0.282786967752266     
  0.264082646937287     
  0.355637668962568     
  0.269907983363806     
  0.363399147333431     
  0.354572150596798     
  0.473263715519513     
  0.383595767483626     
  0.344217016402895     
  0.336571591356012     
  0.330234465803974     
  0.309853104058987     
  0.376963605022674     
  0.382247071652943     
  0.413299934497233     
  0.387099290084675     
  0.277447383278024     
  0.437277920653542     
  0.381985222455692     
  0.290579804218087     
  0.302497435118891     
  0.395874410369538     
  0.299626642777972     
  0.387541859440804     
  0.346683194062749     
  0.364892481943220     
  0.274403887680925     
  0.332212772071753     
  0.323706791996922     
  0.396962599721193     
  0.375675657288467     
  0.375287497666640     
  0.416538917398741     
  0.370558067618425     
  0.364603786233028     
  0.343185186641064     
  0.328799096591080     
  0.349443014920125     
  0.300610839750256     
  0.393513184494941     
  0.466792598354760     
  0.354482548214694     
  0.299408079698579     
  0.348502726401508     
  0.291923851231867     
