  6.844511371686351E-002
  7.096709400978840E-002
  7.801309456126505E-002
  6.407345270868917E-002
  7.720733643980424E-002
  7.533492603329144E-002
  7.766062208724055E-002
  7.020368420596194E-002
  7.286158560382663E-002
  7.045751212609669E-002
  6.812255913816785E-002
  6.701989167791818E-002
  7.329012049797534E-002
  7.431264401760986E-002
  7.097262873913515E-002
  7.413814141234965E-002
  6.843182419303832E-002
  7.478620127111366E-002
  7.293943942489935E-002
  6.730922044220078E-002
  6.912112709046374E-002
  6.998146631832407E-002
  6.792430648969353E-002
  7.014820623805310E-002
  7.378418607938443E-002
  7.120952822578208E-002
  6.719175855494051E-002
  7.331500638278726E-002
  7.422300981448537E-002
  7.334814387426711E-002
  7.115653057263692E-002
  6.862181601050350E-002
  7.220750947131628E-002
  6.852989894837440E-002
  7.457751133578508E-002
  7.355316404803552E-002
  7.344407001985254E-002
  7.294846447511052E-002
  7.172324736913480E-002
  6.992687834144913E-002
  7.163222146009030E-002
  7.420498910482852E-002
  7.600323397918314E-002
  7.029296365973278E-002
  6.708778093540262E-002
  7.266027920603933E-002
  7.883599234484133E-002
  7.267430178082157E-002
  6.813102726376601E-002
  6.467574750263004E-002
  7.596644515097015E-002
  6.765274442225586E-002
  6.785624420811007E-002
  7.422800102818550E-002
  7.296528790058487E-002
  7.338873600652686E-002
  7.054170877796700E-002
  6.666791873694684E-002
  6.269364500652674E-002
  6.671736482595668E-002
  6.658438281862465E-002
  7.357859093201434E-002
  6.813593205969437E-002
  6.814983735671007E-002
  6.712634751835218E-002
  7.034400345969394E-002
  6.710222779482469E-002
  6.997118101039390E-002
  7.016461786728410E-002
  7.094181871169621E-002
  7.652070850245021E-002
  7.150978946322166E-002
  6.595988256566684E-002
  7.656691282070263E-002
  7.743142067214320E-002
  7.438054442764058E-002
  6.750540634217182E-002
  6.712457096302370E-002
  6.738435082540201E-002
  6.791865132051135E-002
  6.711365165632478E-002
  7.491522867311637E-002
  7.224795445823666E-002
  6.641278119138420E-002
  7.543257965391537E-002
  6.292506942465666E-002
  6.369354461141034E-002
  6.888009912597208E-002
  6.875338194905724E-002
  6.700074366351666E-002
  7.395842287452192E-002
  7.087706118658778E-002
  6.991261493490306E-002
  7.586088154266621E-002
  7.144619449698721E-002
  7.324138061588667E-002
  7.659610226218909E-002
  6.676040892904794E-002
  6.876633963782301E-002
  7.692229250274696E-002
  7.377896288631129E-002
  7.219352557264240E-002
  7.353808567061700E-002
  6.877690325231219E-002
  6.491686532194031E-002
  6.797543337367495E-002
  7.450714393300639E-002
  7.082217382947643E-002
  6.931558258524692E-002
  6.974436061237425E-002
  6.954092961374599E-002
  7.193670109550995E-002
  7.139052436605793E-002
  6.767932597630150E-002
  6.746836083546760E-002
  6.470144614425996E-002
  6.871304252507682E-002
  6.231515264118700E-002
  6.577690074404077E-002
  7.078157368629248E-002
  6.804720829482118E-002
  6.941127152613780E-002
  7.437302055872208E-002
  6.871222922203239E-002
  6.859527481230403E-002
  7.067429781672310E-002
  6.513956843622123E-002
  6.655251084823152E-002
  7.293494070954087E-002
  6.754376561804092E-002
  6.985393512068479E-002
  7.074440145682016E-002
  7.735987955834761E-002
  7.262906789725651E-002
  7.060214801842633E-002
  7.458899947377882E-002
  6.825090724323969E-002
  7.495795757984168E-002
  6.941426623844120E-002
  6.977318935236823E-002
  6.657389148514362E-002
  6.680311931585432E-002
  7.117870574478186E-002
  7.121314217594718E-002
  6.596296647680087E-002
  7.186461788492116E-002
  7.380061457310434E-002
  6.998331748847497E-002
  7.443782628257144E-002
  7.707988166928952E-002
  6.885747156286531E-002
  7.834535954124487E-002
  6.680133943586472E-002
  7.196642335659013E-002
  7.037107407755369E-002
  6.144427751806448E-002
  7.316308134494062E-002
  6.883279116914778E-002
  6.569673229675943E-002
  6.734043987461816E-002
  7.473370127057953E-002
  6.684742774482150E-002
  7.069683136336807E-002
  7.324614228038985E-002
  7.520018717457973E-002
  6.883627212302261E-002
  7.089219736159667E-002
  7.128593453735588E-002
  7.156473568862233E-002
  7.566894586470130E-002
  6.950279673924578E-002
  7.307459699757847E-002
  6.910467603839479E-002
  6.449149951212386E-002
  7.181235099236723E-002
  7.313210942468418E-002
  7.112503082363414E-002
  6.997158736567438E-002
  7.089696777567563E-002
  6.592866067689028E-002
  7.138849847555218E-002
  7.157303828950377E-002
  7.605528908737927E-002
  6.981546674823309E-002
  6.964192939179367E-002
  7.008876502888843E-002
  7.867586390066522E-002
  7.032255442634401E-002
  6.513270603169014E-002
  7.319705890438324E-002
  7.109820755841165E-002
  6.903555468555747E-002
  7.374920068776253E-002
  6.876993844804119E-002
  6.714508763971208E-002
  7.299716232415435E-002
  6.798820935887119E-002
  7.211291569895505E-002
  7.058518325278106E-002
  7.123259047584962E-002
  7.513989315578194E-002
  6.772418058835421E-002
  7.083683486043550E-002
  6.371929160188650E-002
  7.652020327743531E-002
  6.993138438720430E-002
  7.608928070822110E-002
  7.516482265387979E-002
  6.381634428411506E-002
  6.447549751518775E-002
  6.870720418964324E-002
  6.599100863825941E-002
  7.375853025607064E-002
  6.700205618796973E-002
  7.334093081577665E-002
  6.550924869848490E-002
  7.270929791967358E-002
  7.313365926466212E-002
  6.955310996232011E-002
  7.669652921760192E-002
  7.081183992292786E-002
  6.782828016622451E-002
  7.451023674239490E-002
  6.953789567508789E-002
  6.656295955078449E-002
  6.904219099766713E-002
  7.579785680536409E-002
  6.883750113032894E-002
  6.743018553248552E-002
  7.523751511851277E-002
  7.436366707168528E-002
  7.009449504699668E-002
  6.677408850835910E-002
  6.800855581451275E-002
  7.242853979802841E-002
  6.774632858721984E-002
  7.201721648138158E-002
  6.998026520364281E-002
  7.265202417271442E-002
  6.497898704191356E-002
  7.370778456810498E-002
  7.262215770174428E-002
  6.930783337694028E-002
  7.713350677302001E-002
  7.818304738915649E-002
  7.070216427758945E-002
  7.127986630390107E-002
  7.233616206004376E-002
  6.793829317997477E-002
  6.877062869501767E-002
  6.817090175811892E-002
  7.641701214949688E-002
  6.456496003270003E-002
  6.981120857205587E-002
  7.366303384745294E-002
  6.360934600476056E-002
  6.814222547550214E-002
  7.584606645928742E-002
  6.589177777486933E-002
  6.933216719330074E-002
  7.238327648000041E-002
  6.367204161450317E-002
  7.254098036736353E-002
  7.558830664929810E-002
  7.646262476780485E-002
  6.346394948309825E-002
  6.867485004592562E-002
  7.282769309673601E-002
  7.197595451410016E-002
  6.916681249494307E-002
  7.140406520791147E-002
  6.762953039199987E-002
  8.001620185617722E-002
  7.461475458761609E-002
  6.871084785540425E-002
  6.700281921788992E-002
  6.462186044461898E-002
  6.827757504399017E-002
  7.315296648449478E-002
  7.810690547275592E-002
  7.593257296026412E-002
  6.808432351020720E-002
  7.387192751239897E-002
  7.144942458993869E-002
  7.228433451201569E-002
  7.220546645907788E-002
  7.306074159446703E-002
  7.850742020215193E-002
  7.427294449781979E-002
  6.832452358013814E-002
  7.752933856369038E-002
  6.768243459448026E-002
  7.780943612802800E-002
  7.184575011004517E-002
  7.940186679038211E-002
  6.561528826203088E-002
  6.993445455302462E-002
  7.252964107427028E-002
  6.740285108285382E-002
  7.470303058156690E-002
  6.968302112432412E-002
  7.139152406163592E-002
  7.507207393028195E-002
  7.272138263984505E-002
  7.360117382210463E-002
  7.797051391692435E-002
  7.187985280556693E-002
  6.765240163604894E-002
  7.721337948904473E-002
  7.324102687117374E-002
  7.171198728108386E-002
  6.952316328192575E-002
  7.262698885413804E-002
  7.427280785230954E-002
  6.720277639145476E-002
  6.602111446235211E-002
  7.019932931909890E-002
  6.525881005308848E-002
  6.480890353301026E-002
  6.343480984658177E-002
  7.035176359658842E-002
  7.401083977122153E-002
  7.316315952088033E-002
  7.395145779106259E-002
  7.598293740712643E-002
  6.698907010058021E-002
  7.306026533532593E-002
  7.226306437443764E-002
  6.969641655512113E-002
  7.626227811200774E-002
  7.749090887922459E-002
  6.876590789596025E-002
  6.764057452840899E-002
  7.254552568621667E-002
  7.250256289886073E-002
  7.024905605293083E-002
  6.781013919020586E-002
  6.564078295735901E-002
  7.686909602677193E-002
  7.500053387042099E-002
  7.344201963251705E-002
  6.331702161298737E-002
  7.183859944689844E-002
  7.244364517331861E-002
  7.100046521929768E-002
  7.536634484640317E-002
  7.101526237416694E-002
  7.528908111468746E-002
  7.020963088335172E-002
  6.677832520584837E-002
  6.370108407985631E-002
  6.979000865925250E-002
  6.357173204909271E-002
  7.524089297156528E-002
  7.152740841540037E-002
  6.723601491925336E-002
  6.463622364695328E-002
  7.409581117591127E-002
  7.594583359053458E-002
  7.036439361253033E-002
  6.703851471068172E-002
  6.901177224042479E-002
  7.239751333127588E-002
  7.215034542870633E-002
  6.550322012695461E-002
  6.681469509209123E-002
  7.457149458855483E-002
  7.286142236304478E-002
  6.854724520497599E-002
  7.410171061545899E-002
  7.565171695847452E-002
  6.901854714221771E-002
  6.848685595323693E-002
  6.913373891738836E-002
  7.012797321839098E-002
  6.783077145565330E-002
  6.990541200187257E-002
  7.500873549229987E-002
  6.727660293358308E-002
  7.403336153926669E-002
  7.195720549472073E-002
  7.270832380365806E-002
  7.426531825845795E-002
  7.898393840475741E-002
  7.128261670589156E-002
  7.533416071118477E-002
  6.787092213685181E-002
  7.467127470346899E-002
  7.053482988288765E-002
  7.208060054431951E-002
  6.951527966341851E-002
  7.230969891248575E-002
  7.259613665863028E-002
  7.218973034893088E-002
  7.493496979745622E-002
  6.711100210330062E-002
  7.387848843074868E-002
  7.982079800724530E-002
  6.792033661609340E-002
  7.084176984651136E-002
  6.774088605920808E-002
  6.375656074401602E-002
  7.702066500079843E-002
  6.958988553258601E-002
  6.415424447676031E-002
  7.274397017666635E-002
  7.512919223513143E-002
  7.809105562392578E-002
  7.004327945098489E-002
  7.209935859402110E-002
  6.617922701129920E-002
  7.489616692615080E-002
  7.156670435482795E-002
  7.249735518160026E-002
  7.119832803431610E-002
  7.036888641391549E-002
  7.249521825314421E-002
  7.353073930111731E-002
  6.986767235582218E-002
  6.971843406468402E-002
  7.439839212013073E-002
  7.011778300761444E-002
  6.802746717493927E-002
  7.784104578243002E-002
  7.399731606730522E-002
  6.965462020288453E-002
  6.919601196503601E-002
  6.178007225252106E-002
  7.340634645511521E-002
  7.145480082659027E-002
  7.038235648996348E-002
  6.855560656666024E-002
  6.964367399608128E-002
  7.109679930911522E-002
  7.419463619322500E-002
  6.801609036018259E-002
  6.922266954837468E-002
  7.035574857911756E-002
  6.670312129902810E-002
  6.904970087771761E-002
  7.468031162313049E-002
  6.596217192415280E-002
  6.694567976143249E-002
  7.530387175423958E-002
  6.683025768402168E-002
  7.162079870768501E-002
  6.736944774728539E-002
  6.736466595252133E-002
  6.682760264293838E-002
  7.430079987370573E-002
  6.570959791160982E-002
  6.676770910214475E-002
  6.625671282181385E-002
  6.993650564528549E-002
  7.102775782163495E-002
  7.747799252561666E-002
  7.294969212567599E-002
  7.867905054801110E-002
  7.729888355767663E-002
  7.391495580565642E-002
  6.985472977073355E-002
  7.106134745330528E-002
  6.328472867601115E-002
  6.829047666712848E-002
  6.800901800778338E-002
  6.965908854203615E-002
  7.270170906926271E-002
  7.610525803312494E-002
  6.843382777823094E-002
  6.545892893255020E-002
  7.261218973790860E-002
  6.301473931441605E-002
  6.900893159875358E-002
  7.819978049510980E-002
  7.167224532068234E-002
  7.062036890313776E-002
  7.342788661567431E-002
  6.997331316235986E-002
  7.585320187400768E-002
  7.210184222411209E-002
  6.917785481395791E-002
  6.883938839899449E-002
  6.769830600989081E-002
  7.152251333556699E-002
  6.744171680821415E-002
  7.218179097830135E-002
  7.296136619596889E-002
  6.790511982447091E-002
  6.958953142243191E-002
  6.870139010555285E-002
  7.036689991276690E-002
  6.240775366438561E-002
  7.415654442700671E-002
  6.581286850005247E-002
  7.721106749702250E-002
  7.287838853330247E-002
  8.022468509408202E-002
  7.291115136042239E-002
  7.486146248766780E-002
  7.107038513347487E-002
  6.402729863859408E-002
  7.396366161139856E-002
  6.883078573647525E-002
  7.451174244966290E-002
  7.248834521191888E-002
  6.556869994149510E-002
  6.749493475039706E-002
  7.597588531896915E-002
  6.473825578137486E-002
  7.385872989305158E-002
  7.569055800911895E-002
  6.958273800062756E-002
  6.880394673439538E-002
  6.946445830558134E-002
  6.631840443335575E-002
  7.387625399744810E-002
  7.043263459168699E-002
  7.040165913627375E-002
  7.037747206920592E-002
  6.748707165120803E-002
  7.505878340025460E-002
  7.869534500824418E-002
  7.113946901436782E-002
  6.775436953367213E-002
  7.484145344538992E-002
  7.484159040432284E-002
  6.730734691917636E-002
  6.739718550900745E-002
  7.355742578893507E-002
  7.071029861325537E-002
  8.183538177892540E-002
  6.887787641249561E-002
  7.009249455326508E-002
  7.299386685014625E-002
  6.820397213535005E-002
  7.356684265927614E-002
  7.368294837222580E-002
  6.305352927566264E-002
  7.012545153070522E-002
  6.881113505328380E-002
  6.818164274907390E-002
  6.483051080482521E-002
  7.157486848030224E-002
  7.889243880656459E-002
  7.322624827025612E-002
  7.079092287847477E-002
  6.752868761763513E-002
  6.710260518932104E-002
  7.460023168171248E-002
  7.467707459460789E-002
  7.181086718001348E-002
  6.600095934831014E-002
  7.470364322214630E-002
  6.996913611115546E-002
  6.590240779117852E-002
  6.722266519074073E-002
  6.792185571720161E-002
  7.468554035792262E-002
  6.590049888754737E-002
  6.776866401416866E-002
  6.424621058659685E-002
  6.981183248993567E-002
  6.581215056319202E-002
  6.951100179417502E-002
  7.370013649880126E-002
  7.125325972058948E-002
  6.846604130650384E-002
  7.091350615609700E-002
  7.434195091549642E-002
  7.413915099224672E-002
  6.853338380901332E-002
  7.091817891320834E-002
  7.117676034421512E-002
  6.978105287263317E-002
  7.666764020656845E-002
  7.574801848037614E-002
  6.618719306586018E-002
  6.473042384082237E-002
  6.753245925291007E-002
  7.210773893146187E-002
  7.215278695890032E-002
  7.898078165425645E-002
  6.494875300029260E-002
  6.810787086142663E-002
  7.153953527217748E-002
  6.897796765213314E-002
  7.154531738416840E-002
  7.022861846614425E-002
  6.862707526408494E-002
  6.903005829172651E-002
  7.906862876221707E-002
  7.045597865789648E-002
  6.981450182321537E-002
  6.597288105369188E-002
  7.324817162386216E-002
  7.404059581371743E-002
  7.348494140475088E-002
  7.013423612789656E-002
  7.452808521308235E-002
  7.173647338850567E-002
  7.320099195422435E-002
  6.865901893242393E-002
  6.822646618449317E-002
  7.158783085387845E-002
  7.289101491818002E-002
  6.495130228826258E-002
  6.747709409312730E-002
  6.514178515589013E-002
  7.036403080498983E-002
  6.752639302133435E-002
  7.629815554265605E-002
  6.769040123640199E-002
  6.996630030649686E-002
  7.691214362155617E-002
  7.300510799655985E-002
  7.225418201440084E-002
  7.692311244140812E-002
  6.889147364372861E-002
  7.718388814936232E-002
  6.887090088251126E-002
  7.651184557141319E-002
  7.164998412307508E-002
  7.275052202346398E-002
  6.930406690094081E-002
  7.019771495262526E-002
  7.219781709949659E-002
  6.992650592895806E-002
  7.415489275190798E-002
  7.175086426354850E-002
  7.102932970401005E-002
  7.156116256091964E-002
  7.374570951015533E-002
  7.667312513148551E-002
  7.063510071820334E-002
  7.374668722980791E-002
  6.683104956459901E-002
  7.134678977661640E-002
  7.011923200901041E-002
  5.972816673717479E-002
  7.118583968848680E-002
  7.209602591846147E-002
  8.121644949876212E-002
  7.145541121177851E-002
  7.107189185625097E-002
  7.227561100276914E-002
  7.174850965394036E-002
  6.589751303748154E-002
  6.777136075180261E-002
  7.034152586303981E-002
  7.435903609735650E-002
  7.056068629490463E-002
  6.886412483720090E-002
  7.668596339173103E-002
  7.165690622762050E-002
  6.732248855299010E-002
  6.668461041387044E-002
  6.925916859975657E-002
  6.485306354995328E-002
  6.849526719343625E-002
  7.390832775800138E-002
  6.431980873276044E-002
  7.253217969142763E-002
  7.276231526355899E-002
  7.137742601922306E-002
  7.197648051061030E-002
  7.319665471901875E-002
  6.607559732056784E-002
  7.392720623830040E-002
  6.132307116491582E-002
  6.989884196470871E-002
  7.376109024393143E-002
  7.274161737938853E-002
  6.675342370386314E-002
  6.455554887613954E-002
  6.964081379159304E-002
  7.348394508982753E-002
  6.584140315489355E-002
  6.940847019387468E-002
  6.462226772009425E-002
  7.224613893579730E-002
  6.826003046033216E-002
  7.412343205065602E-002
  7.305705822742010E-002
  7.382885749291920E-002
  7.584261131086252E-002
  7.080118445749985E-002
  6.988514743871183E-002
  7.547133475727665E-002
  6.766254913186801E-002
  6.917464577977342E-002
  7.143060327179848E-002
  7.859315796022676E-002
  7.207797411851515E-002
  6.847823507688597E-002
  7.169037702539588E-002
  6.953141599563192E-002
  6.885637393305005E-002
  6.464256806379665E-002
  7.107209452409512E-002
  6.892227777318823E-002
  7.362984183952904E-002
  7.186069534661638E-002
  7.406243319673232E-002
  6.724496979733911E-002
  7.131398708496213E-002
  6.715177995407319E-002
  6.807791935797061E-002
  6.739621676230614E-002
  7.198516713708437E-002
  6.410619434315216E-002
  6.665033820364218E-002
  6.894519772380926E-002
  6.875487331498498E-002
  6.983268211178030E-002
  7.387718106704429E-002
  7.360781250580853E-002
  6.859056660483528E-002
  7.914609209129529E-002
  7.336313323672893E-002
  7.036447380699706E-002
  7.368830163902788E-002
  7.615478563589961E-002
  7.229120995027366E-002
  6.981382360355792E-002
  6.561098361435630E-002
  6.702119948920768E-002
  6.665714272344304E-002
  6.908157344773105E-002
  6.480157591954455E-002
  6.860917057902682E-002
  6.764650985729441E-002
  7.007721935613292E-002
  7.287366913213823E-002
  7.319496166685020E-002
  7.570032220776077E-002
  7.143117095646336E-002
  7.181486500357506E-002
  6.965732231782983E-002
  6.835542943235516E-002
  7.243998985102910E-002
  7.388352193828157E-002
  7.618628985906317E-002
  7.678487411709799E-002
  6.698134087357253E-002
  7.266378719693781E-002
  7.620724462434139E-002
  7.644580246300571E-002
  6.455368693025997E-002
  7.011936529144451E-002
  6.614870417267049E-002
  7.278570203624185E-002
  7.148072684702886E-002
  7.530108472066598E-002
  7.094820743098298E-002
  6.913696011250933E-002
  6.628543955121120E-002
  7.556627092630622E-002
  7.349059273441344E-002
  7.088647740128282E-002
  7.181172717173384E-002
  6.897182248016190E-002
  7.791746547466456E-002
  7.378883219567278E-002
  6.573419792077348E-002
  7.236755530066989E-002
  6.949304784526952E-002
  7.045297536850618E-002
  6.936847884378990E-002
  7.131618693880545E-002
  6.827036578521203E-002
  6.867694535789931E-002
  7.250175102891765E-002
  6.732939469893670E-002
  7.314261525923064E-002
  6.630945879995151E-002
  7.517342132274347E-002
  6.956287617995338E-002
  7.260818646707647E-002
  7.070187327761768E-002
  6.940843021366956E-002
  6.513981606054096E-002
  7.318897821775505E-002
  6.746060210378577E-002
  7.413702114608355E-002
  7.140411189119068E-002
  7.299848145462999E-002
  7.464143534609778E-002
  7.613347409045387E-002
  6.973899362816424E-002
  7.267645143941755E-002
  7.018736322711341E-002
  7.138955698584783E-002
  7.020752682497546E-002
  7.505109510040311E-002
  7.667634166633552E-002
  7.425945702766121E-002
  6.886688450020445E-002
  6.594382247407601E-002
  6.530509985184041E-002
  6.499210051546057E-002
  7.302947025467335E-002
  6.764192968183368E-002
  8.019485004941709E-002
  6.864789386716366E-002
  7.452357394652898E-002
  6.821668073468960E-002
  6.952847057313272E-002
  7.035217744025250E-002
  7.397881181270813E-002
  6.907917766324928E-002
  7.129206617709320E-002
  6.231671850012244E-002
  6.912828663546572E-002
  7.167553760347020E-002
  7.083702355469827E-002
  6.947803586425848E-002
  6.887454759344834E-002
  6.781071433611092E-002
  7.143932359772014E-002
  7.382661185031407E-002
  7.011192299369724E-002
  6.792533245489270E-002
  7.412009355520888E-002
  7.407751918764141E-002
  7.168640712626040E-002
  6.640613701957258E-002
  6.505789924953118E-002
  7.481986402395302E-002
  6.905310064986254E-002
  7.507837547870622E-002
  7.128907831327912E-002
  6.662608610080108E-002
  7.012313411131701E-002
  7.201017692790619E-002
  6.958464173165643E-002
  6.952897049731864E-002
  7.024559218729215E-002
  7.991818065830819E-002
  6.563848864852616E-002
  6.784062136317200E-002
  6.535425328361955E-002
  6.918226255072475E-002
  7.408029258663104E-002
  7.269798972102395E-002
  7.357381064034579E-002
  7.527632486010449E-002
  7.009512068895372E-002
  7.033962864096337E-002
  6.851989563169594E-002
  7.262146573358361E-002
  6.908024624957748E-002
  6.997576932215108E-002
  7.877561866080011E-002
  6.820750232448043E-002
  6.713066954891779E-002
  6.864730370840981E-002
  7.159880876210474E-002
  7.182137802664697E-002
  7.410940503870973E-002
  8.055198345888483E-002
  7.618779954111309E-002
  7.014019363661825E-002
  7.179870174026574E-002
  7.363044602180642E-002
  6.641012410234842E-002
  6.925519197604109E-002
  7.036691709034185E-002
  7.785124247537717E-002
  6.505414246294253E-002
  6.846975386404355E-002
  6.947383159849645E-002
  7.238154459584431E-002
  6.620833376056165E-002
  6.917074998196161E-002
  7.249309896804944E-002
  7.760559939324116E-002
  7.317561585973875E-002
  6.336729828421415E-002
  6.659300210786537E-002
  6.553421813949259E-002
  6.561458089878444E-002
  7.033240620987953E-002
  7.357759424749466E-002
  7.137216465212078E-002
  6.944102256677685E-002
  7.408620710835551E-002
  6.758747744927045E-002
  7.856215484425136E-002
  7.073752417853631E-002
  7.695142103149132E-002
  7.413013003960466E-002
  7.369955405867162E-002
  7.031168948650444E-002
  6.059687197999582E-002
  7.475592795960588E-002
  6.877267974483114E-002
  6.573167377204095E-002
  7.797271402274375E-002
  6.957407735851666E-002
  6.908039153784024E-002
  7.384292914978341E-002
  7.275631605169094E-002
  7.157444633338866E-002
  6.487165053633516E-002
  7.021644857692272E-002
  6.963707817903375E-002
  7.031604820735099E-002
  6.826227497151316E-002
  7.788924777929312E-002
  6.438202390675517E-002
  6.415139652229866E-002
  7.354807952216819E-002
  7.017754958325076E-002
  6.135075721334217E-002
  6.590893509088289E-002
  7.107162991178455E-002
  6.463662555519531E-002
  7.218311814170481E-002
  7.729609102611369E-002
  6.999313431510076E-002
  7.065359587043621E-002
  7.340012804594583E-002
  7.338446858796351E-002
  6.378257353088981E-002
  6.676902897026124E-002
  6.908762841005926E-002
  7.130439651631926E-002
  7.183648125235195E-002
  7.590070950290204E-002
  6.801888521854987E-002
  6.752428877725035E-002
  7.514639018970998E-002
  7.226389363151517E-002
  7.445041374419717E-002
  7.016491753596912E-002
  7.385935763149250E-002
  6.912639535126011E-002
  6.577138898841818E-002
  7.224156171548894E-002
  7.191688004564036E-002
  7.163999745001956E-002
  7.291346449681414E-002
  6.962761248965159E-002
  6.844772666279100E-002
  6.505262376618719E-002
  7.127342587645127E-002
  6.811686741421634E-002
  7.146434521834266E-002
  7.302920506677771E-002
  7.028182869943052E-002
  6.941462069247388E-002
  6.474823220127013E-002
  7.230354215136356E-002
  7.381560961156966E-002
  7.025430200238442E-002
  6.618529723173522E-002
  6.544981586647867E-002
  7.146093711317719E-002
  6.754608886357774E-002
  6.748119817742773E-002
  7.520544020840425E-002
  7.752648266236425E-002
  7.362578289420478E-002
  7.339026704387751E-002
  7.032904824810478E-002
  7.012449175796004E-002
  6.540539889531578E-002
  7.732828625655051E-002
  6.909817669739082E-002
  7.715239929447085E-002
  7.459171579190081E-002
  6.843831740030971E-002
  7.494822293923230E-002
  7.265097384196147E-002
  6.545890534973474E-002
  6.637127529981623E-002
  7.173779364574433E-002
  6.954068023246393E-002
  7.158548361422672E-002
  6.574684666784809E-002
  7.119628141716958E-002
  6.544618377596767E-002
  7.104812330739785E-002
  6.933198407616899E-002
  7.253766212119728E-002
  7.317963714643394E-002
  6.936395844236914E-002
  7.369670859081162E-002
  7.565022508784691E-002
  7.218733717399935E-002
  6.871813063250774E-002
  7.174673198213340E-002
  6.923590401613808E-002
  6.969470520477405E-002
  7.387967881921682E-002
  7.470296910362539E-002
  7.306016569672716E-002
  6.660411359392625E-002
  6.950171656871443E-002
  7.079750773718378E-002
  4.925881405074453E-002
  5.180926216653436E-002
  6.718944975654166E-002
  4.308564497967409E-002
  5.593023901762029E-002
  5.288524072829803E-002
  5.866999658344204E-002
  5.028283373249291E-002
  4.578600379482536E-002
  4.502964118185971E-002
  5.128099458949927E-002
  3.991186130004620E-002
  4.894206073755474E-002
  6.252954482251363E-002
  5.171000903599988E-002
  5.099150903471675E-002
  4.846663154336697E-002
  5.833926595005162E-002
  5.693601256428224E-002
  4.204403528102662E-002
  5.123175524014666E-002
  5.743919853834051E-002
  4.701352479915156E-002
  5.289554877140305E-002
  5.191571780217245E-002
  5.194773837848392E-002
  4.892405873155540E-002
  5.756593997029805E-002
  6.030923954711984E-002
  5.514787400496124E-002
  5.324078356437811E-002
  4.433615456088626E-002
  5.122218539308074E-002
  5.344536993130567E-002
  5.827070290690615E-002
  5.527553475856009E-002
  5.523070196643942E-002
  5.772404486575330E-002
  5.778315612480872E-002
  4.659276643393465E-002
  5.132973743279958E-002
  5.060815659407424E-002
  5.279409857757839E-002
  4.769238573586734E-002
  4.438071191438051E-002
  5.811565350336615E-002
  6.045984672561346E-002
  4.887620031129763E-002
  4.359371425967275E-002
  3.382184611352450E-002
  5.224001395191807E-002
  4.191364561979827E-002
  4.544270673865313E-002
  5.133640412929518E-002
  5.059059298154953E-002
  5.936837437173085E-002
  4.878120849758973E-002
  4.407900633739008E-002
  3.977840818014444E-002
  4.602687265248569E-002
  4.182980693038089E-002
  5.362845658165667E-002
  4.148278255885098E-002
  4.338603622208794E-002
  4.710087029256065E-002
  5.058308274159652E-002
  4.175441543830350E-002
  4.691790017435898E-002
  4.493775827081383E-002
  5.999530549495441E-002
  5.363609584132441E-002
  5.111649829736348E-002
  4.649371570738407E-002
  5.955229637643380E-002
  7.145665238840687E-002
  5.704701362426667E-002
  4.218099480541339E-002
  4.083455610488472E-002
  4.878191742975736E-002
  4.338627768817178E-002
  4.341557170738568E-002
  5.971242660312970E-002
  4.667214027385193E-002
  3.570287610590122E-002
  5.144554216930131E-002
  3.869049324887891E-002
  3.876990390858480E-002
  4.510412930758496E-002
  4.363588439144378E-002
  4.049921812852206E-002
  5.514171843704495E-002
  4.593728483719854E-002
  5.376064897031713E-002
  5.640706331938822E-002
  5.157658658890112E-002
  5.338651420792930E-002
  5.874536242662259E-002
  4.743213317357698E-002
  4.542811532060698E-002
  5.025273358414422E-002
  5.649897968540243E-002
  4.881715398869386E-002
  4.852247709213137E-002
  4.111471458398824E-002
  4.088324816195987E-002
  4.933131358014935E-002
  5.439395309149988E-002
  5.145555661995317E-002
  4.492741334948381E-002
  4.529047107661670E-002
  5.099929669315651E-002
  5.015373713226068E-002
  5.300179481453295E-002
  4.398429133274143E-002
  4.253643539449050E-002
  4.837993409383502E-002
  4.539866794548066E-002
  3.418496087856697E-002
  4.061907805655025E-002
  6.419427521586878E-002
  4.275507820125005E-002
  5.014612005451121E-002
  5.318280910367047E-002
  4.796394957321680E-002
  4.735649120233608E-002
  5.229133068444525E-002
  4.361130487434717E-002
  4.707309150705426E-002
  6.924229759877308E-002
  4.672610709657937E-002
  5.345235676185900E-002
  4.697704954309863E-002
  5.517191996608888E-002
  5.468314245017129E-002
  5.541020589031691E-002
  5.925844301856557E-002
  4.419612583810000E-002
  6.190702164455003E-002
  5.067364431757126E-002
  5.147219717315252E-002
  4.272710308287835E-002
  4.416115603238084E-002
  5.554834762909454E-002
  4.915132317287214E-002
  3.895171464005580E-002
  5.125070057673654E-002
  4.835624192818816E-002
  4.774899462839496E-002
  4.865529608021468E-002
  5.606421044163593E-002
  4.178606714704611E-002
  6.272653111661679E-002
  4.550054760512756E-002
  5.135117197131080E-002
  5.062193758312347E-002
  3.135718085688494E-002
  5.412378635364437E-002
  5.525788760814114E-002
  4.548328697845019E-002
  5.100089635767899E-002
  5.485468478681926E-002
  4.280288353181463E-002
  4.400009869063527E-002
  5.640900833319547E-002
  5.728067213662436E-002
  4.434082898566728E-002
  5.358851198711482E-002
  4.555622758786547E-002
  4.896549106922660E-002
  5.551881063971756E-002
  4.342396623640761E-002
  5.493104753581001E-002
  5.103743990371550E-002
  4.192804978125807E-002
  4.817235346600268E-002
  5.600254712107729E-002
  6.205349787784092E-002
  4.931392912447504E-002
  5.136325806731527E-002
  3.877569475912934E-002
  4.972204898367920E-002
  4.743488881028902E-002
  5.773445205375236E-002
  4.809803412178606E-002
  4.641514883727182E-002
  4.825827785595606E-002
  6.791625159527805E-002
  4.768384379531637E-002
  4.273568143731264E-002
  5.294844790166167E-002
  5.703283198332560E-002
  4.596434680901609E-002
  5.700012794722840E-002
  4.133528956231925E-002
  4.906470561956566E-002
  4.581104219656868E-002
  4.608415326104763E-002
  4.958047673502806E-002
  4.932501349444408E-002
  5.207272616796470E-002
  5.227488714465358E-002
  4.000446018050481E-002
  4.672283279022673E-002
  3.882585308423475E-002
  4.880712669643714E-002
  4.822184514576255E-002
  4.852753766661044E-002
  5.768396819786632E-002
  3.533359735848430E-002
  3.673054189335147E-002
  4.553434728547590E-002
  4.025955523307386E-002
  5.123185597442373E-002
  4.220018090265723E-002
  5.326103263369292E-002
  4.735767850632441E-002
  5.369593179707959E-002
  4.276262049048003E-002
  4.440317908821448E-002
  5.473853239442399E-002
  5.241022173222497E-002
  4.909556432181247E-002
  5.202589064733212E-002
  5.121892938330784E-002
  4.138787363250034E-002
  4.903154848282631E-002
  6.501949787503165E-002
  4.030580364682795E-002
  4.273761312380928E-002
  6.201332412338852E-002
  6.326816094542272E-002
  4.393682083042592E-002
  4.380857150941992E-002
  4.464137420792797E-002
  5.766125650215608E-002
  4.002188419443192E-002
  5.688098519699381E-002
  4.545212655249817E-002
  5.187445767669328E-002
  4.488071188917453E-002
  4.981812990721917E-002
  5.815672347917158E-002
  4.659622301735539E-002
  6.272376203208432E-002
  5.497143754893388E-002
  5.130623962593691E-002
  4.286276120192336E-002
  5.203782233975619E-002
  4.680667751220557E-002
  4.786998647023898E-002
  4.769864323171723E-002
  5.649606471966503E-002
  3.872637782768182E-002
  4.427944533511877E-002
  5.085058357495986E-002
  4.286658882844097E-002
  4.660934098133377E-002
  5.640356155057799E-002
  4.953821979040534E-002
  4.432281889797462E-002
  4.819224658752883E-002
  3.908835101500580E-002
  6.298854782127437E-002
  5.488924053884405E-002
  5.515061336670295E-002
  4.190033791237809E-002
  4.943766167882618E-002
  5.692925670521747E-002
  4.645037108367260E-002
  4.675694023261859E-002
  4.820429744945876E-002
  4.371221949163394E-002
  6.233857213280097E-002
  5.401979871328632E-002
  4.732445741043324E-002
  5.155007224845436E-002
  4.109181462826657E-002
  4.475888244563068E-002
  4.499636373841540E-002
  6.398733736342976E-002
  5.691638104799685E-002
  4.419656707119667E-002
  5.068961559241116E-002
  5.111307535131249E-002
  4.938430777655087E-002
  5.571299694943976E-002
  4.963672967324102E-002
  6.439044618503958E-002
  5.650563981621418E-002
  4.305964544225417E-002
  5.824402316654290E-002
  4.243152007056121E-002
  6.353007662063520E-002
  4.969438690395853E-002
  6.748439019239638E-002
  3.933547189650140E-002
  5.373214689768725E-002
  5.096683301925876E-002
  4.580547010237385E-002
  5.444335161843279E-002
  4.431120772889333E-002
  5.412842759916859E-002
  5.136337040378694E-002
  5.753723133001863E-002
  5.328472434894835E-002
  6.659728497087723E-002
  4.916151744883888E-002
  4.437838333123035E-002
  5.445841976146960E-002
  4.892997899123940E-002
  5.431213756543519E-002
  4.800751589668050E-002
  4.817764817154866E-002
  5.373807323329258E-002
  4.954408951501716E-002
  4.299002819771814E-002
  4.738535572795825E-002
  4.151295381781137E-002
  4.105122616855352E-002
  3.682796649812915E-002
  4.380670718588464E-002
  6.837268444559953E-002
  5.309406376143328E-002
  6.504444474602004E-002
  5.748532644330224E-002
  4.139958516993841E-002
  5.982973400613929E-002
  5.325013718879181E-002
  4.731716868444668E-002
  5.285203992212213E-002
  6.775157191199568E-002
  4.868234194333090E-002
  4.258818831918521E-002
  5.618619898100410E-002
  5.586396417159320E-002
  4.771961573571087E-002
  4.448841066497958E-002
  4.500790181448353E-002
  6.198883501829160E-002
  5.121160527243811E-002
  5.887847175109506E-002
  3.478696469537369E-002
  4.625645289988986E-002
  4.413635834408414E-002
  4.124373943214846E-002
  5.318567595299986E-002
  5.253920401518603E-002
  5.902282693167418E-002
  4.123698826077315E-002
  4.195302233342318E-002
  4.693687913945047E-002
  4.777103095636959E-002
  4.033629442368054E-002
  5.709496543401821E-002
  5.874413822638123E-002
  4.396620619071508E-002
  4.147075865865070E-002
  5.679964021205285E-002
  6.180113913507922E-002
  4.897076929845100E-002
  4.110066334066537E-002
  4.696488872178048E-002
  4.638529225480645E-002
  4.427705167310191E-002
  4.191926922533736E-002
  4.761390076283797E-002
  5.758040697218204E-002
  5.056513713194679E-002
  4.584308372717338E-002
  6.217963859946373E-002
  5.767430416124921E-002
  4.659384208917544E-002
  4.832038377758250E-002
  5.081486870212559E-002
  4.951937743070099E-002
  4.590967848210707E-002
  5.521153398929571E-002
  5.208766519548749E-002
  4.540366545131497E-002
  5.653700247181823E-002
  4.462207451831299E-002
  5.231206506030694E-002
  5.569073115797818E-002
  5.512848871042254E-002
  4.220908744905966E-002
  5.869563910937117E-002
  4.436976645423710E-002
  6.728012176749788E-002
  4.578867532389748E-002
  5.946117422193956E-002
  4.702525344804889E-002
  5.483940095170847E-002
  5.332248738592106E-002
  5.271060027471355E-002
  5.931161367349440E-002
  4.825507119783114E-002
  5.505767272173666E-002
  6.536219990194934E-002
  4.926740552449782E-002
  5.398288643772142E-002
  4.432168637063216E-002
  3.732621555221303E-002
  5.599640110612882E-002
  4.759186209583031E-002
  3.818883250395334E-002
  4.970786581418040E-002
  5.478088001136111E-002
  6.407162223761377E-002
  4.995683007624501E-002
  5.754510400405178E-002
  4.926080174278508E-002
  5.580705457988099E-002
  4.773376054168241E-002
  6.110034718352843E-002
  4.738127857362607E-002
  4.957354421545085E-002
  5.051542756109594E-002
  5.283540650510208E-002
  5.162410475665476E-002
  4.758594688271837E-002
  5.022280667984229E-002
  5.099961212251279E-002
  4.461999217861758E-002
  7.535600397497930E-002
  5.447763621617602E-002
  4.790891501367067E-002
  4.359568302058841E-002
  4.002748155455026E-002
  5.443286157682423E-002
  5.401617991776829E-002
  4.878469003055677E-002
  4.529367154328988E-002
  5.185086339167086E-002
  4.750538406083302E-002
  5.545871450778571E-002
  4.790158345385374E-002
  4.989212552558635E-002
  5.067455442301962E-002
  4.272659691506862E-002
  4.527134332296785E-002
  6.265145596985544E-002
  4.027665534451912E-002
  4.852365828663117E-002
  5.376366523481386E-002
  4.372665687419983E-002
  4.910070047504320E-002
  3.955702044950490E-002
  4.422689535727180E-002
  4.680907489138676E-002
  6.909665791928955E-002
  4.295486274217158E-002
  4.745190538544077E-002
  4.685325712902803E-002
  4.992322875255069E-002
  5.444788328145612E-002
  5.539514866367408E-002
  6.768290915662901E-002
  5.407836431189042E-002
  5.765014121739362E-002
  4.719210212042447E-002
  4.724238730755496E-002
  4.556586217084108E-002
  3.933255760011814E-002
  4.450778368075508E-002
  4.579633182733769E-002
  5.321936465428854E-002
  5.305076459908772E-002
  4.979780024602383E-002
  4.599147692252178E-002
  4.284216877106991E-002
  6.212424427233993E-002
  3.395318947823747E-002
  4.400741477998148E-002
  6.954164170591036E-002
  5.149923127930894E-002
  5.186606683723168E-002
  5.155661066155757E-002
  4.606499897313011E-002
  4.628171127649258E-002
  5.225701959337220E-002
  4.578241029609109E-002
  4.685197868033704E-002
  5.223710333624001E-002
  5.045233420234733E-002
  4.638185566464759E-002
  5.323421469865289E-002
  4.983158156864997E-002
  4.422258859055124E-002
  4.607673398443930E-002
  4.948537909433315E-002
  4.815427257699426E-002
  4.465210005553333E-002
  4.894244634173316E-002
  5.025766501794866E-002
  6.135479225495151E-002
  5.039991001396592E-002
  5.674517332624104E-002
  5.955650810006170E-002
  5.762473446795280E-002
  4.746577777672722E-002
  3.516759391866476E-002
  4.404935226856267E-002
  4.001511591783543E-002
  6.057595145599313E-002
  5.218308202052211E-002
  4.185803115867964E-002
  4.388941036151935E-002
  6.249339754584238E-002
  4.121077617973289E-002
  4.951489569450063E-002
  5.764774415032237E-002
  4.858001156386803E-002
  4.359508458203543E-002
  4.490767917804493E-002
  4.563163294438376E-002
  5.169047328616239E-002
  5.287715283390648E-002
  4.540607074559717E-002
  4.918200618693244E-002
  4.361175780786603E-002
  4.908319741073827E-002
  5.611526339235541E-002
  4.816301706739556E-002
  4.611999623988458E-002
  5.882333806641742E-002
  5.072560142443563E-002
  4.529585274175445E-002
  4.520743600543854E-002
  5.614569547475837E-002
  5.038922199810941E-002
  6.932503544754871E-002
  4.946454400535381E-002
  4.464657420148508E-002
  4.693506770667719E-002
  4.740056354417391E-002
  5.151892341731102E-002
  5.127432952148698E-002
  4.518973024542869E-002
  5.804582434289625E-002
  5.258489735270837E-002
  4.945274334840958E-002
  4.020087474411690E-002
  5.150881730785465E-002
  5.606107401888144E-002
  4.855802346002779E-002
  4.839392367057010E-002
  4.679189519428438E-002
  4.369146187888182E-002
  5.074999614224529E-002
  5.228168709861199E-002
  4.863518421559636E-002
  4.463845850368822E-002
  5.517481920691871E-002
  5.356140358172264E-002
  4.722300928867757E-002
  4.295371712194838E-002
  4.482773416148744E-002
  5.310291986553664E-002
  4.073273027148008E-002
  6.333886352230290E-002
  4.201712823187588E-002
  5.113996601071495E-002
  5.071622209344967E-002
  4.866008439988261E-002
  5.665853571428661E-002
  4.881636974429408E-002
  4.612000751380707E-002
  4.888645376843084E-002
  5.283995921883695E-002
  5.674979432082079E-002
  4.466301110896206E-002
  5.770611458548228E-002
  4.517112759642691E-002
  4.543145397099934E-002
  5.493241946441193E-002
  5.057769882462396E-002
  4.725269579183264E-002
  3.717291015433108E-002
  4.762276941497681E-002
  4.852907521356817E-002
  5.447133823777471E-002
  6.875418731927210E-002
  4.422523346509557E-002
  4.562044739868718E-002
  5.583491653728714E-002
  4.733051499002069E-002
  4.980739388342806E-002
  4.495454277936787E-002
  4.367995797802428E-002
  4.605196363780748E-002
  6.892386971601432E-002
  4.840176247364741E-002
  4.672644397468634E-002
  3.905754952692272E-002
  4.751373767061115E-002
  5.073682823328186E-002
  5.223973650753481E-002
  5.357144733105507E-002
  5.389777413730709E-002
  5.347303027315578E-002
  5.492921660989801E-002
  4.324140649570089E-002
  5.154758826451534E-002
  5.229339987394980E-002
  5.789670266904031E-002
  4.828095588878946E-002
  4.324645672294054E-002
  4.374305977679799E-002
  4.702841818451578E-002
  3.988735171143631E-002
  4.919252070208539E-002
  4.728833778259766E-002
  4.335394499203634E-002
  5.210132807966349E-002
  5.657405262151491E-002
  5.501914725799447E-002
  5.747250862633092E-002
  5.372411388244747E-002
  5.950495442310062E-002
  4.742365985380922E-002
  6.040445794025821E-002
  5.826218189190346E-002
  6.787127402869485E-002
  5.050448433738530E-002
  4.795331314094006E-002
  5.183342362607157E-002
  4.606419753783497E-002
  6.046939550108246E-002
  4.638887107244066E-002
  4.827758424753828E-002
  5.050802087466228E-002
  5.120469905082174E-002
  5.569767276468567E-002
  4.739180670017173E-002
  5.469752938632348E-002
  4.348692379349312E-002
  5.479185345783016E-002
  5.078810062111162E-002
  3.521481240723615E-002
  4.883947664549986E-002
  5.206528889855443E-002
  6.325956620584541E-002
  4.882808575649822E-002
  4.881937025148825E-002
  5.127297918509705E-002
  4.743408768079668E-002
  4.230084844112592E-002
  4.211607158781459E-002
  4.596808732843397E-002
  5.275730584357529E-002
  5.029775871980514E-002
  5.400298934213398E-002
  5.946434437233300E-002
  5.536364812257107E-002
  4.390589334573984E-002
  4.373835713819776E-002
  4.440947209745206E-002
  3.936586756663202E-002
  4.172374385509925E-002
  5.087311282619150E-002
  4.116498806277981E-002
  4.596747408390612E-002
  4.974506101851890E-002
  4.499209711543507E-002
  5.120613308501891E-002
  5.438893714001249E-002
  4.499371039623964E-002
  5.073321753832739E-002
  4.146427151409397E-002
  5.182354798412658E-002
  5.944530769071531E-002
  5.310624649126690E-002
  3.902746878182040E-002
  4.177551339245415E-002
  4.922370290054082E-002
  4.970207221935527E-002
  4.749666691318935E-002
  4.510191804260665E-002
  3.906675743614472E-002
  6.004423211329413E-002
  4.914112441197251E-002
  5.835980674818748E-002
  5.026657417610732E-002
  5.828192134903257E-002
  5.935658509051674E-002
  4.595488682167373E-002
  5.239656526513899E-002
  5.263283577225782E-002
  4.747602118559359E-002
  4.198304015532114E-002
  4.263082680065141E-002
  7.113806728196020E-002
  4.962305135163634E-002
  5.114408073606253E-002
  4.697789592769336E-002
  4.589462487828809E-002
  4.225772062158135E-002
  3.699589579951973E-002
  4.477050116310507E-002
  4.010950857370459E-002
  4.578915055624454E-002
  6.046365302681135E-002
  5.588544520243372E-002
  4.893663864024834E-002
  5.248509504723188E-002
  4.057817032219288E-002
  4.405568158312403E-002
  4.444837993237183E-002
  4.972196153573806E-002
  3.898493470116302E-002
  4.594102945589289E-002
  5.158360393829513E-002
  3.958498352267487E-002
  4.488515053034366E-002
  5.926733535727977E-002
  5.249640857428960E-002
  4.509035114728983E-002
  5.970704519325895E-002
  5.543907548595819E-002
  4.575734734039793E-002
  4.999449222522658E-002
  5.770426002597096E-002
  4.803576390589267E-002
  4.401364896405079E-002
  4.289875485997847E-002
  5.114554054768663E-002
  4.171414511755866E-002
  5.818837132072065E-002
  4.240203275554354E-002
  4.678960005786640E-002
  4.788604577561639E-002
  4.709592834785636E-002
  6.034074978756147E-002
  5.259132620381803E-002
  5.576740906415071E-002
  4.655223662559278E-002
  5.446832868021002E-002
  4.979725626850952E-002
  4.244689804691466E-002
  5.134349027347748E-002
  5.529575655444947E-002
  5.214804490209322E-002
  5.561162869709070E-002
  3.850704384609300E-002
  4.951807981280562E-002
  6.108802101541990E-002
  6.923172269252731E-002
  4.291544063704517E-002
  5.428611994853150E-002
  4.126239989717895E-002
  5.422754421213999E-002
  5.416693536986657E-002
  5.758158488756829E-002
  5.125942637350516E-002
  3.981969457883073E-002
  4.164596273481646E-002
  6.126000010979934E-002
  5.329846519955403E-002
  5.310101603409045E-002
  5.000558716680728E-002
  4.959651639398034E-002
  6.840502139611926E-002
  4.661326608980054E-002
  4.185739405613789E-002
  5.021733921084849E-002
  4.382538968651722E-002
  4.406016229019039E-002
  4.942538059572254E-002
  4.495785839864158E-002
  3.994820330478235E-002
  5.061001630253852E-002
  5.342259065085257E-002
  4.438181530703915E-002
  5.692319344023849E-002
  4.249395367123320E-002
  5.247501863875127E-002
  4.391566434438198E-002
  4.958521168470469E-002
  5.140267913165468E-002
  5.633608438717229E-002
  4.305314386286573E-002
  5.045677683746246E-002
  4.152023759203031E-002
  5.094672988131677E-002
  4.961735019547145E-002
  4.737678103493035E-002
  5.071949258486702E-002
  5.925406462697267E-002
  4.179032407094468E-002
  4.629647490030064E-002
  4.522881908086026E-002
  5.227935801928569E-002
  4.768573033727648E-002
  5.580339201945998E-002
  5.975263164100232E-002
  5.526795791733322E-002
  4.532409480974676E-002
  4.389981565621767E-002
  4.823752448316269E-002
  4.179161939940039E-002
  5.232261155377628E-002
  4.321441153416158E-002
  7.078764883743274E-002
  4.408612508755223E-002
  6.335412223878639E-002
  4.903906623053092E-002
  4.751867463179837E-002
  5.967319061838169E-002
  5.789892821155888E-002
  5.403390554294104E-002
  5.131075260970346E-002
  4.213138728802616E-002
  5.784781321551381E-002
  4.474659271031584E-002
  5.599942473663224E-002
  5.182139739328551E-002
  4.669874134328696E-002
  5.840824136567454E-002
  5.504822604554821E-002
  5.404416056294772E-002
  4.889274041833875E-002
  4.452392383631762E-002
  5.315610898104405E-002
  5.080077717137610E-002
  5.467074903359942E-002
  4.290723388637521E-002
  3.728509928941803E-002
  5.939720087379109E-002
  4.547487456593927E-002
  5.489277240379233E-002
  5.052677958588143E-002
  4.495842715334639E-002
  5.019567690932597E-002
  5.351006428624379E-002
  4.317054695691095E-002
  4.307448582829761E-002
  4.529537748442563E-002
  6.856773905307237E-002
  4.785272211994880E-002
  4.829840779639279E-002
  4.034996430255051E-002
  4.309116726109027E-002
  5.368880375828448E-002
  5.527325979435208E-002
  5.573286004004527E-002
  6.066492899423499E-002
  5.761811190731791E-002
  5.038668044500617E-002
  4.515989760539758E-002
  5.027492573011032E-002
  5.186244027530330E-002
  4.703114512784951E-002
  6.817926892662049E-002
  4.413427592446386E-002
  4.419753610272110E-002
  4.438442864332094E-002
  5.664622843290684E-002
  5.467863862772786E-002
  5.307179926241123E-002
  5.529039200284090E-002
  5.489855083972438E-002
  4.284082437011563E-002
  4.785673398679787E-002
  5.651153876327809E-002
  4.419264822934277E-002
  4.999217822826711E-002
  4.925950060137172E-002
  5.522697518419063E-002
  4.404086040441878E-002
  5.440964505385357E-002
  5.011256899700311E-002
  5.535823330044471E-002
  4.445958319423014E-002
  4.344103224583337E-002
  5.017722815514938E-002
  6.936546047000451E-002
  5.870767179785076E-002
  3.977257323453941E-002
  4.745636087598989E-002
  4.365113181529563E-002
  4.043834263341414E-002
  4.638604552181884E-002
  5.486207318995495E-002
  5.347652702981415E-002
  4.698532918209068E-002
  5.514829483138336E-002
  4.546859241452495E-002
  6.242416717392209E-002
  4.499329594716956E-002
  5.819687727320022E-002
  6.119243758244921E-002
  5.496587285071830E-002
  4.933281457606050E-002
  3.595338619150131E-002
  5.693132120190118E-002
  4.794949261926185E-002
  4.195213313477077E-002
  6.786893386395233E-002
  4.409116482116334E-002
  4.884355174599542E-002
  4.746166799054389E-002
  5.964273793054294E-002
  4.303800210285883E-002
  4.340606641831218E-002
  4.280471688768398E-002
  4.948401064536562E-002
  4.618057449856276E-002
  4.500176185333488E-002
  5.862399157110310E-002
  4.505852682744393E-002
  4.430085904412891E-002
  5.062402308856292E-002
  4.651274257108946E-002
  3.694011504225414E-002
  3.910491343967498E-002
  5.412468057101836E-002
  4.381799779725268E-002
  4.823680893350375E-002
  5.109542982911552E-002
  5.272228280289919E-002
  4.715929452802278E-002
  5.165411555262630E-002
  5.963339686004775E-002
  4.797179298104676E-002
  4.179813896022053E-002
  4.781838600006540E-002
  5.043051986042252E-002
  4.342432986588524E-002
  5.046455809777851E-002
  5.258804026660891E-002
  4.422481358547310E-002
  4.988357962984852E-002
  4.964434497986921E-002
  4.926303477873485E-002
  4.230680343578747E-002
  5.756876330044733E-002
  4.973560572327929E-002
  4.029694062382796E-002
  4.950335599327649E-002
  4.690662148920167E-002
  4.967714982627664E-002
  4.939843990208098E-002
  4.838945379977032E-002
  4.431812697011783E-002
  4.100893324137794E-002
  4.970442946761331E-002
  4.519625319646704E-002
  5.158314761165581E-002
  5.019007612059127E-002
  4.558253982356174E-002
  4.555140125283212E-002
  4.962821037669839E-002
  4.915313981919548E-002
  4.915856346518677E-002
  5.875342551539697E-002
  3.998694903409438E-002
  3.732366828321085E-002
  5.012672864229634E-002
  3.814072834337143E-002
  5.130010461789145E-002
  5.008224497931259E-002
  6.611338831971952E-002
  5.390046388084558E-002
  4.884602585284414E-002
  4.782363367444849E-002
  4.661358029860469E-002
  4.382594944868620E-002
  5.355200589563785E-002
  5.387747908423906E-002
  5.844885049773457E-002
  5.474309033341664E-002
  3.905242552958595E-002
  6.198881004162906E-002
  5.372787044930026E-002
  4.119205438348249E-002
  4.293737298435291E-002
  5.550342070902483E-002
  4.225727086720419E-002
  5.476900028703977E-002
  4.933150493092893E-002
  5.168494080885457E-002
  3.898080717245705E-002
  4.668371204619518E-002
  4.595420326721007E-002
  5.605877136030624E-002
  5.287573577342316E-002
  5.350067286662279E-002
  5.932485991578168E-002
  5.252098544063868E-002
  5.162094720064228E-002
  4.843514727069394E-002
  4.686444382997242E-002
  4.933666862162335E-002
  4.276555517011275E-002
  5.563620052248559E-002
  6.678344389347335E-002
  5.017516687308674E-002
  4.215443930929730E-002
  4.970098469761530E-002
  4.164265861706398E-002
