  2.141299609563617E-002
  2.280751160197436E-002
  2.263722771059089E-002
  2.074077341516148E-002
  2.170870406795151E-002
  2.221819677967912E-002
  2.232720918709061E-002
  2.349027608756092E-002
  2.276528391029815E-002
  2.261892916624577E-002
  2.153917238869526E-002
  2.286560084162288E-002
  2.117851917101175E-002
  2.339182547162018E-002
  2.274503470154976E-002
  2.146716919288293E-002
  2.292314091147750E-002
  2.080257728261276E-002
  2.315006097653989E-002
  2.320103541568645E-002
  2.400961962828427E-002
  2.162445632271172E-002
  2.342839660036911E-002
  2.233153300404359E-002
  2.121946905310246E-002
  2.400752544510715E-002
  2.277640489026995E-002
  2.204888524814990E-002
  2.055955695628000E-002
  2.209141416817149E-002
  2.153552938950135E-002
  2.188332203885663E-002
  2.182189950466529E-002
  2.237833012381416E-002
  2.152866734583175E-002
  2.204595717334896E-002
  2.281110964894019E-002
  2.194449569010121E-002
  2.059274515167329E-002
  2.213506536496126E-002
  2.160832198220405E-002
  2.241883560507562E-002
  2.114425535066520E-002
  2.186483106257911E-002
  2.372472376869139E-002
  2.312589811855676E-002
  2.276513545965785E-002
  2.568502288663760E-002
  2.136512272180697E-002
  2.360393932678400E-002
  2.268654601104763E-002
  2.064322245607119E-002
  2.320822493222575E-002
  2.423444979769301E-002
  2.208647599440028E-002
  2.259876618124286E-002
  2.386858265302661E-002
  2.203231088867795E-002
  2.231461308494789E-002
  1.982970739441987E-002
  2.190167780055290E-002
  2.446361784186216E-002
  2.163446802037070E-002
  2.137834258569799E-002
  1.994463470585402E-002
  2.199513463149850E-002
  2.219995827104413E-002
  1.983027091581217E-002
  2.428187529072679E-002
  2.267180853124627E-002
  2.276774447060536E-002
  2.403094234825633E-002
  2.338232152337219E-002
  2.267139362716842E-002
  2.281890496333605E-002
  2.016233302034871E-002
  2.253108194976536E-002
  2.197276424475440E-002
  2.274113313027041E-002
  2.031848691681234E-002
  2.111859847115819E-002
  2.170472533230153E-002
  2.193406962534469E-002
  2.211355395031067E-002
  1.980448471560830E-002
  2.207308284290203E-002
  1.963661817356223E-002
  2.200388563391863E-002
  2.397931593449191E-002
  2.384178316870040E-002
  2.252983663423143E-002
  2.195087191226989E-002
  2.084754317418266E-002
  2.205787013285025E-002
  1.981778069360744E-002
  2.146789022156951E-002
  2.325147611750093E-002
  2.113288503339112E-002
  1.951800846855792E-002
  2.085006382086361E-002
  2.307401945730654E-002
  2.373077335480539E-002
  2.351761921244765E-002
  2.254568191195561E-002
  2.227963297860103E-002
  2.344026715461828E-002
  2.089193025113429E-002
  2.403475562477553E-002
  2.041105560162713E-002
  2.225686434233623E-002
  2.306953141237968E-002
  2.280888970514652E-002
  2.348309699579445E-002
  2.266401421422592E-002
  2.276849845918344E-002
  2.151418844634868E-002
  2.214673494271327E-002
  2.158342569568615E-002
  2.294040429969181E-002
  2.318971117751849E-002
  2.202252525595861E-002
  2.041909769602169E-002
  2.375746414389094E-002
  2.248168641275280E-002
  2.214998724516763E-002
  2.194753122932026E-002
  2.262032857096679E-002
  2.206487036818637E-002
  2.001253736423330E-002
  2.132791419535356E-002
  2.443667527769745E-002
  2.140578604110313E-002
  2.333800891867968E-002
  2.256654279662278E-002
  2.337422187789780E-002
  2.088104081359064E-002
  2.039472656658428E-002
  2.337150418150494E-002
  2.230259915861242E-002
  2.325444937351731E-002
  2.371704866186986E-002
  2.408810002477725E-002
  2.314361386988143E-002
  2.047672820365215E-002
  2.166062065866178E-002
  2.256841315916527E-002
  1.962477377986249E-002
  2.242430911086872E-002
  2.513039785971923E-002
  2.231106572566516E-002
  2.210929379798414E-002
  2.096774470000040E-002
  2.210434738470851E-002
  2.178697876021619E-002
  2.243979746398953E-002
  2.122997693311221E-002
  2.325035313992931E-002
  2.274935948388382E-002
  2.184721891422923E-002
  2.328116515896872E-002
  1.974201447141838E-002
  2.097634162894768E-002
  2.157472791938121E-002
  2.177002335681139E-002
  2.170292354051121E-002
  2.382686813352107E-002
  2.362620195255359E-002
  2.173014267645879E-002
  2.298295340960920E-002
  2.151624160530947E-002
  2.076168509268589E-002
  2.106426662760223E-002
  2.466320625250751E-002
  2.249760761330311E-002
  2.312771557523782E-002
  2.135117668611040E-002
  2.295075360698871E-002
  2.065983066791493E-002
  2.392347441795359E-002
  2.352351634915526E-002
  2.164429996659672E-002
  2.219775273936266E-002
  2.331092939649486E-002
  2.274027942942961E-002
  2.255721018750323E-002
  2.181837028117439E-002
  2.276036759368453E-002
  2.378961886996121E-002
  2.229018201031632E-002
  2.058893690397020E-002
  2.235179021373690E-002
  2.098882859943503E-002
  2.071181555114797E-002
  2.307369420532814E-002
  2.202888615456719E-002
  2.212999213693645E-002
  2.152752730389197E-002
  2.249270476426987E-002
  2.259863853903926E-002
  2.051309540344332E-002
  2.055358135751671E-002
  2.280271191469011E-002
  2.264927664495699E-002
  2.322417654002241E-002
  2.252719128482493E-002
  2.215613341555811E-002
  2.341040495878933E-002
  2.284543375081323E-002
  2.330008000229308E-002
  2.231459874373842E-002
  2.378953247340728E-002
  2.232556487750090E-002
  2.317656017557240E-002
  2.193009543122188E-002
  2.291348022541933E-002
  1.989984542611410E-002
  2.326461699032473E-002
  2.179748694760347E-002
  2.215771814901285E-002
  2.314797480700711E-002
  2.191930808725743E-002
  2.306183291138309E-002
  2.241241905615204E-002
  2.356105454469411E-002
  2.279078010993883E-002
  2.065782920295011E-002
  2.176423172688369E-002
  2.230632890861950E-002
  2.236003352312447E-002
  2.350675531937776E-002
  2.326058782279160E-002
  2.166763114493873E-002
  1.999563219036040E-002
  2.173385839631990E-002
  2.258383348875520E-002
  2.147507346611337E-002
  2.240420048372028E-002
  2.121061183369311E-002
  2.155609491335980E-002
  2.313701612256223E-002
  2.245516249767979E-002
  2.316335508254246E-002
  2.180029777965210E-002
  2.258344363379379E-002
  2.144937133442315E-002
  2.079279087591013E-002
  2.034192819382598E-002
  2.067944343952861E-002
  2.409803150529260E-002
  2.297809400376022E-002
  2.210347217256926E-002
  2.233908328479058E-002
  2.101476197532508E-002
  2.245892868750271E-002
  2.313541490904099E-002
  2.325041366446906E-002
  2.042851156950786E-002
  2.364752162474133E-002
  2.154936195586302E-002
  2.222977157257398E-002
  2.332737677163476E-002
  2.210088998307657E-002
  2.215907148474710E-002
  2.245247437952321E-002
  2.362867334138072E-002
  2.305241922481054E-002
  2.125260172894650E-002
  2.480659483193486E-002
  2.221990372492822E-002
  2.344311305549290E-002
  2.079134086068581E-002
  2.086063872247256E-002
  2.166393516553457E-002
  2.410194217895091E-002
  2.115440483581277E-002
  2.203758754635241E-002
  2.097965637029852E-002
  2.250751445779443E-002
  2.239029215627664E-002
  2.121048929227105E-002
  2.116816201444342E-002
  2.116304533808908E-002
  2.261946118329205E-002
  2.359922854532205E-002
  2.178236059122760E-002
  2.324919146146743E-002
  2.030050466416783E-002
  2.355269700483005E-002
  2.311206842538343E-002
  2.461010867130418E-002
  2.291059904816253E-002
  2.265690244807254E-002
  2.313757070510783E-002
  2.252825969770190E-002
  2.049495754381707E-002
  2.315880808637628E-002
  2.386692018447829E-002
  2.183134515768131E-002
  2.403708209069749E-002
  2.033499384994007E-002
  2.358818312681465E-002
  2.330315359232882E-002
  2.273608935537360E-002
  2.212213329363468E-002
  2.142820740401700E-002
  2.183429044024540E-002
  2.144204488245223E-002
  2.122166224545618E-002
  2.145678649694308E-002
  2.070207826222905E-002
  2.271019203032515E-002
  2.266902204129445E-002
  2.144136500809278E-002
  2.266973221561607E-002
  2.227449711064208E-002
  2.203073820119960E-002
  2.101967139989677E-002
  2.185724570552900E-002
  2.114996440364868E-002
  2.228896934979212E-002
  2.312926728381447E-002
  2.225046437322811E-002
  2.259453495586785E-002
  2.253188921335495E-002
  2.346247984218081E-002
  2.301780257207313E-002
  2.106854720118609E-002
  2.142149492898323E-002
  2.277963822787349E-002
  2.106439240574677E-002
  2.176269747328945E-002
  2.227293245066200E-002
  2.132478635170409E-002
  2.299766922132700E-002
  2.166963319609045E-002
  2.200019156958008E-002
  2.145985944477521E-002
  2.147726904944042E-002
  2.170032765385281E-002
  2.118459390063983E-002
  2.322834443466965E-002
  2.305884534911715E-002
  2.301901342751438E-002
  2.226094851835968E-002
  2.404283111638146E-002
  2.361272258463150E-002
  2.304373484196927E-002
  2.245018067925384E-002
  2.085129039460993E-002
  2.210420077897870E-002
  2.522762633654825E-002
  2.346879002148987E-002
  2.156536955827681E-002
  2.088994149527207E-002
  2.279292028899873E-002
  2.313430808512642E-002
  2.309042344538328E-002
  2.156112736713171E-002
  2.194089194911700E-002
  1.997985085218047E-002
  2.193607156764938E-002
  1.972325993419375E-002
  2.273884288562746E-002
  2.233178562434038E-002
  2.095160039081563E-002
  2.336876024689693E-002
  2.166081549584290E-002
  2.292649914169823E-002
  2.324370255760760E-002
  2.171025180632216E-002
  2.252835958679535E-002
  2.253769643049148E-002
  2.120578796108085E-002
  2.409967377253918E-002
  2.114262064874506E-002
  2.105490710681780E-002
  2.130874401629742E-002
  2.071195150517605E-002
  2.110429553335244E-002
  2.294420598363389E-002
  2.132141194260351E-002
  2.281985171994737E-002
  2.172213574776245E-002
  2.367851179338346E-002
  2.197248089801135E-002
  2.126253816008463E-002
  2.371853960407040E-002
  2.203735914060051E-002
  2.093635899839526E-002
  2.288641779016154E-002
  2.414223809128660E-002
  2.101276833382362E-002
  2.142776947317368E-002
  2.016971410207933E-002
  2.295266714262768E-002
  2.085987488460502E-002
  2.323529512930920E-002
  2.151093526950433E-002
  2.224627038430314E-002
  2.014371619263900E-002
  2.305428184881135E-002
  2.459554777562355E-002
  2.057338233882329E-002
  2.164173276810257E-002
  2.055688060436536E-002
  2.254888806347248E-002
  2.047979379280175E-002
  2.191622976957579E-002
  2.316415000313726E-002
  2.324159476212531E-002
  2.255394056846162E-002
  2.103888587586367E-002
  1.961033764361244E-002
  2.116442653938641E-002
  2.345168776424322E-002
  2.227301562190048E-002
  2.311508934420028E-002
  2.201522577481568E-002
  2.152597456892421E-002
  2.262128472377867E-002
  2.199366781794311E-002
  2.349164177625377E-002
  2.287737246758276E-002
  2.071255071892416E-002
  2.158423363173334E-002
  2.050790860087927E-002
  2.167324934651021E-002
  2.179786663697526E-002
  2.303219575415330E-002
  2.462993630830684E-002
  2.159387247783623E-002
  2.383507138378510E-002
  2.347896606769986E-002
  2.412286187052426E-002
  2.413589927299854E-002
  2.341477255546523E-002
  2.084984681397372E-002
  2.499963932997054E-002
  2.107852152047703E-002
  2.304422272589572E-002
  2.177932404773355E-002
  2.440284559568009E-002
  2.290289174549626E-002
  2.236670553166389E-002
  2.305179792222066E-002
  2.134035288542244E-002
  2.331072718620219E-002
  2.556209488239355E-002
  2.299974241523033E-002
  2.178608108799213E-002
  2.430489613609226E-002
  2.326262465017110E-002
  2.143488899376167E-002
  2.111769819661480E-002
  2.438757341670535E-002
  2.131737128272905E-002
  2.419856346949766E-002
  2.181380503642328E-002
  2.168101486011866E-002
  2.330042815267072E-002
  2.224192429434298E-002
  2.304433263748475E-002
  2.083441748282805E-002
  2.213906083731887E-002
  2.161525236942969E-002
  2.258908705243472E-002
  2.200685754422238E-002
  2.227740078466720E-002
  2.162535813220811E-002
  2.163457827779043E-002
  2.322308958789771E-002
  2.283624362630430E-002
  2.177166782803103E-002
  2.174583467802841E-002
  2.071444151611880E-002
  2.110985220844714E-002
  2.325620590821350E-002
  2.246381358014177E-002
  2.034221465458790E-002
  2.083773428487842E-002
  2.018830755380555E-002
  2.315486966389252E-002
  2.242432944261350E-002
  2.326575471961929E-002
  2.250001032086257E-002
  2.239769539834929E-002
  2.398717227574895E-002
  2.186361203370799E-002
  2.042982229517846E-002
  2.215684427748047E-002
  2.046744716639793E-002
  2.246909187434211E-002
  2.292032108227210E-002
  2.152256153159218E-002
  2.205991693931702E-002
  2.382268555773845E-002
  2.273726883103222E-002
  2.117059639112908E-002
  2.188854940554731E-002
  2.165807626676747E-002
  2.212585866961613E-002
  2.370266979697295E-002
  2.178903859141984E-002
  2.260232095834398E-002
  2.317489584416226E-002
  2.376518942198731E-002
  2.361389323320838E-002
  2.352245724520583E-002
  2.010525903314457E-002
  2.137846502533220E-002
  2.203203613185687E-002
  2.029901142348548E-002
  2.179441031128177E-002
  2.166584992798568E-002
  2.047577543709313E-002
  2.313083991195066E-002
  2.257425595529300E-002
  2.288383624118413E-002
  2.220460094769128E-002
  2.209947267850540E-002
  2.164179682112793E-002
  2.429296372161663E-002
  2.113393700576227E-002
  2.165929654106386E-002
  2.173668085980020E-002
  2.425173147912636E-002
  2.315891418174458E-002
  2.415443583561780E-002
  2.202183568287030E-002
  2.126708322347727E-002
  2.233950918717792E-002
  2.043705769530301E-002
  2.356707924253646E-002
  2.107911790490730E-002
  2.195112000193661E-002
  2.221617026627401E-002
  2.170178903240888E-002
  2.317209112424311E-002
  2.247081937748066E-002
  2.136584952429904E-002
  2.225882385902372E-002
  2.226292279616230E-002
  2.177351048081073E-002
  2.126536088110291E-002
  2.250927228582907E-002
  2.290944715978145E-002
  2.173128939565891E-002
  2.405073987623492E-002
  2.275138320667109E-002
  2.278287782422894E-002
  2.172832722002876E-002
  2.306018556671141E-002
  2.244519832621856E-002
  2.465753114891211E-002
  2.280456856290924E-002
  2.097670566228726E-002
  2.180294977784585E-002
  2.218105324256617E-002
  2.330703235850172E-002
  2.239340108986591E-002
  2.279987197592038E-002
  2.051860587730763E-002
  2.211772579194859E-002
  2.238188867791657E-002
  2.177437471691800E-002
  2.241840798821169E-002
  2.425664456753909E-002
  2.058937894511420E-002
  2.151139786144782E-002
  2.230012938556836E-002
  2.197223927083158E-002
  2.112749590981964E-002
  2.214193354575507E-002
  1.999412073271264E-002
  2.126816189411259E-002
  2.243993148907109E-002
  2.242160470629708E-002
  2.118191721670869E-002
  2.109683718183347E-002
  2.188300936951913E-002
  2.115260950115158E-002
  2.357250530815065E-002
  2.136660107596024E-002
  1.956471602659417E-002
  2.430061356277992E-002
  2.371133406580806E-002
  2.021199233038614E-002
  2.351735530685342E-002
  2.016108487596456E-002
  2.187687271367632E-002
  2.384970256473963E-002
  2.376348838947483E-002
  2.312833999110728E-002
  2.302475746863914E-002
  2.278964784742472E-002
  2.266479896643813E-002
  2.182476434470684E-002
  2.132965918215480E-002
  2.305788125992350E-002
  2.204066697357135E-002
  2.265249426613276E-002
  2.215361192343254E-002
  2.235792837197892E-002
  1.970635613768668E-002
  2.026758810330682E-002
  2.221239613817014E-002
  2.193130287573256E-002
  2.102481827890016E-002
  2.293646329402853E-002
  2.248275705268460E-002
  2.182851681957433E-002
  2.169176367345478E-002
  2.404180076423474E-002
  2.322321070658166E-002
  2.259247383633759E-002
  2.140304700664588E-002
  2.323789313557763E-002
  2.145519346174767E-002
  2.260322348309539E-002
  2.438940218291393E-002
  2.231164588976134E-002
  2.550378310770374E-002
  2.204729273359666E-002
  2.279237541901965E-002
  2.270750041098560E-002
  2.417944444170345E-002
  2.381490022313433E-002
  2.123238261736366E-002
  2.334881187018011E-002
  2.001429590967808E-002
  2.262989393333816E-002
  2.223956717979310E-002
  2.082670680619074E-002
  2.270872455498710E-002
  1.980052325126213E-002
  2.311657932902613E-002
  2.359670024045787E-002
  2.329722727149207E-002
  2.340934067028495E-002
  2.257463079862998E-002
  2.112676489275060E-002
  2.098665590024577E-002
  2.243347705418538E-002
  2.255640761042205E-002
  2.191010432135767E-002
  2.142556059190363E-002
  2.379367253541948E-002
  2.021673182953576E-002
  2.146702293774275E-002
  2.096988514494538E-002
  2.360262611101822E-002
  2.250730079313129E-002
  2.100244833198755E-002
  2.153151630171687E-002
  2.565034805645579E-002
  2.400119021418251E-002
  2.391657561829059E-002
  2.189204040390781E-002
  2.171803855332219E-002
  1.995232635008544E-002
  2.077839150997511E-002
  2.089043552881956E-002
  2.271649836258791E-002
  2.209887757041974E-002
  2.108720101051783E-002
  2.235576761837444E-002
  2.288026214627295E-002
  2.279675216987805E-002
  2.207523652444025E-002
  2.082198133352946E-002
  2.302342288188239E-002
  2.222290841900362E-002
  2.375618968362226E-002
  2.279216132437457E-002
  2.380087714527956E-002
  2.383347175326037E-002
  2.252984482166337E-002
  2.119896105440578E-002
  2.107150254486137E-002
  2.420055698901184E-002
  2.291633706170433E-002
  2.263020652692421E-002
  2.226161565785899E-002
  2.180371236126764E-002
  2.424228982310988E-002
  2.443003846847196E-002
  2.071332567455320E-002
  2.263958568902604E-002
  2.365250010038993E-002
  2.167316279494074E-002
  2.033343319090296E-002
  2.338850567261681E-002
  2.248701305321697E-002
  2.167715686048258E-002
  2.146811737656561E-002
  2.276810861983589E-002
  2.024265690348314E-002
  2.170563093325734E-002
  2.215920538102607E-002
  2.121347816502938E-002
  2.121822719525543E-002
  2.176840597629088E-002
  2.184994318155921E-002
  2.222103125673241E-002
  2.307049439094302E-002
  2.079928029879458E-002
  2.136857677351324E-002
  2.140413180664340E-002
  2.252683779939128E-002
  2.357486459331300E-002
  2.192109315470920E-002
  2.290343668290401E-002
  2.267171206036734E-002
  2.160354442217214E-002
  2.203512162497639E-002
  2.061097851440211E-002
  2.299700140437313E-002
  2.245409682564455E-002
  2.455387858447043E-002
  2.247010708981898E-002
  2.264379971551312E-002
  2.199016578745362E-002
  2.192940933424296E-002
  2.168338751343692E-002
  2.122086363430314E-002
  2.271086185698859E-002
  2.029911220145047E-002
  2.109691378598238E-002
  2.119348237168270E-002
  2.282341251644125E-002
  2.195334679167644E-002
  2.175687808474103E-002
  2.206919337360087E-002
  2.340321430201887E-002
  2.249956575335435E-002
  2.051767890130574E-002
  2.310170102602720E-002
  2.213833732766741E-002
  2.137728627528066E-002
  2.123312574019919E-002
  2.099171659529784E-002
  2.126474566207887E-002
  2.083345796578968E-002
  2.185962136202515E-002
  2.249673140651851E-002
  2.236530336131782E-002
  2.260768767535184E-002
  2.154377758862477E-002
  2.069900080947069E-002
  2.140694563653192E-002
  2.129757914719176E-002
  2.189314011145243E-002
  2.068590674780108E-002
  2.254425206645171E-002
  2.283862550332650E-002
  2.256460530818117E-002
  2.288798291867757E-002
  2.174742228881895E-002
  2.150515577421687E-002
  2.331050541931696E-002
  2.344001654742077E-002
  2.287711938528700E-002
  2.247463436001852E-002
  2.142973911481068E-002
  2.402855709103393E-002
  2.178541719116775E-002
  2.419070661741401E-002
  2.326851122270947E-002
  2.501326643998493E-002
  2.337682025440841E-002
  2.115522797555374E-002
  2.381296862358886E-002
  2.405788958880277E-002
  2.252119160584642E-002
  2.167954475775918E-002
  2.083220182780787E-002
  2.426375926742887E-002
  2.169909467145870E-002
  2.177256741478676E-002
  2.289299551926185E-002
  2.138872485741610E-002
  2.317278569197028E-002
  2.236766609314243E-002
  2.139547060249548E-002
  2.212058986482168E-002
  2.241769911851279E-002
  2.217190131736711E-002
  2.282642951086076E-002
  2.423455335721210E-002
  2.252890769314255E-002
  2.268097139250915E-002
  2.187293002504185E-002
  2.183508214696538E-002
  2.272185411433852E-002
  2.200249863683403E-002
  2.095629403068384E-002
  2.125284531166586E-002
  2.382947540697565E-002
  2.277505727014564E-002
  2.146979237943042E-002
  2.233758034202741E-002
  2.236799252963423E-002
  2.056948688152029E-002
  2.143377792058359E-002
  2.247024139402375E-002
  2.210479612268700E-002
  2.062544720497186E-002
  2.104524095886006E-002
  2.256843064097203E-002
  2.295273698418782E-002
  2.473911860022393E-002
  2.154649395861686E-002
  2.327503442536289E-002
  2.169651656077862E-002
  2.275856751781658E-002
  2.356410799553222E-002
  2.152527389888962E-002
  2.246935085878552E-002
  2.323484830118522E-002
  2.158590753263751E-002
  2.232380059275679E-002
  2.337175929533441E-002
  2.109384027342731E-002
  2.178111423226310E-002
  2.181369988003429E-002
  2.242836847002450E-002
  2.113273004794290E-002
  2.174263858981503E-002
  2.199170031088056E-002
  2.140124592097339E-002
  2.215692762312132E-002
  2.224136734104069E-002
  2.269490413588000E-002
  2.020199000663444E-002
  2.174748455682479E-002
  2.376201291080888E-002
  1.968227851701747E-002
  2.264837967101302E-002
  2.116495914228854E-002
  2.199687926873650E-002
  2.387979412523371E-002
  2.041015383259511E-002
  2.308104726984108E-002
  2.178602717342901E-002
  2.107471213637091E-002
  2.330189017255373E-002
  2.272056894608910E-002
  2.222373988159295E-002
  2.210658295393770E-002
  2.383500468286232E-002
  2.059977835854294E-002
  2.338200313272884E-002
  2.358931251793926E-002
  2.253517853500871E-002
  2.095064737140362E-002
  2.389263611996966E-002
  2.249375279619919E-002
  2.373032714039911E-002
  2.200045167132570E-002
  2.148393996997268E-002
  2.261687187835301E-002
  2.178303822181973E-002
  2.193144027348895E-002
  1.985417108422255E-002
  2.238960513841269E-002
  2.203025182102038E-002
  2.233681386285417E-002
  2.187495894748709E-002
  2.201829098841542E-002
  2.007752455663620E-002
  2.344896500755138E-002
  2.213341845688984E-002
  2.324237051317711E-002
  2.241368586387153E-002
  2.265362081510883E-002
  2.088636447437032E-002
  2.090730781475414E-002
  2.245635151637577E-002
  2.247665369043835E-002
  2.179605818341763E-002
  2.203351833494518E-002
  2.379226645494746E-002
  2.278354629362933E-002
  2.199418579966536E-002
  2.217851880575839E-002
  2.280489835804141E-002
  2.158010218501607E-002
  2.087883410872561E-002
  2.264813715198532E-002
  2.067648657928046E-002
  2.123131712757247E-002
  2.275242769158667E-002
  2.121415075100560E-002
  2.235188589676341E-002
  1.993300144986011E-002
  2.351093401174641E-002
  2.111695823773318E-002
  2.223610443259807E-002
  1.911541742926815E-002
  2.322250084170850E-002
  2.229711828196567E-002
  2.087951471937251E-002
  2.097026955938489E-002
  2.331191053015935E-002
  2.259940699510062E-002
  2.149480780386745E-002
  2.305154635507637E-002
  2.363426059938952E-002
  2.385155251404874E-002
  2.346825393983162E-002
  2.227887448386023E-002
  2.134217185317508E-002
  2.410012779521710E-002
  2.389132146774706E-002
  2.194128606095683E-002
  2.280512765767828E-002
  2.176131235094907E-002
  2.292191152213565E-002
  2.161051329611288E-002
  2.269100224624350E-002
  2.239693274362342E-002
  2.156212450550626E-002
  2.265343266440367E-002
  2.461385479485752E-002
  2.428375334949382E-002
  2.404500559544265E-002
  2.255604644854279E-002
  2.228412932100174E-002
  2.209415553701900E-002
  2.082164872672335E-002
  2.164455342140330E-002
  2.297723957674049E-002
  2.463520275933857E-002
  2.183764339039347E-002
  2.118362995066378E-002
  2.435600696143413E-002
  2.313710927614943E-002
  2.299591293756684E-002
  2.201858262355018E-002
  2.178820155800906E-002
  2.302644846611149E-002
  2.234414372947566E-002
  2.291810650955929E-002
  2.323555682059385E-002
  2.292872014896786E-002
  2.308312098731276E-002
  2.274767271800087E-002
  2.216462607546773E-002
  2.083040819939954E-002
  1.998663756339865E-002
  2.265660475710060E-002
  2.251708362829174E-002
  2.251299264912845E-002
  2.130276899846485E-002
  2.331796403075186E-002
  2.422912300591559E-002
  2.159411638087454E-002
  2.238896422850366E-002
  2.336735584076132E-002
  2.027792995101702E-002
  2.338897719881508E-002
  2.264620206116046E-002
  2.166339955075075E-002
  2.123958576039274E-002
  2.207382985058825E-002
  2.271810362026409E-002
  2.176686119512335E-002
  2.206276641272416E-002
  2.126276113976169E-002
  2.122262816473337E-002
  2.253056881971036E-002
  2.150759263435459E-002
  2.030675626913100E-002
  2.303355513685002E-002
  2.146204427639896E-002
  2.333509104377783E-002
  2.220572144956482E-002
  2.200641642598228E-002
  2.362545157801330E-002
  2.203991644143317E-002
  2.273308402092356E-002
  2.207331246737728E-002
  2.311848837753546E-002
  2.217774002685556E-002
  2.239493074546360E-002
  2.239667459074828E-002
  2.069658148631731E-002
  2.192382170750962E-002
  2.266061391445198E-002
  2.302128053729874E-002
  2.275902491331331E-002
  2.334248249000534E-002
  2.394277654846711E-002
  2.405366462079391E-002
  2.310358401411682E-002
  2.164846753460339E-002
  2.306673476191099E-002
  2.207768725704686E-002
  2.190986965605731E-002
  2.297292813020004E-002
  1.356440615801128E-002
  1.567363799879263E-002
  1.699863754120666E-002
  1.281092693128702E-002
  1.757034915575646E-002
  1.756227283120630E-002
  1.674037855581965E-002
  1.728398220288857E-002
  1.436474958701194E-002
  1.803689461229692E-002
  1.454586613751766E-002
  1.519972409728568E-002
  1.514442245380169E-002
  1.695688061352551E-002
  1.695157543698601E-002
  1.531550997295671E-002
  1.734367540559184E-002
  1.330903105705465E-002
  1.658620866397677E-002
  1.171069924913580E-002
  1.832307452114704E-002
  1.267414110763207E-002
  2.026438118182483E-002
  1.636116320786015E-002
  1.305306729747412E-002
  1.995130366009391E-002
  1.455064037435231E-002
  1.476672448142244E-002
  1.310253385398048E-002
  1.328101586496185E-002
  1.322169451541761E-002
  1.434847023659558E-002
  1.363257875725440E-002
  1.774834783385150E-002
  1.711977669313683E-002
  1.646152748867325E-002
  1.593975352469230E-002
  1.426748881238019E-002
  1.283814455419013E-002
  1.492970609091429E-002
  1.492171450582437E-002
  1.511717805422782E-002
  1.397214102201478E-002
  1.486289428060658E-002
  1.775469173192087E-002
  1.822320304508483E-002
  1.799457094145466E-002
  2.306412674866049E-002
  1.446330858283626E-002
  1.705936653263388E-002
  1.604438464748424E-002
  1.300112838572040E-002
  1.644010520930808E-002
  1.771219625858322E-002
  1.555926591846656E-002
  1.671218073762790E-002
  1.620107544657292E-002
  1.340097372628994E-002
  1.538702805649651E-002
  1.110041206291487E-002
  1.399146264695451E-002
  1.844090039148418E-002
  1.537948061420379E-002
  1.481055371413497E-002
  1.347632577183367E-002
  1.451914095322551E-002
  1.642417424750409E-002
  1.277862057563666E-002
  1.676858251105382E-002
  1.677174721695538E-002
  1.871961625635579E-002
  1.685158977711704E-002
  1.641611852514487E-002
  1.606065724440269E-002
  1.646782726747151E-002
  1.350631863816434E-002
  1.774666509433611E-002
  1.441642774390047E-002
  1.721999672094482E-002
  1.402693755351024E-002
  1.377023962479831E-002
  1.320626711567236E-002
  1.553946527339979E-002
  1.553825789766045E-002
  1.306784840626515E-002
  1.533976093865688E-002
  1.223474011232169E-002
  1.538837029265455E-002
  1.672820827401256E-002
  1.585321291660889E-002
  1.406581505214593E-002
  1.501900993459510E-002
  1.321209917109841E-002
  1.683487752967990E-002
  1.097464757832230E-002
  1.328383618225066E-002
  1.872696082766923E-002
  1.426368796808852E-002
  1.083640052253073E-002
  1.437726350638688E-002
  1.623054074632962E-002
  1.621763234189929E-002
  1.575104941955732E-002
  1.570280737550466E-002
  1.656816628539644E-002
  1.666792489996100E-002
  1.317484599445250E-002
  2.036046740080331E-002
  1.471632434255720E-002
  1.700669096357992E-002
  1.715127730479616E-002
  1.758316575868166E-002
  1.604213309564501E-002
  1.580789775980876E-002
  1.756874019120959E-002
  1.279271626544208E-002
  1.582544713599907E-002
  1.349960294910279E-002
  1.570304892871654E-002
  1.722083634915689E-002
  1.743539010913384E-002
  1.460107814336470E-002
  1.816092735245723E-002
  1.478547418970827E-002
  1.465023216468832E-002
  1.456307195149915E-002
  1.880183425451135E-002
  1.413894728512503E-002
  1.272879474580608E-002
  1.443218593807054E-002
  1.647837825707186E-002
  1.299654912722478E-002
  1.557866577195265E-002
  1.782656284919792E-002
  1.825336737254766E-002
  1.248684227464960E-002
  1.282226761036440E-002
  1.798861242155991E-002
  1.412751890973055E-002
  1.516780960931216E-002
  1.943548074235556E-002
  2.134729690982369E-002
  1.733341964331366E-002
  1.421422201972122E-002
  1.468788024245865E-002
  1.584835545818159E-002
  1.376472962945820E-002
  1.393005739145233E-002
  2.030184607924576E-002
  1.608996084320031E-002
  1.571974968920626E-002
  1.347220091018056E-002
  1.556405835517030E-002
  1.633246896820872E-002
  1.754557037440178E-002
  1.542616054704936E-002
  1.700105188175549E-002
  1.710164115410089E-002
  1.469522099489243E-002
  1.822243839122616E-002
  1.193218762539280E-002
  1.316909267574157E-002
  1.393602992691030E-002
  1.524319449966435E-002
  1.716532731964404E-002
  1.565492535661347E-002
  1.850426721907885E-002
  1.419454367110087E-002
  1.606201465255666E-002
  1.285163617547397E-002
  1.241416968856372E-002
  1.428121672440942E-002
  1.801817261341251E-002
  1.714826249592807E-002
  1.651052077670411E-002
  1.228441615952803E-002
  1.801138411034784E-002
  1.235174772186507E-002
  1.833619520539600E-002
  1.714816717179747E-002
  1.564214535315879E-002
  1.768862162152985E-002
  1.576450820611889E-002
  1.760338435338589E-002
  1.696918204265603E-002
  1.689664988045694E-002
  1.589548624048859E-002
  1.797574700878544E-002
  1.625704034869957E-002
  1.399762725541965E-002
  1.538400459834176E-002
  1.196624879717309E-002
  1.385193121647716E-002
  1.583251564486783E-002
  1.529658407608312E-002
  1.833883879887704E-002
  1.298695179128380E-002
  1.600103985386992E-002
  1.579288139286708E-002
  1.299893409231686E-002
  1.393683937149772E-002
  1.914650175179639E-002
  1.456868370720348E-002
  1.784396567895797E-002
  1.627889591614579E-002
  1.638593437784313E-002
  1.799190409270417E-002
  1.697201224887914E-002
  1.581051170052392E-002
  1.698740969644961E-002
  2.031923696296069E-002
  1.573313377115383E-002
  1.655760033903355E-002
  1.393506895030170E-002
  1.589320406799084E-002
  1.271480333843168E-002
  1.666538195732589E-002
  1.492595285570646E-002
  1.369593229110036E-002
  1.661166435580318E-002
  1.477418903590989E-002
  1.653543414572409E-002
  1.537084244751934E-002
  1.576523146671637E-002
  1.755815954783583E-002
  1.299725640236644E-002
  1.592864060526424E-002
  1.515331332411401E-002
  1.531440077769406E-002
  1.525301492283976E-002
  1.516309493064199E-002
  1.419357261264183E-002
  1.103597628040886E-002
  1.312446154323268E-002
  1.494988070081415E-002
  1.634290698196805E-002
  2.108626615363544E-002
  1.586535380039685E-002
  1.530006068355520E-002
  1.589061445245166E-002
  1.598962305827778E-002
  1.639384952368852E-002
  1.490238008066155E-002
  1.537980669257030E-002
  1.313319868312436E-002
  1.528266446616496E-002
  1.110915491392092E-002
  1.407319697945271E-002
  2.136622375080695E-002
  1.670103168490844E-002
  1.592666448061972E-002
  1.519663928589761E-002
  1.508788527757769E-002
  1.683981941313691E-002
  1.678808266386734E-002
  1.461175938146202E-002
  1.366338632438229E-002
  1.523408132075745E-002
  1.414442575353988E-002
  1.707204467300096E-002
  1.684921317172366E-002
  1.504335184325369E-002
  1.661588783959808E-002
  1.672804697818649E-002
  1.652578472756747E-002
  1.603994156535613E-002
  1.579457910366722E-002
  1.783443245190322E-002
  1.435692709973339E-002
  1.702478846859157E-002
  1.550135878737822E-002
  1.583256092615756E-002
  1.582698416922340E-002
  1.841086522175989E-002
  1.314401760403921E-002
  1.573834343659678E-002
  1.321783988938500E-002
  1.559557067836398E-002
  1.451247124293506E-002
  1.328201326944276E-002
  1.343896029092436E-002
  1.503402227197430E-002
  1.622759216658927E-002
  1.695448432419486E-002
  1.420293188712976E-002
  1.616454175216304E-002
  1.353150991841339E-002
  1.589034427242130E-002
  1.650183873211829E-002
  2.461692939424527E-002
  1.742838304664093E-002
  1.693213387487749E-002
  1.687473187530832E-002
  1.337062575726626E-002
  1.324631052445273E-002
  1.785273216566200E-002
  1.905518805262333E-002
  1.431545534907419E-002
  1.930050233639416E-002
  1.214645725716905E-002
  1.605445330315844E-002
  1.697665476861174E-002
  1.862184153060810E-002
  1.358330943981878E-002
  1.316439224946817E-002
  1.435175434277694E-002
  1.296616283938949E-002
  1.379051289179692E-002
  1.326638765930846E-002
  1.479988378107171E-002
  1.788299174898443E-002
  1.665426801733184E-002
  1.323982015398418E-002
  1.729466186070873E-002
  1.353501057227575E-002
  1.447050198370107E-002
  1.533171346305903E-002
  1.459699556786576E-002
  1.347533839710203E-002
  1.777592648091716E-002
  1.613536004197345E-002
  1.436647761078612E-002
  1.737978115764579E-002
  1.779410016292197E-002
  1.761285986092986E-002
  1.644039687078110E-002
  1.194118679992849E-002
  1.328583275045771E-002
  1.591065227842973E-002
  1.362640737967097E-002
  1.429611486438342E-002
  1.465525584191769E-002
  1.473952002065994E-002
  1.601708910864721E-002
  1.500877418249850E-002
  1.523416833218194E-002
  1.482163411481648E-002
  1.383552109487456E-002
  1.441110613569939E-002
  1.375017424188196E-002
  1.602167398718652E-002
  1.668264585127259E-002
  1.548725838081604E-002
  1.439788022246016E-002
  1.780166164818057E-002
  1.655701286047348E-002
  1.464613865157839E-002
  1.559762444977883E-002
  1.300393281486862E-002
  1.525845917099117E-002
  1.896540719315346E-002
  1.867002092059370E-002
  1.463911169154346E-002
  1.336756796748565E-002
  1.626057571658980E-002
  1.584185949315785E-002
  1.469161276249503E-002
  1.322315622677850E-002
  1.489789835978040E-002
  1.365804310297211E-002
  1.526530298260590E-002
  1.106515504121863E-002
  1.660290440321661E-002
  1.655490530213208E-002
  1.277490271777070E-002
  1.869942450129986E-002
  1.610555111458102E-002
  1.530606502743961E-002
  1.864524546006151E-002
  1.530174683695175E-002
  1.481990717564389E-002
  1.546702639714788E-002
  1.366699554737447E-002
  1.598903982878688E-002
  1.471799013919995E-002
  1.317014526502504E-002
  1.748653950810738E-002
  1.395298336278273E-002
  1.393836803238104E-002
  1.619190213035957E-002
  1.479217113888960E-002
  1.961664340034997E-002
  1.447120296410112E-002
  1.537790769313286E-002
  1.362393988209888E-002
  1.648269679659159E-002
  1.650074675325439E-002
  1.513787860425061E-002
  1.471525034056157E-002
  1.633313885213905E-002
  1.770165764794369E-002
  1.315582826377319E-002
  1.223323084694531E-002
  1.088928298006948E-002
  1.515504711542838E-002
  1.376830187300027E-002
  1.554518371686398E-002
  1.379305268817453E-002
  1.781248108463450E-002
  1.406152169993669E-002
  1.562174760195880E-002
  1.893536850479331E-002
  1.195363728588571E-002
  1.385543350335034E-002
  1.402893654355387E-002
  1.665478309123074E-002
  1.540778999259577E-002
  1.744560318879308E-002
  1.709722335695748E-002
  1.739351193676487E-002
  1.662162370982333E-002
  1.420724540359379E-002
  1.164485909523550E-002
  1.392645430691829E-002
  1.558800128818675E-002
  1.470623783388427E-002
  1.666215298757283E-002
  1.496851097301727E-002
  1.626523783360808E-002
  1.524389166867501E-002
  1.487167743304877E-002
  1.834897269607354E-002
  1.706264703806227E-002
  1.148434685215295E-002
  1.443614686464493E-002
  1.399407214271499E-002
  1.368268587380413E-002
  1.489943831689725E-002
  1.653739573264180E-002
  1.850908794086118E-002
  1.466991974641245E-002
  1.755333886289884E-002
  1.835328449255577E-002
  1.595936824948902E-002
  1.835567593878342E-002
  1.480291860682994E-002
  1.312485586214499E-002
  1.866265207859883E-002
  1.373606875079736E-002
  1.605692376906401E-002
  1.515003261139156E-002
  1.523022202262695E-002
  1.576145215410251E-002
  1.278476327737183E-002
  1.550139637884818E-002
  1.347963476942001E-002
  1.504239060394576E-002
  2.227907041011984E-002
  1.834488361813614E-002
  1.481347905424455E-002
  2.033835179156886E-002
  1.577224061927771E-002
  1.605218061448467E-002
  1.293087266692625E-002
  1.695192178839272E-002
  1.427391837427522E-002
  1.718436896588853E-002
  1.414173181610102E-002
  1.747300904428785E-002
  1.676165014319519E-002
  1.523290042530234E-002
  1.646510113463728E-002
  1.638891636063182E-002
  1.411499967780794E-002
  1.577336197125718E-002
  1.397048598420435E-002
  1.413356001052124E-002
  1.338179802454807E-002
  1.338540518721150E-002
  1.363318513887043E-002
  1.511604317413402E-002
  1.799731197530923E-002
  1.420124325685511E-002
  1.571976169828338E-002
  1.185207408487697E-002
  1.551394863718104E-002
  1.484508893891688E-002
  1.557082911517184E-002
  1.120441170832430E-002
  1.281999867311089E-002
  1.273332416051271E-002
  1.603257416960554E-002
  1.558421445874349E-002
  1.698930678140963E-002
  1.644760786974258E-002
  1.567076917982360E-002
  1.800469959107564E-002
  1.418866497534938E-002
  1.283052963907095E-002
  1.662613278973370E-002
  1.335929164647929E-002
  1.851730875072417E-002
  1.529668529992296E-002
  1.438985588520126E-002
  1.531290671758453E-002
  1.850677108187236E-002
  1.505464404114877E-002
  1.434930499759113E-002
  1.560585632633831E-002
  1.628709552650445E-002
  1.399046895261117E-002
  2.060064978070832E-002
  1.676096636815578E-002
  1.693623353962567E-002
  1.653240541595602E-002
  1.753109681097006E-002
  1.880822536478403E-002
  1.906871613085971E-002
  1.188375144454641E-002
  1.446264241858121E-002
  1.567980317919565E-002
  1.262489819467466E-002
  1.429320865071976E-002
  1.669181388117287E-002
  1.243739184808805E-002
  1.586113864653698E-002
  1.648592471933790E-002
  1.682184608865174E-002
  1.316084117701995E-002
  2.009973577671115E-002
  1.351853098166301E-002
  1.746416810636035E-002
  1.440486230153913E-002
  1.318462625361323E-002
  1.652301370685798E-002
  1.670232603164985E-002
  1.850058541518499E-002
  1.730453752594793E-002
  1.269282648577735E-002
  1.380481283178727E-002
  1.805349116016960E-002
  1.466328277321533E-002
  1.692415360668921E-002
  1.493444687717810E-002
  1.547630703928579E-002
  1.492016424815909E-002
  1.461761596971477E-002
  1.536465706509673E-002
  1.451067161554259E-002
  1.425373364714943E-002
  1.615165320539678E-002
  1.659373456293535E-002
  1.303138817494427E-002
  1.359060575780412E-002
  1.657126209238333E-002
  1.535559515431171E-002
  1.716321159725759E-002
  1.898841362377649E-002
  1.713721112758149E-002
  1.770881174350630E-002
  1.366888895313434E-002
  1.678078907221218E-002
  1.832671368162755E-002
  1.761162232808773E-002
  1.623447868552137E-002
  1.243081192073815E-002
  1.331656174384446E-002
  1.371359314809681E-002
  1.542750625992201E-002
  1.479115387646885E-002
  1.578169506628027E-002
  1.274765446291596E-002
  1.512432472026951E-002
  1.580358804747181E-002
  1.639507658346261E-002
  1.710316347010110E-002
  1.906441394956314E-002
  1.368598485870731E-002
  1.513360176070448E-002
  1.578921482291043E-002
  1.580079727616285E-002
  1.324159922907361E-002
  1.669598680864429E-002
  1.200674144355965E-002
  1.363950119755968E-002
  1.379604206866808E-002
  1.566966959789674E-002
  1.436016206938257E-002
  1.347564119449227E-002
  1.414000957692865E-002
  1.361313530915732E-002
  1.672042770145695E-002
  1.755640365816186E-002
  1.220357312735245E-002
  1.962560807621239E-002
  1.820082502898448E-002
  1.239547208181867E-002
  1.610503435401853E-002
  1.200160395640741E-002
  1.544289989712921E-002
  1.770809415608732E-002
  1.803573203469547E-002
  1.732565517221703E-002
  1.687166308735000E-002
  1.604181980909598E-002
  1.638182326403445E-002
  1.373100537988425E-002
  1.293765774885676E-002
  1.586489502101615E-002
  1.473474418000498E-002
  1.931338342085797E-002
  1.460495107309046E-002
  1.483903755634667E-002
  1.314311637609675E-002
  1.278689018149005E-002
  1.566517114723160E-002
  1.695399691989547E-002
  1.492211374413589E-002
  1.573260377616211E-002
  1.666400583637570E-002
  1.504909167303974E-002
  1.446992765591594E-002
  1.746928095183080E-002
  1.607717550831844E-002
  1.509070784908145E-002
  1.366067682162463E-002
  1.545373260109831E-002
  1.421583507525286E-002
  1.480146093739353E-002
  1.824053314161572E-002
  1.218363597526387E-002
  2.184881461171393E-002
  1.888488716481000E-002
  1.692420999362419E-002
  1.417634781387178E-002
  1.670183091550548E-002
  1.737211493492414E-002
  1.712934982995407E-002
  1.472500271377687E-002
  1.178978028859403E-002
  1.651106058300009E-002
  1.682391395051546E-002
  1.429582216582290E-002
  1.420325731223814E-002
  1.154080147722924E-002
  1.684543111850573E-002
  1.826211911073139E-002
  2.033797126015717E-002
  1.662961429543545E-002
  1.442657735433909E-002
  1.519612371128201E-002
  1.314942314402398E-002
  1.568043109702499E-002
  1.458600764402725E-002
  1.594784961304004E-002
  1.474809508920024E-002
  1.810849615103509E-002
  1.283662985717174E-002
  1.398525691154604E-002
  1.252861447047621E-002
  1.829208499348007E-002
  1.737448811125302E-002
  1.191038430419008E-002
  1.527302707541163E-002
  1.828603241184123E-002
  1.795681489543776E-002
  1.649777818158794E-002
  1.536534005239560E-002
  1.463916917261460E-002
  1.216005771534820E-002
  1.326281539122759E-002
  1.225624159217077E-002
  1.560656362627213E-002
  1.427354240530676E-002
  1.603236838901481E-002
  1.558737657702638E-002
  1.587088274390084E-002
  1.789316969616121E-002
  1.320607347581856E-002
  1.411884305301162E-002
  1.593192317303579E-002
  1.464164931782391E-002
  1.737677147500268E-002
  1.514743296230367E-002
  1.725295348388354E-002
  1.674339399709281E-002
  1.566453225207853E-002
  1.353816996960869E-002
  1.361975782638801E-002
  1.737014029688445E-002
  1.878497498570815E-002
  1.537675682187615E-002
  1.517474029469821E-002
  1.646723750253788E-002
  1.956063558459750E-002
  1.966545597832082E-002
  1.161983218730122E-002
  1.715214248901937E-002
  1.670539352514925E-002
  1.504091720651214E-002
  1.324048064279541E-002
  1.860836403018917E-002
  1.505934225415291E-002
  1.560843609008122E-002
  1.458544986972987E-002
  1.457382408923197E-002
  1.064759940489354E-002
  1.446325098311060E-002
  1.452992169524224E-002
  1.539376662673265E-002
  1.375779983016447E-002
  1.595796293891475E-002
  1.520752680617283E-002
  1.566559124310605E-002
  1.704846748525671E-002
  1.315801128436647E-002
  1.566507288598639E-002
  1.340916284311464E-002
  1.577490325285011E-002
  1.652877848512295E-002
  1.486996185326937E-002
  1.709063757051449E-002
  1.458677917808940E-002
  1.479947826580867E-002
  1.416667657589520E-002
  1.249252229142235E-002
  1.490051211398489E-002
  1.683359790049448E-002
  2.095320865064627E-002
  1.717074526320665E-002
  1.429186162908124E-002
  1.647845842212806E-002
  1.495173000528698E-002
  1.610518303645516E-002
  1.526444914965489E-002
  1.799331070186660E-002
  1.239133566183517E-002
  1.274006207477770E-002
  1.408866293546830E-002
  1.860192854885658E-002
  1.548404553062065E-002
  1.516995332733604E-002
  1.365793458480281E-002
  1.618229320553748E-002
  1.551372120525025E-002
  1.294099254679036E-002
  1.836328240321481E-002
  1.479791407473266E-002
  1.351211173924244E-002
  1.275836677642357E-002
  1.536333141150030E-002
  1.368627943227275E-002
  1.409372633693013E-002
  1.478700162506769E-002
  1.407928935233542E-002
  1.583064646646988E-002
  1.482354873131695E-002
  1.435993993560447E-002
  1.369278947690727E-002
  1.418130569844785E-002
  1.506422666108529E-002
  1.543681732986681E-002
  1.484085004259356E-002
  1.603026469455414E-002
  1.677431051688725E-002
  1.730711811705744E-002
  1.754818881292834E-002
  1.360676016639762E-002
  1.411178843765151E-002
  2.020203907023280E-002
  1.649994863108287E-002
  1.539148269455520E-002
  1.417078810963807E-002
  1.247853400971196E-002
  1.734496599038241E-002
  1.467554653151210E-002
  1.527488723628140E-002
  1.866919296269063E-002
  1.975920157590333E-002
  1.693245536294772E-002
  1.320276497677848E-002
  1.905795636218651E-002
  1.646899067457838E-002
  1.459551966481118E-002
  1.668550412839070E-002
  1.376783935844961E-002
  1.805354395290579E-002
  1.513889794050342E-002
  1.364562754864293E-002
  1.678650313932839E-002
  1.461961117328919E-002
  1.556618634822556E-002
  1.514745457045284E-002
  1.439255764434916E-002
  1.483910611884456E-002
  1.625828207450306E-002
  1.526302756868849E-002
  1.631583478364694E-002
  1.867651547667962E-002
  1.452413482272313E-002
  1.509877259065350E-002
  1.571811170324615E-002
  1.535027381079754E-002
  1.512636629721842E-002
  1.696879808748700E-002
  1.326720358357396E-002
  1.582033783431948E-002
  1.901822882055407E-002
  1.644951479799220E-002
  1.288413312903027E-002
  1.802803440710299E-002
  1.507436669895700E-002
  1.279405183962755E-002
  1.175262025279658E-002
  1.561621211310195E-002
  1.536325602479485E-002
  1.321179437154380E-002
  1.308023607819314E-002
  1.421736479634024E-002
  1.549860572132994E-002
  2.108843739680755E-002
  1.430609688898952E-002
  1.570851604874080E-002
  1.429304348701861E-002
  1.647619424206801E-002
  2.010569007810084E-002
  1.651614211446268E-002
  1.653010391098407E-002
  1.907062863780157E-002
  1.488367780890522E-002
  1.537125676939309E-002
  1.574832960281954E-002
  1.391244669632749E-002
  1.521730452143395E-002
  1.576710395206301E-002
  1.543840816819467E-002
  1.627290941292015E-002
  1.344994753036652E-002
  1.544312774454650E-002
  1.255175430137364E-002
  1.466111380689959E-002
  1.416574066361816E-002
  1.452486782281051E-002
  1.280058547746059E-002
  1.658110355743838E-002
  1.810607628467860E-002
  1.258219320753328E-002
  1.870784035995277E-002
  1.472468347131095E-002
  1.569820949198769E-002
  1.758333965144683E-002
  1.208469341133472E-002
  1.416535263866368E-002
  1.495944268882515E-002
  1.346786283216453E-002
  2.041332469388795E-002
  1.590511300715291E-002
  1.538000846238859E-002
  1.621594226531305E-002
  1.687227358087119E-002
  1.355221540939930E-002
  1.678301594268257E-002
  1.724974177315139E-002
  1.433764887027598E-002
  1.542291441540302E-002
  1.711470656201073E-002
  1.455212252878424E-002
  1.689230676108094E-002
  1.449509463317851E-002
  1.415279990734568E-002
  1.585116572312363E-002
  1.377639191698943E-002
  1.256084735985714E-002
  1.166502982580063E-002
  1.514037393878922E-002
  1.399735635538011E-002
  1.376716532639635E-002
  1.448044924621283E-002
  1.286227389001358E-002
  1.247161648778033E-002
  1.738401194026866E-002
  1.718693095326113E-002
  1.898879355618568E-002
  1.594916308548719E-002
  1.703948207718882E-002
  1.487468997180661E-002
  1.500597783547016E-002
  1.619625604998893E-002
  1.367942623490905E-002
  1.500975960768389E-002
  1.612416212842634E-002
  1.844356058934115E-002
  2.180712480481966E-002
  1.563735731639046E-002
  1.518715205765507E-002
  1.745881866443011E-002
  1.520717304271475E-002
  1.413928852622601E-002
  1.401780459934449E-002
  1.422481582931757E-002
  1.422717024068366E-002
  1.721132242655676E-002
  1.467091414897713E-002
  1.852229827699559E-002
  1.244904955123870E-002
  1.737530304871768E-002
  1.552717457339913E-002
  1.502056424992495E-002
  1.087330176968133E-002
  1.753135953366058E-002
  1.519764532445719E-002
  1.517354787035497E-002
  1.248048296176604E-002
  1.624636490771747E-002
  1.620365821649098E-002
  1.529096019511360E-002
  1.639899104492294E-002
  1.840057221932093E-002
  1.968372007664621E-002
  1.822249412934848E-002
  1.455798900643135E-002
  1.518125733998501E-002
  1.780844302856921E-002
  1.714365508889436E-002
  1.688146775105412E-002
  1.607321479440910E-002
  1.774913354520570E-002
  1.667411691431705E-002
  1.359309402927523E-002
  1.759401231079605E-002
  1.482468732274600E-002
  1.415767275681736E-002
  1.487710124780302E-002
  1.755502852292584E-002
  1.764600012663232E-002
  1.892818417203831E-002
  1.562982387283746E-002
  1.448598275514687E-002
  1.546820150410410E-002
  1.397840206883485E-002
  1.492859051908394E-002
  1.604400786100678E-002
  1.906795699145426E-002
  1.694755299263496E-002
  1.455922987688565E-002
  1.863835400810093E-002
  1.626650688914272E-002
  1.598580778867176E-002
  1.709364371492684E-002
  1.522709386944721E-002
  1.582756740221452E-002
  1.468237855864914E-002
  1.660513195735919E-002
  1.732330477671667E-002
  1.475725854587940E-002
  1.664383017087057E-002
  1.378232774656156E-002
  1.498684348811102E-002
  1.684650707453542E-002
  1.440664647933093E-002
  1.629095867796606E-002
  1.422879538049389E-002
  1.543772911595060E-002
  1.311939240061608E-002
  1.630304070363173E-002
  2.084156791302752E-002
  1.387044407998785E-002
  1.602271934707132E-002
  1.537115727451177E-002
  1.282544763553830E-002
  1.646598051597088E-002
  1.655192693965515E-002
  1.418897455947555E-002
  1.441537410441461E-002
  1.544331243887215E-002
  1.941878985945244E-002
  1.378127123233940E-002
  1.558460153663570E-002
  1.543072964810293E-002
  1.468949908178713E-002
  1.356301314761470E-002
  1.586620237206138E-002
  1.535388585017204E-002
  1.565773649121962E-002
  1.419527541183557E-002
  1.741093552603034E-002
  1.482090783175869E-002
  1.517105804843748E-002
  1.767841584434677E-002
  1.462636540651455E-002
  1.680258290576560E-002
  1.354549218317901E-002
  1.615950199419940E-002
  1.731163852880556E-002
  1.672327971405463E-002
  1.585024001417407E-002
  1.390266106023171E-002
  1.658438929050633E-002
  1.614443542212430E-002
  1.838575133495692E-002
  1.398168964708848E-002
  1.608995772729850E-002
  1.751123864988481E-002
  1.675212486514589E-002
  2.015064362467332E-002
  1.693901617772951E-002
  1.538792483274482E-002
  1.621967094375848E-002
  1.333157427516449E-002
  1.659739736556341E-002
