  0.482447625683104     
  0.512153881229228     
  0.503125810824460     
  0.464836711893936     
  0.481703203755792     
  0.494919988103185     
  0.503025909377673     
  0.523652278009799     
  0.516268956546132     
  0.507701711198807     
  0.478200905942259     
  0.511739140048875     
  0.468971665468389     
  0.525956198463483     
  0.505166888967795     
  0.477299079220387     
  0.507531699202318     
  0.468821187117602     
  0.516208453463508     
  0.523373070365089     
  0.535257809155917     
  0.484138618632255     
  0.522611097910386     
  0.494111049245487     
  0.471765434834064     
  0.535382769665083     
  0.514946051300893     
  0.493817040210608     
  0.464495894267911     
  0.495101405844634     
  0.480554167414215     
  0.492568284330940     
  0.485970144905883     
  0.498612076937058     
  0.484094813499363     
  0.494819110095895     
  0.513909395643194     
  0.490529832303982     
  0.462381689617630     
  0.500084729023056     
  0.485674840073648     
  0.501796768411206     
  0.470366124139050     
  0.489167713199516     
  0.532991846259714     
  0.518294856408555     
  0.510410483686424     
  0.574895508934260     
  0.476095754659417     
  0.532349862939431     
  0.511337833687699     
  0.464638008240634     
  0.524101824776771     
  0.543058918998034     
  0.490832528699207     
  0.508698542415536     
  0.536439914536111     
  0.497129781814520     
  0.497888126012335     
  0.440607511866775     
  0.492434905478018     
  0.550253320219438     
  0.481820210918978     
  0.480687424022059     
  0.446869108152011     
  0.494813208879547     
  0.498560435801636     
  0.445377960933481     
  0.544451226896672     
  0.505655333765199     
  0.511147747125327     
  0.539837261950218     
  0.522760369352299     
  0.504120829245145     
  0.506671917735448     
  0.448186274755603     
  0.502681463271808     
  0.492618141108500     
  0.509170880699444     
  0.453936995904283     
  0.467884747343832     
  0.484374540745654     
  0.491154410314831     
  0.496701853496698     
  0.439290764926048     
  0.488729866953628     
  0.438240972879313     
  0.494941336875531     
  0.538022102137373     
  0.535183265686122     
  0.504045187519747     
  0.490595753887291     
  0.463809444981784     
  0.492081975403384     
  0.446031689050905     
  0.479572258199740     
  0.520762874733828     
  0.468174375219515     
  0.438469288398238     
  0.469481322283780     
  0.518553239446753     
  0.527697243113257     
  0.522759734532655     
  0.501923447313157     
  0.495623877894774     
  0.525040419993441     
  0.467665640830373     
  0.536797551333938     
  0.457549616893877     
  0.493607389838942     
  0.521248528337841     
  0.509918223557242     
  0.523779041578081     
  0.506793180167877     
  0.509074219252777     
  0.478845575616087     
  0.492045425606912     
  0.484470713648806     
  0.514394197279556     
  0.516772029297615     
  0.489355872984317     
  0.451986280236014     
  0.527660097169191     
  0.503910540994914     
  0.495895294251964     
  0.493109885005819     
  0.500634550949230     
  0.495452645507825     
  0.451219423887760     
  0.476922982644707     
  0.540230086998306     
  0.479719500133523     
  0.519019945608768     
  0.509632847023338     
  0.523805146399752     
  0.466663130950201     
  0.454991818007336     
  0.524508955969981     
  0.499181507770753     
  0.522742779922363     
  0.530388845389524     
  0.538084662474280     
  0.521223667342614     
  0.459578313892380     
  0.485561261679718     
  0.500197412785172     
  0.438529251926663     
  0.499600524611626     
  0.562525067130744     
  0.499806633391741     
  0.493405041195119     
  0.465869678950400     
  0.496130166130943     
  0.489865495603877     
  0.496130696848217     
  0.472666665517778     
  0.520512090076356     
  0.512606266757643     
  0.489537210480827     
  0.516713416042471     
  0.439736967137319     
  0.470465591891824     
  0.480592640336836     
  0.486706464882749     
  0.484179909877110     
  0.530160163010363     
  0.525501089034709     
  0.485985127145954     
  0.517229485866833     
  0.483807585263277     
  0.464817531809554     
  0.467934899760481     
  0.548158486414340     
  0.501877089664085     
  0.516994834964508     
  0.478541924297220     
  0.509191423053771     
  0.458513371371821     
  0.533161290059875     
  0.522102453450499     
  0.483992683419351     
  0.499180169816915     
  0.523102402950252     
  0.505397041838297     
  0.506253877520013     
  0.485140282446118     
  0.509103967018421     
  0.533928194930293     
  0.500170950119592     
  0.454547250472555     
  0.500106422348944     
  0.472121457977530     
  0.460842430326926     
  0.517585705600959     
  0.495594473617770     
  0.497779620459341     
  0.480447407060869     
  0.500342207593069     
  0.503378229279195     
  0.454249522741159     
  0.460930762268365     
  0.504522589627210     
  0.507249898032312     
  0.524147107047342     
  0.499706646238642     
  0.494396770687805     
  0.521672376347342     
  0.508267455536221     
  0.519850422604560     
  0.493950057722576     
  0.531259041232310     
  0.498583501759938     
  0.519613292011863     
  0.490027753693269     
  0.513181202778414     
  0.442973786308565     
  0.519852167102484     
  0.488303228334184     
  0.500497043273077     
  0.519665801515641     
  0.490306160296263     
  0.514232928216256     
  0.507767783139005     
  0.526285292815621     
  0.509842801811375     
  0.464083487536208     
  0.482600423465717     
  0.496358636073303     
  0.497916232867867     
  0.528782860224142     
  0.524332191857898     
  0.484943606239023     
  0.448261807197705     
  0.486922482267684     
  0.502057355758614     
  0.475534495401530     
  0.500199628695521     
  0.476349686339935     
  0.485003338370100     
  0.520995275818408     
  0.502363527295186     
  0.522233190545453     
  0.484240195236708     
  0.505149226654610     
  0.481740431603120     
  0.463931381159256     
  0.458121270367133     
  0.464158813633960     
  0.538789350288902     
  0.511514144432777     
  0.495552133608623     
  0.498859732162575     
  0.472274208043877     
  0.503718148471524     
  0.514553453738149     
  0.524716403392254     
  0.452345855650518     
  0.529439343446507     
  0.481184108337467     
  0.500360524188548     
  0.519463185146383     
  0.495882835465981     
  0.496042286707378     
  0.504179912641447     
  0.526150310149834     
  0.515996811219059     
  0.472857264188160     
  0.554762973461354     
  0.499189061066888     
  0.520672061857124     
  0.458666766851253     
  0.467931105209490     
  0.480793208718671     
  0.538641916822587     
  0.474791177903010     
  0.492354861732247     
  0.464819076619270     
  0.498916212432133     
  0.501304252674330     
  0.467776186710277     
  0.472002920213147     
  0.474021487592780     
  0.507783990649781     
  0.528574396544272     
  0.486849153951823     
  0.526270995439002     
  0.448245555649699     
  0.530741489458008     
  0.519072956050513     
  0.550763255815607     
  0.513416479374863     
  0.504640978963858     
  0.518847481637024     
  0.503522972629329     
  0.452392507501715     
  0.520363983950149     
  0.532816531841746     
  0.491864922308748     
  0.540713554174940     
  0.451607702165201     
  0.528779531425395     
  0.521102086047109     
  0.507695767672469     
  0.496207912575671     
  0.478444113902506     
  0.489008898171989     
  0.479797667891067     
  0.470864534437892     
  0.483065675430677     
  0.461711842177081     
  0.506486218929626     
  0.508736750953749     
  0.477411863640906     
  0.512788120441622     
  0.500954009576941     
  0.489295149760542     
  0.467624786043308     
  0.484634515092075     
  0.472181685103522     
  0.498196057446667     
  0.516552205371391     
  0.502601693966382     
  0.504311073802489     
  0.504586876104886     
  0.525200016142343     
  0.511430065156698     
  0.471356460977652     
  0.484482143994195     
  0.511362973768015     
  0.469656509405690     
  0.488840092690520     
  0.499914268790007     
  0.483017613411221     
  0.516527691467953     
  0.484716165608331     
  0.489275660081379     
  0.480440887048860     
  0.483367787150650     
  0.487489508536576     
  0.473247187949469     
  0.519346651565045     
  0.511811797444338     
  0.519295715524038     
  0.501630547570573     
  0.541342929648742     
  0.531901426874692     
  0.512805416956897     
  0.503062229478288     
  0.466505793433795     
  0.488748384219037     
  0.566081960914629     
  0.521785280407137     
  0.483068679260571     
  0.465426063580988     
  0.511798055968442     
  0.521619201450754     
  0.514917566077656     
  0.483451014979027     
  0.492331335652831     
  0.447157002997134     
  0.487482561094208     
  0.439828719832625     
  0.504950755960023     
  0.493984321039855     
  0.464775961682111     
  0.522355876451770     
  0.482339309256458     
  0.513600997042729     
  0.518858989848150     
  0.487864811249427     
  0.505129039534685     
  0.508569409232426     
  0.473867674573638     
  0.543223267388656     
  0.473182356646146     
  0.474626609370870     
  0.475571645570958     
  0.463098302613706     
  0.469973695049850     
  0.512651793187438     
  0.476868320082114     
  0.511553706307095     
  0.485799166066068     
  0.527203261137887     
  0.486642726806551     
  0.476616592499095     
  0.527680981407251     
  0.490947275166203     
  0.467007409720759     
  0.511698635712999     
  0.539719836736139     
  0.470063955747274     
  0.481823430010814     
  0.448586803694403     
  0.508100966148442     
  0.466881430236683     
  0.519770540533144     
  0.484435740617735     
  0.496125579198915     
  0.449782832716443     
  0.514311852417554     
  0.551263573883700     
  0.459336672000441     
  0.482323201540221     
  0.458556336371204     
  0.505901673588497     
  0.456130325622029     
  0.487505582870949     
  0.514458685312436     
  0.518470320348846     
  0.502697361929573     
  0.470257311700966     
  0.440916020858789     
  0.473694802836673     
  0.523815111018466     
  0.496446981003416     
  0.516634655424909     
  0.494091229727287     
  0.485743729163910     
  0.502338557216838     
  0.488309619066715     
  0.527978973112728     
  0.507639511751673     
  0.467344470559985     
  0.485107939767417     
  0.458966147912492     
  0.489618467919719     
  0.487142561145401     
  0.515393869612802     
  0.550314343399563     
  0.481622113133127     
  0.535685564053204     
  0.523461541437246     
  0.540882324666233     
  0.539597138147492     
  0.522791623516755     
  0.465359537610068     
  0.560151562092231     
  0.467938998964531     
  0.517979681066324     
  0.486961939144932     
  0.550550380037096     
  0.514503456676979     
  0.496470431257899     
  0.516926482068311     
  0.477141118113921     
  0.522239614127917     
  0.572552435962126     
  0.516098204225687     
  0.487332155397233     
  0.541431076853395     
  0.513940635218397     
  0.476730121249117     
  0.472449814728078     
  0.539916447842619     
  0.475280913078479     
  0.545578475981948     
  0.490947584754805     
  0.481480664051244     
  0.520629527838000     
  0.498203292071276     
  0.516254272922045     
  0.465209215810887     
  0.489175026966304     
  0.485374874833469     
  0.505271283185461     
  0.493427309055202     
  0.497748043161114     
  0.484484298045410     
  0.488640246365452     
  0.521366244510499     
  0.509085783272672     
  0.485777702592135     
  0.485874178878604     
  0.460455274476418     
  0.473524883689438     
  0.520609854704091     
  0.502134402644861     
  0.453817742799657     
  0.466079065347283     
  0.452364863722407     
  0.518864696148720     
  0.505042104146024     
  0.523698537593809     
  0.504056496093312     
  0.498087852589771     
  0.540783593190410     
  0.490243526918530     
  0.453355848165573     
  0.498373531746537     
  0.456841767601744     
  0.502212041345694     
  0.512772184533429     
  0.477679007291111     
  0.494483986304641     
  0.535354223923771     
  0.509978976097227     
  0.472972796172033     
  0.488527257932097     
  0.479901565558301     
  0.491987165939621     
  0.534606330067151     
  0.486832701088573     
  0.506325038559164     
  0.519554757956005     
  0.530967267702819     
  0.530469391784503     
  0.522427291888912     
  0.450961745168346     
  0.478804477543532     
  0.495015136119944     
  0.450645761942273     
  0.490790418495543     
  0.484513222912282     
  0.458065268933584     
  0.518771463008431     
  0.507398997469674     
  0.512426404381327     
  0.501341324088062     
  0.492435699507392     
  0.486897930940945     
  0.549623464230894     
  0.472742816997457     
  0.484896578492399     
  0.481383931178857     
  0.544556921740747     
  0.518432767270223     
  0.544639982290115     
  0.495032868174452     
  0.472075113330205     
  0.492830310779750     
  0.459037278053662     
  0.526896614068379     
  0.465123390603273     
  0.487864964961315     
  0.498488871020205     
  0.486862994285087     
  0.520180844663558     
  0.504424554054340     
  0.479958227909392     
  0.497172255347910     
  0.494836603445671     
  0.487541969071563     
  0.473675176244736     
  0.507510791091521     
  0.511340227088756     
  0.487585460539879     
  0.539280125642690     
  0.511137806570504     
  0.510455552456106     
  0.486052519968442     
  0.516132740726194     
  0.505847432350398     
  0.547212252808499     
  0.511035196635346     
  0.473690371393236     
  0.490819587384763     
  0.497485476382813     
  0.525859301567489     
  0.496895970147131     
  0.513950384325567     
  0.457623725165743     
  0.496980992370736     
  0.500206485201103     
  0.487495804404667     
  0.505876233476144     
  0.545115403584236     
  0.462978432301824     
  0.479850752266272     
  0.495118479359345     
  0.489557031511899     
  0.467370834443626     
  0.491369340597028     
  0.442915063186763     
  0.478222548567206     
  0.496187191046385     
  0.504660584721119     
  0.475976383149836     
  0.472709157325494     
  0.486030684491161     
  0.473826169995862     
  0.536391061189866     
  0.478943368838014     
  0.435485514268927     
  0.550332366209865     
  0.527476858282198     
  0.453081287144400     
  0.522321595160242     
  0.450248858260330     
  0.492814088148595     
  0.532333592157137     
  0.534003748499911     
  0.517542028121247     
  0.511612504328064     
  0.508298237235954     
  0.509155672157651     
  0.491418774043674     
  0.477762660302693     
  0.518047956972112     
  0.496240753514125     
  0.506475313585334     
  0.493046011419766     
  0.495557697719813     
  0.436469619532423     
  0.444423600941254     
  0.497646990919373     
  0.483810482201443     
  0.468961907129093     
  0.511304232920875     
  0.499821904088558     
  0.486722502742763     
  0.484038461478886     
  0.536786258775782     
  0.520173415346041     
  0.506308957691050     
  0.478838274863003     
  0.518540079664794     
  0.475354726822341     
  0.505868227422339     
  0.546388164649032     
  0.497461894018698     
  0.565385852542018     
  0.491044280547608     
  0.505755499861178     
  0.508069149635739     
  0.541053777070682     
  0.537012384100030     
  0.477178134291399     
  0.521573735478355     
  0.449640193892876     
  0.504208700109800     
  0.493295998960442     
  0.467203194163510     
  0.510888121141183     
  0.444557991674415     
  0.522554945625614     
  0.527164397613831     
  0.520163897978978     
  0.519068423616727     
  0.508424298711523     
  0.474523139770164     
  0.465703255830302     
  0.506916440670958     
  0.505526942656408     
  0.491403470755850     
  0.482495509516481     
  0.532498796249825     
  0.450921307582222     
  0.484868903232207     
  0.470170130691593     
  0.524667129499399     
  0.502355635413256     
  0.472787619998269     
  0.477728278385564     
  0.571258304340197     
  0.541097081357647     
  0.529379575350232     
  0.493831048062099     
  0.489384910253977     
  0.447073433794235     
  0.466294302356147     
  0.474076400269576     
  0.514132822121539     
  0.490969435306527     
  0.471104993813258     
  0.502843070037178     
  0.513320146535533     
  0.508591465299833     
  0.499351604392228     
  0.461521431584976     
  0.514851386635737     
  0.494981079869410     
  0.530031540144204     
  0.511449564089084     
  0.532522735401697     
  0.527313250303679     
  0.499695395937034     
  0.478080890595899     
  0.471157260102032     
  0.544594136593828     
  0.511960854070736     
  0.501447117086643     
  0.502959433980579     
  0.488656616474571     
  0.544259552737350     
  0.548361368675856     
  0.458033600488691     
  0.501241293783811     
  0.530122762194995     
  0.485401997044280     
  0.456561012215475     
  0.524084378331120     
  0.502262532056363     
  0.486368228786194     
  0.483750110378752     
  0.513471149762235     
  0.452005265978184     
  0.483645633505885     
  0.501072431376942     
  0.472859898877844     
  0.477291475760414     
  0.489269679920265     
  0.490034804854009     
  0.494818593312132     
  0.514637792883496     
  0.462734041277427     
  0.476705265367923     
  0.483677215616228     
  0.504960404885066     
  0.529043221887943     
  0.490931353668360     
  0.513893633546295     
  0.509250239834620     
  0.483556209060098     
  0.494480274058121     
  0.460934701400795     
  0.514910320920911     
  0.506162689615932     
  0.546130154476137     
  0.498237812752268     
  0.506930031626369     
  0.489485493106247     
  0.487440567455615     
  0.481802266206927     
  0.472256666993664     
  0.507049774187945     
  0.452959545327910     
  0.475935425786645     
  0.475308661153134     
  0.507777101528214     
  0.486896175417336     
  0.483993799780654     
  0.490970273768464     
  0.524799895728044     
  0.504645713843041     
  0.459352322897370     
  0.513945747838481     
  0.496688677703533     
  0.476565403753717     
  0.476691705766038     
  0.471606197972796     
  0.476975478621612     
  0.465560047670041     
  0.484413216710862     
  0.500518558234532     
  0.507386828973147     
  0.499289834053972     
  0.483197990599419     
  0.467288733277877     
  0.479071273870813     
  0.473354777041706     
  0.487109393073911     
  0.459666350202239     
  0.506390261824643     
  0.511874594189265     
  0.502271993868249     
  0.507790195178151     
  0.481620971215033     
  0.481861353379230     
  0.522846049915743     
  0.521754134670478     
  0.514805977051448     
  0.506745779589201     
  0.482550895565450     
  0.536785296611808     
  0.486105221469899     
  0.542940428883044     
  0.522388136933015     
  0.563878921204614     
  0.524684105765710     
  0.472283006279310     
  0.535711550346436     
  0.540425436907598     
  0.505087858502804     
  0.485372976311818     
  0.464497561816898     
  0.537084810678416     
  0.488905608162926     
  0.482840467851966     
  0.511962432923089     
  0.484807095270081     
  0.518206202927561     
  0.499341989706120     
  0.477404880117717     
  0.500006877135208     
  0.507949486448888     
  0.495313062877083     
  0.516592003664723     
  0.542339915734217     
  0.499056909428122     
  0.503230114370871     
  0.486311311279538     
  0.487080872064832     
  0.505825663295975     
  0.494858345498080     
  0.465589766120192     
  0.471479195226315     
  0.534538245981477     
  0.510764438910764     
  0.480269088970263     
  0.498139962800393     
  0.496869132603765     
  0.456328601682897     
  0.478317390840632     
  0.505557367980133     
  0.490659755231819     
  0.463953048107278     
  0.468084098413602     
  0.507023934562031     
  0.512447670770344     
  0.552773618788947     
  0.483363079229095     
  0.522384624095145     
  0.483024841721573     
  0.503283087457617     
  0.529041772630435     
  0.486565676396340     
  0.503726620581001     
  0.521171919008331     
  0.480452247798179     
  0.506094760600539     
  0.518620155716290     
  0.476136691563149     
  0.488324515934698     
  0.486043377363002     
  0.499870524710916     
  0.471304429803178     
  0.485575381453853     
  0.488733078094015     
  0.476948547470998     
  0.492079052149790     
  0.500558674919504     
  0.512652125414925     
  0.451008937986881     
  0.487814473376682     
  0.531313468329647     
  0.434738231199628     
  0.502497994813448     
  0.476286044622266     
  0.499145755165382     
  0.536433473110494     
  0.453355625231533     
  0.516970062667056     
  0.485206474747349     
  0.474629242745175     
  0.518809073108856     
  0.509852236590709     
  0.500200962987269     
  0.494596515828641     
  0.532828493942072     
  0.460262465125091     
  0.519611674285974     
  0.523842495756235     
  0.509478702334698     
  0.469334993440553     
  0.532322620937924     
  0.501367063836010     
  0.531177930206117     
  0.488982371980917     
  0.480992371890947     
  0.508126061768217     
  0.485184675872871     
  0.488485549930073     
  0.442279079776813     
  0.497650024976058     
  0.492236759474254     
  0.501897252422566     
  0.485879690408468     
  0.487430755425278     
  0.448399042375634     
  0.525545414026431     
  0.495239669765966     
  0.518511975840693     
  0.504622381700976     
  0.502275925203708     
  0.468552117952489     
  0.466112242807677     
  0.506222722163371     
  0.499669235061056     
  0.489581047660162     
  0.493445219368866     
  0.531295379828032     
  0.508664290353758     
  0.493615614630284     
  0.493732037012781     
  0.507310525837883     
  0.482956672003766     
  0.465672351717928     
  0.508746578270820     
  0.459963546675911     
  0.474856046129492     
  0.506660253165210     
  0.473884380942549     
  0.497583786253486     
  0.443081856492229     
  0.529009847807280     
  0.466910489324662     
  0.501171215635433     
  0.429647530689181     
  0.517182800778756     
  0.501136805764875     
  0.462112613975645     
  0.472273106999327     
  0.524413997157215     
  0.506552822622785     
  0.478974157249205     
  0.516372175737503     
  0.535873371083148     
  0.538598450562744     
  0.528618054694320     
  0.500304667651994     
  0.475488843936027     
  0.539755598892046     
  0.536816727408923     
  0.492923177832478     
  0.511051340361318     
  0.483089680090387     
  0.514786491164924     
  0.480801042008802     
  0.508993443527473     
  0.501228908053349     
  0.481314000944823     
  0.506326684928151     
  0.557015040136112     
  0.543983772002393     
  0.536119661694162     
  0.505600135988053     
  0.495550251909884     
  0.486641511343498     
  0.462814096225727     
  0.483961367935454     
  0.516579735673817     
  0.549084573062710     
  0.482853317734235     
  0.469978405097318     
  0.547732498833486     
  0.519894123356309     
  0.513826667081903     
  0.490866707725740     
  0.488513075752765     
  0.514928880117750     
  0.498344120434831     
  0.513772448253685     
  0.518429280971411     
  0.510749037473904     
  0.513771522878189     
  0.510678424123037     
  0.494927304638701     
  0.466425065775036     
  0.448244933501013     
  0.505843001254531     
  0.502982513516124     
  0.500344531375353     
  0.480029886874741     
  0.519449810928252     
  0.537149553883732     
  0.482522396780610     
  0.501622720983663     
  0.526103228237476     
  0.458770881584777     
  0.525997791087294     
  0.506052408974275     
  0.486899592817431     
  0.476484719780499     
  0.494949141070244     
  0.503606180045777     
  0.484434007806794     
  0.496649356670276     
  0.472332437992585     
  0.478094068140868     
  0.505566335633177     
  0.485274898266989     
  0.453450483700600     
  0.520549415328870     
  0.483131077262201     
  0.522682774852867     
  0.494129537977186     
  0.489116266932973     
  0.526244074026893     
  0.495485717120778     
  0.507783068792504     
  0.489046668714491     
  0.519622397651220     
  0.495554102475101     
  0.504656311185278     
  0.506883566525753     
  0.459825804545902     
  0.485768134367861     
  0.505944040795667     
  0.517046068953411     
  0.509178074128806     
  0.521663574650968     
  0.539228167412767     
  0.541843121116639     
  0.514134013429798     
  0.483671466327497     
  0.513868232771435     
  0.492214014077345     
  0.488727928174738     
  0.513773109551941     
  0.303807693037671     
  0.352712884816598     
  0.378674356972590     
  0.286456957984098     
  0.392566424293453     
  0.393629584818167     
  0.373044414328691     
  0.387767959031524     
  0.321068644279633     
  0.402218163228101     
  0.324081933948463     
  0.341589081801382     
  0.335839220162513     
  0.381496064632149     
  0.382289765056213     
  0.343491442940889     
  0.390259924253997     
  0.298206249524817     
  0.369290824126546     
  0.261479582520053     
  0.407453005802979     
  0.283714402096646     
  0.454020517072401     
  0.364672478228562     
  0.290779341743217     
  0.439028092903365     
  0.324626139464147     
  0.330847309190152     
  0.293007262562128     
  0.299616982968717     
  0.294804860151008     
  0.319654496714274     
  0.305518463240228     
  0.394155002547785     
  0.385636192132576     
  0.368039820950916     
  0.355545574779724     
  0.316491086436311     
  0.287511916443533     
  0.333393207734372     
  0.335123748963378     
  0.336757091705000     
  0.310512808893756     
  0.332237645089281     
  0.394509800061773     
  0.404472937504229     
  0.405016781474917     
  0.513193197511946     
  0.322933597492462     
  0.382928842949716     
  0.363166190675464     
  0.291079844076340     
  0.366252887982752     
  0.393445169052864     
  0.347508564065402     
  0.373610075681404     
  0.360872815888835     
  0.300537333134780     
  0.343725160308816     
  0.249931512118940     
  0.310380260894451     
  0.412016645228439     
  0.343155268260935     
  0.332421267047942     
  0.302136992291744     
  0.323637972453229     
  0.367186636015019     
  0.284523709675972     
  0.374533348037997     
  0.375952161954111     
  0.420845441483354     
  0.376132351243532     
  0.370373679193616     
  0.357496353390676     
  0.366350110720731     
  0.300862558980657     
  0.396055481325869     
  0.324780284082499     
  0.389172690614046     
  0.311453014172101     
  0.305512741201292     
  0.292295401584935     
  0.347483682826458     
  0.346859857201007     
  0.291379852475048     
  0.339469762235770     
  0.271918741872986     
  0.343254239176782     
  0.375838129561172     
  0.352062214071784     
  0.313512804911277     
  0.335007955045842     
  0.293587696819083     
  0.375727722538766     
  0.244249534441135     
  0.297207096498397     
  0.417792255402427     
  0.317851378498323     
  0.243443500383569     
  0.323052062632029     
  0.364543598730937     
  0.362494591405672     
  0.352096266847870     
  0.351544655865016     
  0.370560656321508     
  0.370580289171843     
  0.295878777480258     
  0.454933506491341     
  0.331321749024163     
  0.380128350524648     
  0.388034850200563     
  0.392642449207631     
  0.360797152829067     
  0.352337643209355     
  0.393084810091133     
  0.286584906161324     
  0.354396938596645     
  0.301278263485073     
  0.357820871550060     
  0.379090916606938     
  0.393020305681062     
  0.329072581587297     
  0.408681541661229     
  0.332115685127564     
  0.327053055758180     
  0.323938492523044     
  0.418291550954736     
  0.314905264854309     
  0.284655494417004     
  0.322688257044301     
  0.369784678641017     
  0.289595597242329     
  0.347712247888630     
  0.402007448568451     
  0.409991143914769     
  0.277663889933921     
  0.287324302097496     
  0.403238008188309     
  0.312613651863206     
  0.338170685413017     
  0.434556734012749     
  0.473686017887733     
  0.388804833826882     
  0.316809895846842     
  0.333471254692043     
  0.351205388929753     
  0.305977165508945     
  0.310628115547389     
  0.454321515496041     
  0.357349988823021     
  0.352246703269514     
  0.301246831856976     
  0.350379246139258     
  0.364040512513590     
  0.390560107068131     
  0.347554377760490     
  0.379654477661002     
  0.382859145174678     
  0.330033149770143     
  0.409248685007930     
  0.266296203092315     
  0.295472097175241     
  0.309829564146995     
  0.340498189146867     
  0.385579192940194     
  0.347360642874459     
  0.409565588576098     
  0.315833493860109     
  0.362244933389259     
  0.290522114892101     
  0.279300475840306     
  0.321313495844147     
  0.398400094843464     
  0.382791100746636     
  0.370639975795589     
  0.272814288011019     
  0.401894010386033     
  0.275902069574433     
  0.410152092798377     
  0.382959327834058     
  0.350428620635509     
  0.394270905396005     
  0.353925304407447     
  0.393659990922793     
  0.381555657735419     
  0.377876796664705     
  0.355044479668232     
  0.400248444035239     
  0.364767189217645     
  0.310383928418223     
  0.343960130923117     
  0.267963214130633     
  0.310856754286850     
  0.350882351338315     
  0.345138094040558     
  0.410113359533696     
  0.289083439575332     
  0.355599523768118     
  0.351390991204600     
  0.290600947993062     
  0.310705258323085     
  0.426860674582716     
  0.324445114887540     
  0.398417098029566     
  0.366555802421906     
  0.366687863624913     
  0.398064002059104     
  0.377825338497673     
  0.352664256816458     
  0.377719573118486     
  0.454040702304382     
  0.352173871993480     
  0.369723915735525     
  0.307935931446241     
  0.351698474703053     
  0.284693505762165     
  0.374996000700380     
  0.334648534176331     
  0.306409276484932     
  0.368940582713011     
  0.330602079817899     
  0.367624629870570     
  0.342230816587904     
  0.352861486527783     
  0.391093624148052     
  0.288430394708809     
  0.354365735180089     
  0.333663739613215     
  0.344283356841964     
  0.341377276039547     
  0.341131088194645     
  0.315915332232313     
  0.245471879509572     
  0.293814789706069     
  0.333336914811199     
  0.362187658810020     
  0.467315273792731     
  0.355678469439763     
  0.339882280213139     
  0.354579912107349     
  0.360988142506504     
  0.369201202284707     
  0.331547116160072     
  0.341261840457584     
  0.292557128145016     
  0.340683289324066     
  0.246958275896173     
  0.317231599029306     
  0.477822386965764     
  0.372661532713962     
  0.351650366849688     
  0.342496174056200     
  0.341522227410959     
  0.376694087163904     
  0.375438449167158     
  0.326969371736472     
  0.302521774608677     
  0.341685274472168     
  0.316898470648646     
  0.380065147709541     
  0.375201363732702     
  0.336412225619880     
  0.373838076381353     
  0.372195070432697     
  0.369330415320044     
  0.358588713889506     
  0.354649499675325     
  0.395396268526492     
  0.321842648253576     
  0.380284864948558     
  0.344290889502578     
  0.354601076646531     
  0.349968178374362     
  0.411963538798058     
  0.293331501177454     
  0.349575196868959     
  0.293669572261979     
  0.348521119161623     
  0.323647937082647     
  0.296935239443926     
  0.299272225113656     
  0.336928246388101     
  0.363199595023078     
  0.376451074178158     
  0.318626463943649     
  0.360072058317509     
  0.301778195892722     
  0.353970113890420     
  0.371423936565729     
  0.554226279640053     
  0.390201428079064     
  0.373978024596757     
  0.378048123335296     
  0.298780869197071     
  0.297333340888642     
  0.401116285209761     
  0.425806256484141     
  0.320781181251127     
  0.435812186239411     
  0.271465773564475     
  0.357094571141387     
  0.379825767188508     
  0.416933210531988     
  0.304177211070256     
  0.293273314583263     
  0.319738991424970     
  0.289181126646511     
  0.306025136550340     
  0.297021840613201     
  0.329826890209816     
  0.401077944269008     
  0.371587615485695     
  0.300455303216942     
  0.388639891731882     
  0.301748970139868     
  0.324491588430890     
  0.343893004068792     
  0.325286057210979     
  0.300049795221017     
  0.397686306590757     
  0.360234352615740     
  0.324376490398390     
  0.388002648849958     
  0.395690291949631     
  0.392793505416983     
  0.366705931525402     
  0.265787850320852     
  0.297188456045140     
  0.357947437186688     
  0.304239706720871     
  0.320347246453465     
  0.325039569502463     
  0.328014362505884     
  0.356571968479741     
  0.333145543335024     
  0.339219623437395     
  0.333461132443016     
  0.309458463674163     
  0.323214533143549     
  0.307631452132690     
  0.357789308518221     
  0.374373906392338     
  0.346831206419621     
  0.321835827305174     
  0.403458956036307     
  0.372321809219723     
  0.330345156116430     
  0.351844763414664     
  0.290064509128060     
  0.339247108406524     
  0.424825377032610     
  0.417493635344726     
  0.325992203772459     
  0.298720863354476     
  0.364687304843314     
  0.355834840185077     
  0.326407025090794     
  0.297062945085238     
  0.334560253189013     
  0.304839553649902     
  0.338574968545530     
  0.245930179732399     
  0.368637024521690     
  0.372497522689903     
  0.284440224706256     
  0.414866217960895     
  0.363444385289216     
  0.341804751985220     
  0.415578281076075     
  0.341581406141541     
  0.330798152063852     
  0.342460126403244     
  0.307047055534483     
  0.358735867187910     
  0.327713177097049     
  0.294359496287460     
  0.388468336329098     
  0.313640245623271     
  0.309510806379524     
  0.362100710129885     
  0.330747439517984     
  0.438667205450487     
  0.326108681479199     
  0.344193558906217     
  0.302978275586224     
  0.369247101299164     
  0.369527374565992     
  0.335953005979926     
  0.328978273428825     
  0.366235221953460     
  0.393572119272609     
  0.297106524898970     
  0.275090093142335     
  0.243485562855841     
  0.337256264493681     
  0.306831434845411     
  0.347920158174513     
  0.305665897712163     
  0.398822876543206     
  0.313496287277011     
  0.349036608061641     
  0.422574967262463     
  0.266940547823112     
  0.307501132282044     
  0.313685610318229     
  0.374800059732352     
  0.340548357983275     
  0.386817694224414     
  0.381429200508174     
  0.388336666268642     
  0.372378943531163     
  0.316522814275730     
  0.260888100821170     
  0.309781696508794     
  0.347107274323519     
  0.327467813412347     
  0.372969664925862     
  0.331547711298396     
  0.365965812614396     
  0.339806244595136     
  0.329355260659159     
  0.410592384636783     
  0.379436515705508     
  0.254184860123163     
  0.324223963393916     
  0.313837735330688     
  0.308991536033754     
  0.335324658528601     
  0.370323202817583     
  0.416456556754425     
  0.326879964509815     
  0.396132635419709     
  0.409755227019605     
  0.360440730746668     
  0.409051362841101     
  0.334938494674890     
  0.290315072237607     
  0.419859926082040     
  0.307340765472927     
  0.361025072578871     
  0.337002087200125     
  0.341675263632935     
  0.348300292444008     
  0.284655569771985     
  0.347202060616262     
  0.301133781487673     
  0.336681343656635     
  0.501521865976217     
  0.410216303696576     
  0.329731963157222     
  0.452796631600613     
  0.347213499549121     
  0.355922284628113     
  0.289541896401132     
  0.377775922963221     
  0.316749204365232     
  0.387884645334543     
  0.315313711108182     
  0.387440344249872     
  0.374971260707842     
  0.342581669502291     
  0.365572999089372     
  0.369643384026544     
  0.315502130753130     
  0.354895001613171     
  0.313391212631212     
  0.317190285848762     
  0.298331507891756     
  0.299644558792500     
  0.305663330279653     
  0.338726496691473     
  0.401260792528711     
  0.318759024914204     
  0.349671107602111     
  0.260919787703872     
  0.346962040713570     
  0.332905460933933     
  0.347397695363859     
  0.249400087815535     
  0.285755116302165     
  0.285350642982622     
  0.358529880863684     
  0.346024831128638     
  0.384766258845625     
  0.366890259587482     
  0.352615971158241     
  0.401372306061516     
  0.317648693296422     
  0.286707867976310     
  0.374231136764997     
  0.302242170723989     
  0.413853583227811     
  0.345350353332065     
  0.320038238535636     
  0.341639466128494     
  0.415101733335077     
  0.335474450540614     
  0.321892645267095     
  0.349269848285471     
  0.364575070056679     
  0.311052659941492     
  0.462710729996874     
  0.374640463763531     
  0.383452540136148     
  0.367211592622179     
  0.394184336447998     
  0.421285078256414     
  0.426157998051706     
  0.264803335256217     
  0.319611663326996     
  0.354993699565018     
  0.284682683689512     
  0.318777559505946     
  0.374323351395120     
  0.280342551684465     
  0.355078649573897     
  0.367509178960564     
  0.376115655566823     
  0.294023159374267     
  0.447225023810997     
  0.304721656458520     
  0.390606150377300     
  0.322201503825878     
  0.297639813692072     
  0.368616616661999     
  0.375209911097931     
  0.414148957872491     
  0.385931675941138     
  0.284359992236868     
  0.309662288683520     
  0.407153567357906     
  0.327072726915876     
  0.378842094271260     
  0.333467427456745     
  0.345541349196064     
  0.334945177264326     
  0.325629206011990     
  0.341712904417076     
  0.326095225392389     
  0.319900796236297     
  0.360679382826606     
  0.372036529980669     
  0.291316891571784     
  0.304203619452738     
  0.375077371894842     
  0.342680450660880     
  0.382677632938043     
  0.428190563461658     
  0.384640628586068     
  0.395330274612531     
  0.305535468960122     
  0.372590165451710     
  0.416022363646500     
  0.394165369077409     
  0.360378686057931     
  0.281648578108996     
  0.296981354627836     
  0.304541240899406     
  0.349311897493398     
  0.327935878414867     
  0.354331340377603     
  0.283165397598537     
  0.341405665069130     
  0.355875007818766     
  0.367134209601008     
  0.382045804566868     
  0.423129737716958     
  0.303575927433359     
  0.340785787157019     
  0.350822937688363     
  0.353850399865339     
  0.295075435315578     
  0.375764642306640     
  0.266016327650152     
  0.306106297965603     
  0.309279387212794     
  0.352429470503875     
  0.320209695253536     
  0.300428662237458     
  0.316516979580985     
  0.308418899540793     
  0.375684218586288     
  0.391374697689162     
  0.271474080537043     
  0.440169520833653     
  0.406141630742878     
  0.275860984018195     
  0.358326084319659     
  0.266336337425444     
  0.346839600809462     
  0.397910537488390     
  0.402485396608319     
  0.386967986676903     
  0.378286553706829     
  0.360849033649788     
  0.367385142689781     
  0.307397178413851     
  0.287455334069846     
  0.356636568627187     
  0.331951253465606     
  0.430799208974017     
  0.325934436346576     
  0.332827789578914     
  0.293267712290712     
  0.285758718993786     
  0.350157783387472     
  0.378188599280341     
  0.337242461400923     
  0.349587295620392     
  0.369907448805550     
  0.337757168592033     
  0.325099627021579     
  0.390389589926162     
  0.360901737070560     
  0.336509866786065     
  0.307144013899228     
  0.344458283439455     
  0.318339504427043     
  0.331695329158757     
  0.408089533350351     
  0.270206471150351     
  0.488034977963275     
  0.425329174964632     
  0.378543265479961     
  0.316197340308342     
  0.371487449248648     
  0.388339869661242     
  0.384192258745679     
  0.327453386795253     
  0.263924879672432     
  0.367746935056302     
  0.374662814512893     
  0.322411920088513     
  0.316522892726534     
  0.258167485466662     
  0.378172168974632     
  0.410866869036992     
  0.453593242304730     
  0.372413601031433     
  0.322148142874067     
  0.341423812456297     
  0.290392962336741     
  0.350259218788587     
  0.325007964230760     
  0.359604358902451     
  0.331783554598302     
  0.402913971441066     
  0.286420134395428     
  0.313063507651264     
  0.281778787047469     
  0.408465857105711     
  0.395903724547766     
  0.264692899743161     
  0.340862557169622     
  0.406950207873532     
  0.401520385452084     
  0.369416956417714     
  0.342611291104585     
  0.326868103483901     
  0.274565939346107     
  0.297013411232972     
  0.274460079139923     
  0.348400233673791     
  0.319551350092384     
  0.360310795842640     
  0.349318133478216     
  0.358305152961222     
  0.398538132931036     
  0.295504607657910     
  0.316259164215890     
  0.352958881930927     
  0.329247185275574     
  0.389859522603614     
  0.335006852579974     
  0.389504503711676     
  0.372897078155713     
  0.347031024478191     
  0.302783592200377     
  0.303412349783306     
  0.383162618018657     
  0.419462417293031     
  0.339128978638158     
  0.337622776419312     
  0.367292063382122     
  0.436427805943118     
  0.440585601739098     
  0.258374169958082     
  0.383353969246522     
  0.371112331345890     
  0.336394568789951     
  0.296419435848170     
  0.416230419799138     
  0.337386610363556     
  0.351002386290802     
  0.328467744247274     
  0.330389320742278     
  0.236427292727042     
  0.322372271325152     
  0.328077552535332     
  0.344394420411697     
  0.306939943204806     
  0.356202532064642     
  0.341231129407550     
  0.349072275263528     
  0.377693551395201     
  0.293711321923692     
  0.350181297518592     
  0.301195177142331     
  0.350663582866394     
  0.374437700871330     
  0.334131103578419     
  0.382033510083742     
  0.328234164413742     
  0.334244060401544     
  0.319532046276336     
  0.279373730573994     
  0.333763376231556     
  0.379246399976594     
  0.466900091057328     
  0.381044196466141     
  0.321848343084560     
  0.369218306663056     
  0.330931372568202     
  0.358113884270217     
  0.342105200194161     
  0.400829517655024     
  0.275717452875000     
  0.282902246564946     
  0.316710614450295     
  0.416078393099598     
  0.345772658804378     
  0.336445113196932     
  0.307180183945862     
  0.363850301156586     
  0.345161614215313     
  0.290483411804526     
  0.414730587008126     
  0.330305061955329     
  0.299225179824018     
  0.288130458262662     
  0.345584538970328     
  0.306924537671683     
  0.314506831318617     
  0.330935451519422     
  0.312439451281614     
  0.354400421983681     
  0.331635629279279     
  0.322385335656882     
  0.307749252169075     
  0.313387925071965     
  0.335745004597047     
  0.343540074701907     
  0.330125570978184     
  0.359676348181151     
  0.373815523288419     
  0.387630249857726     
  0.393675088831413     
  0.304544423798404     
  0.312588004949912     
  0.451724613055559     
  0.365237318943770     
  0.341500439399910     
  0.317439267852825     
  0.279840579848888     
  0.386329867837237     
  0.329356654271617     
  0.340029069400420     
  0.416115852319531     
  0.440221154227297     
  0.380740364950719     
  0.293133882463425     
  0.425296079866531     
  0.367376493997419     
  0.327334719105885     
  0.372497031400335     
  0.309535541227034     
  0.401771404715080     
  0.339339981227194     
  0.304186916817823     
  0.375061337718242     
  0.326226054200670     
  0.346664932760627     
  0.340785475727961     
  0.321001286361157     
  0.335372224071420     
  0.364303410870300     
  0.345777760015890     
  0.365814974208618     
  0.417716819141000     
  0.322223420644146     
  0.335430600695684     
  0.352359415147292     
  0.342232939101482     
  0.340753066523535     
  0.379582076999035     
  0.297040214351421     
  0.354849253012842     
  0.420588790769673     
  0.370039717533531     
  0.286708205828978     
  0.403129440563111     
  0.333491288754669     
  0.287808630438985     
  0.261151500476644     
  0.350511216222410     
  0.342161875592806     
  0.298437155193241     
  0.291783923348166     
  0.319109852508680     
  0.343377031258026     
  0.466461244247641     
  0.320464764382935     
  0.350650046895341     
  0.320301003642011     
  0.366795409856234     
  0.450590403936507     
  0.366632229441554     
  0.369866306567370     
  0.422466996719215     
  0.332283958567738     
  0.345006548982351     
  0.351891170035850     
  0.313887652217133     
  0.341102567207900     
  0.352145051931183     
  0.345064130850340     
  0.362341341807282     
  0.298486679671548     
  0.346991902000279     
  0.280802310098617     
  0.326018426874281     
  0.320356856784263     
  0.327289311192441     
  0.286556490468942     
  0.373901633846055     
  0.402961897465221     
  0.282965841392760     
  0.416589255896146     
  0.331384728593657     
  0.356438352654334     
  0.393251256701211     
  0.268899017798878     
  0.318659953302300     
  0.335469649426363     
  0.302692088521313     
  0.457929295352247     
  0.356283389371850     
  0.342790041476227     
  0.362330029726046     
  0.378066129495831     
  0.301846776054006     
  0.374656266292417     
  0.384466424502854     
  0.320691807210720     
  0.347045245419671     
  0.383443682043192     
  0.324293879984707     
  0.376490385760826     
  0.325890989354535     
  0.317720643201046     
  0.352750338732441     
  0.309871440182087     
  0.280195094658694     
  0.260769441290275     
  0.338861222685834     
  0.312083245632753     
  0.308251644124026     
  0.322169268361799     
  0.286977045836565     
  0.279337696026075     
  0.384518193851397     
  0.382826265334413     
  0.422638648619791     
  0.355114457499697     
  0.380107791741768     
  0.331800954471920     
  0.338579150939368     
  0.363847877785163     
  0.304509444903580     
  0.334803642097232     
  0.360330485307070     
  0.411069386242350     
  0.488923594138550     
  0.344906991023851     
  0.337190266590256     
  0.392928694225581     
  0.337588644916015     
  0.315674411407198     
  0.310476845421160     
  0.319260557498110     
  0.317346190586696     
  0.384679348727666     
  0.328547220855987     
  0.412967746442055     
  0.277260700828615     
  0.389717872473768     
  0.347170800496452     
  0.339463498410438     
  0.241077705950675     
  0.391108656560889     
  0.336897263591496     
  0.341475356090317     
  0.278370448938153     
  0.364938103025667     
  0.362500265630423     
  0.339995908999801     
  0.368045489381247     
  0.414244405406015     
  0.439585387114130     
  0.412328957880389     
  0.326374019315537     
  0.339302816213788     
  0.402140807507848     
  0.385282738613617     
  0.379475916334057     
  0.358797096115559     
  0.393970193963369     
  0.374369880975739     
  0.302491918240422     
  0.395134489992229     
  0.330542532446170     
  0.314752288731396     
  0.329863690843741     
  0.391130333766085     
  0.394524561875918     
  0.421547111442115     
  0.347546064624352     
  0.321982232462276     
  0.344385047285129     
  0.312526965426656     
  0.336564329530419     
  0.359763735178331     
  0.425995693194495     
  0.379171042726640     
  0.325365079378155     
  0.417721911239170     
  0.362120748696131     
  0.358145890274488     
  0.384448139527043     
  0.337847655861466     
  0.354568604046856     
  0.328809932355167     
  0.371078684585113     
  0.386133313579076     
  0.331372731816954     
  0.369675035570992     
  0.307896302600205     
  0.337578353016764     
  0.377251215332769     
  0.324608086189728     
  0.364615773277605     
  0.315945484506123     
  0.341136521963745     
  0.294257485672216     
  0.362283462389102     
  0.469429584632748     
  0.309865927607345     
  0.360305365805036     
  0.345050432543405     
  0.288047003913340     
  0.368508291138889     
  0.368694415413326     
  0.317111006759578     
  0.323286884919987     
  0.343223528374921     
  0.434982938896592     
  0.306338297820332     
  0.347962857757006     
  0.347380955095393     
  0.327084218412075     
  0.305160394036841     
  0.360414865234740     
  0.342857218380005     
  0.353901855411154     
  0.320620712421880     
  0.393888932098962     
  0.330645823756650     
  0.339715715647024     
  0.392119279280764     
  0.327969898232379     
  0.375858913656236     
  0.300564373365531     
  0.362360287732969     
  0.391059445231037     
  0.375168772411269     
  0.357503772028965     
  0.311693246233509     
  0.369931388732840     
  0.360774140622919     
  0.413018970577425     
  0.311256759698783     
  0.359890265850678     
  0.392640016172818     
  0.373327190326321     
  0.450509074658060     
  0.377204744931399     
  0.342160919849643     
  0.361219920889807     
  0.300139634245591     
  0.371871048088965     
