  4.780971389445769E-002
  5.080150938869558E-002
  4.859315670014021E-002
  4.933045373721375E-002
  4.690186698798544E-002
  4.666436765892968E-002
  4.802350909422853E-002
  5.123365448691303E-002
  4.693372492377261E-002
  4.998074311100457E-002
  4.628625940020912E-002
  4.875699891800591E-002
  4.706077348336610E-002
  4.953576784644967E-002
  5.010973176383082E-002
  5.073531586862643E-002
  4.672136652207278E-002
  4.852939943750419E-002
  4.914541954899147E-002
  4.750035043580195E-002
  5.111168961218623E-002
  5.010358446223136E-002
  4.893638007451182E-002
  4.821234116772649E-002
  5.381393621674785E-002
  4.744726963626021E-002
  4.929167956243369E-002
  4.461764349557761E-002
  5.131516931748610E-002
  4.611915418912452E-002
  4.951535513579974E-002
  5.243621124415712E-002
  5.293707276330133E-002
  5.490335449101388E-002
  5.036531259188978E-002
  5.214741066514091E-002
  4.580823361871869E-002
  5.016353305802700E-002
  4.916644613738074E-002
  4.768153504330475E-002
  5.332902331835965E-002
  4.988341169028038E-002
  4.921133110214872E-002
  4.828671868699305E-002
  5.512186536143210E-002
  5.279249549169100E-002
  5.103592291345905E-002
  5.168109239689476E-002
  5.018384619881276E-002
  5.219864946551801E-002
  5.272867814830857E-002
  4.737066017666264E-002
  4.999577652002606E-002
  5.353935434656647E-002
  4.977518942797272E-002
  4.902373920761914E-002
  4.529719237451064E-002
  5.289935389181120E-002
  4.919500536825419E-002
  5.060442029166860E-002
  5.303169605853073E-002
  4.951296571221031E-002
  5.089638824148426E-002
  5.012050389745706E-002
  5.354021049414308E-002
  5.408833466012999E-002
  5.265871890781734E-002
  5.401050507864866E-002
  4.785119600914577E-002
  5.188028453954085E-002
  5.050970094781163E-002
  4.777314726363125E-002
  5.092975205622575E-002
  5.164530378378673E-002
  4.796407329663053E-002
  5.325654505859220E-002
  5.114542588987391E-002
  4.956252022765056E-002
  5.036377115788248E-002
  4.823404673589918E-002
  5.033228186868482E-002
  4.757387700961956E-002
  4.800260348789617E-002
  4.489706783820106E-002
  4.731370862057580E-002
  5.123329158834199E-002
  4.985014913334143E-002
  5.085997670247227E-002
  4.891876581215227E-002
  4.949408924601173E-002
  4.869373853947631E-002
  4.866684705337702E-002
  4.707338916740463E-002
  5.343564227303688E-002
  4.468101168756997E-002
  5.324302654570624E-002
  5.086272602285690E-002
  5.072765191915326E-002
  4.760305282051577E-002
  5.029536541875592E-002
  4.562510300017669E-002
  4.850334941883855E-002
  4.998997040018036E-002
  5.037217133409708E-002
  4.828113855713895E-002
  5.217388125915530E-002
  4.629890674929559E-002
  5.147937147890216E-002
  5.170512583977457E-002
  4.900286630456326E-002
  4.622803372013754E-002
  5.026706051469053E-002
  5.016108344842909E-002
  5.009252171340686E-002
  5.071835164434217E-002
  5.211329013247659E-002
  5.112040628299417E-002
  4.928077034404436E-002
  4.839920935292310E-002
  5.417926295103743E-002
  5.032683455817284E-002
  5.409966629872301E-002
  4.759630450324559E-002
  4.843048687185436E-002
  4.432070853188160E-002
  5.029913702942615E-002
  4.728560234316122E-002
  5.164447717052623E-002
  4.463305016504471E-002
  5.073801748856988E-002
  5.142079568430384E-002
  5.518620508464830E-002
  4.591667452250980E-002
  5.282745150924464E-002
  4.932454963855438E-002
  4.570853928280920E-002
  4.911977699472150E-002
  4.960327434798853E-002
  4.721881601462614E-002
  5.261483039918689E-002
  5.365810813955422E-002
  5.360866285132289E-002
  4.802516040573217E-002
  5.026784689866516E-002
  5.043083322059449E-002
  4.841652553323294E-002
  5.129409441875046E-002
  4.765431451848667E-002
  4.868748954204084E-002
  5.106437174449822E-002
  4.418320491989302E-002
  5.374793496982912E-002
  5.584373272466895E-002
  5.022565905760343E-002
  5.447868515062461E-002
  5.347881120858775E-002
  5.146401532435525E-002
  4.657961971323712E-002
  4.663271389086585E-002
  5.090224254030021E-002
  5.225600789796299E-002
  5.177539365768145E-002
  4.823400388190340E-002
  4.905970511989587E-002
  4.990364854988864E-002
  4.655347554459754E-002
  5.080641123039618E-002
  5.112818123878481E-002
  5.157527490620172E-002
  4.832685332416951E-002
  4.699995754628552E-002
  5.300011237134777E-002
  4.860074181559774E-002
  4.661477382594846E-002
  5.063044064849301E-002
  4.843847271528753E-002
  5.197014156059914E-002
  5.278067222162022E-002
  5.266179442960515E-002
  5.248505192378369E-002
  5.018923633092946E-002
  4.793837023946972E-002
  4.301901079650908E-002
  5.176195695129641E-002
  5.087642158811059E-002
  5.028244081078461E-002
  4.843966083452302E-002
  4.620487498369188E-002
  4.644627276443444E-002
  4.926985707591958E-002
  4.747844977283543E-002
  5.598358035502707E-002
  4.597066897643964E-002
  5.217972397554376E-002
  4.633912963888719E-002
  5.069010528276199E-002
  5.103820172867830E-002
  4.982424614779933E-002
  4.841862102552661E-002
  5.067845581103856E-002
  5.101462719077341E-002
  5.347206375545108E-002
  5.123871483748541E-002
  4.942798245454241E-002
  5.079041820424887E-002
  4.958496563354413E-002
  5.322457291428674E-002
  4.982811095450774E-002
  5.258024622358119E-002
  5.434429954137449E-002
  4.617938315206183E-002
  4.864451164309257E-002
  5.120064930535144E-002
  5.165980540570239E-002
  5.056022360910200E-002
  4.813809934988949E-002
  4.757159411703198E-002
  4.976566869628925E-002
  5.010722270952292E-002
  5.184327276398814E-002
  4.851220410522537E-002
  4.784646425469232E-002
  4.676461024108514E-002
  5.064276399821427E-002
  5.556795069743827E-002
  5.311190017206460E-002
  4.821573111818459E-002
  5.239087980796640E-002
  5.218010371956857E-002
  5.418816117577829E-002
  4.834833632644451E-002
  5.092409838602922E-002
  4.898471155142978E-002
  5.259866080033580E-002
  4.819041560931744E-002
  4.986867090903542E-002
  4.955244498133445E-002
  4.610815772769027E-002
  5.033126531964358E-002
  5.177140742244491E-002
  5.060672401813611E-002
  4.486662748976649E-002
  5.131466854470730E-002
  4.874972100610462E-002
  4.807365875149371E-002
  5.071873139841621E-002
  5.468783364805461E-002
  4.828848629907899E-002
  5.151008640148781E-002
  4.938880933477510E-002
  5.188485463876883E-002
  5.166785347621970E-002
  4.837696855148933E-002
  4.586138877979863E-002
  5.225058445012869E-002
  5.146604428579062E-002
  4.823208284425813E-002
  5.155476132281001E-002
  5.250280427756748E-002
  4.825327094912738E-002
  5.104827930239973E-002
  5.090086776742964E-002
  5.109986444771487E-002
  5.129969119227309E-002
  4.882628420221267E-002
  5.330961727618338E-002
  5.196253166853999E-002
  4.921527417813411E-002
  5.152305735657561E-002
  4.854727746039073E-002
  5.024459333926951E-002
  4.785009405203672E-002
  5.128925747439661E-002
  4.612284192488945E-002
  5.433986098436615E-002
  5.300806269598226E-002
  5.343077359871382E-002
  4.688465565214429E-002
  4.969192862541324E-002
  4.854869523431144E-002
  4.880871781707847E-002
  5.100232199112664E-002
  4.913874085833898E-002
  5.053191455226928E-002
  4.975382781354981E-002
  5.043728435651658E-002
  4.979932193698145E-002
  4.857097903813754E-002
  5.176553961495065E-002
  4.549119239430562E-002
  5.389770031111755E-002
  4.783002184553157E-002
  5.122583368380565E-002
  5.234590043681855E-002
  4.455982223455793E-002
  4.796523838701244E-002
  5.247574475761808E-002
  4.926139780720148E-002
  4.928079678060694E-002
  4.801854708937130E-002
  5.066223105312669E-002
  4.878514894492615E-002
  5.195458003169239E-002
  4.884038280387048E-002
  4.938292955165260E-002
  4.941121055262336E-002
  4.508640042842600E-002
  4.822432597970023E-002
  5.244608180753575E-002
  5.192749021722783E-002
  5.118048664705874E-002
  5.010096128151107E-002
  4.484055775537916E-002
  4.986273824536317E-002
  4.843220469035833E-002
  5.251331644261022E-002
  4.839410576217119E-002
  5.053706309186651E-002
  4.943449038548636E-002
  5.017209531547390E-002
  4.766249356385140E-002
  4.927630037956136E-002
  5.116387225940897E-002
  5.194609835586911E-002
  4.627924685066757E-002
  4.883296547718691E-002
  4.815446510162549E-002
  4.857069957032898E-002
  5.307287236009398E-002
  4.969940662988449E-002
  5.236044390538829E-002
  5.023913840542159E-002
  5.005607017626519E-002
  5.005901022147013E-002
  4.975322400511080E-002
  4.921824851385632E-002
  4.993732688575817E-002
  4.946972992505284E-002
  5.131264967668423E-002
  4.746350342313723E-002
  5.045094260790590E-002
  4.919674370579653E-002
  5.171433452525545E-002
  5.059544754687561E-002
  5.263401922986764E-002
  4.543730875766865E-002
  5.113453249437039E-002
  5.288790349266014E-002
  5.037327603517790E-002
  5.044437882716553E-002
  5.561675251218479E-002
  5.190197031912757E-002
  4.894143370003627E-002
  5.032859152469054E-002
  5.064706660081006E-002
  5.182006931319073E-002
  5.293500312645086E-002
  5.115347236898955E-002
  4.519529410106562E-002
  4.971017448112976E-002
  4.994680623299416E-002
  4.915872416893104E-002
  4.923763397754775E-002
  5.086344498115717E-002
  4.767766070974408E-002
  4.884446661721899E-002
  4.662493828752589E-002
  4.960453008762390E-002
  4.949346957782463E-002
  5.054650544867309E-002
  4.568713557305031E-002
  5.234467095010853E-002
  4.882147190936792E-002
  4.736638183380789E-002
  5.046728865529434E-002
  4.757496605832035E-002
  5.481732200358597E-002
  4.780802633309122E-002
  5.028282674431764E-002
  5.307627839450851E-002
  5.183592699212477E-002
  4.944693001649643E-002
  5.275039964199864E-002
  4.704045029471050E-002
  4.779222606900380E-002
  4.617628441766588E-002
  4.696517718700160E-002
  4.632459975474455E-002
  5.219910397111026E-002
  4.772002274988705E-002
  5.012207391919879E-002
  4.263452033895105E-002
  4.607053227671128E-002
  5.184224176176099E-002
  5.396165995078310E-002
  4.802105129173179E-002
  4.602584219027882E-002
  4.772348381709453E-002
  4.936921619851089E-002
  4.803431747126086E-002
  4.959869011501129E-002
  4.850925969533635E-002
  5.102833463043849E-002
  5.059272608725843E-002
  5.270264979622027E-002
  4.930982799036252E-002
  4.958059305933425E-002
  4.805223362426070E-002
  5.104931427796646E-002
  4.776365461858623E-002
  4.819117966604460E-002
  4.952011316487467E-002
  4.845836696365373E-002
  4.313346948915235E-002
  4.860681501718312E-002
  4.920208098492378E-002
  4.443154156325988E-002
  5.273780620833272E-002
  4.878342265222871E-002
  4.702383526337871E-002
  5.374896486658966E-002
  5.249413794702257E-002
  5.263865317726185E-002
  5.345099256306852E-002
  5.233193571132125E-002
  5.066905111794500E-002
  5.131941197962613E-002
  5.072736784133600E-002
  4.952735372262140E-002
  5.002595389282621E-002
  5.157385891312670E-002
  4.827675913849749E-002
  5.128614851513390E-002
  4.632748553056442E-002
  4.757198317139775E-002
  4.805096430736526E-002
  4.576205814103022E-002
  4.871517523892092E-002
  5.045804030266164E-002
  5.389989976628501E-002
  4.740415393602281E-002
  4.876804281952718E-002
  4.817330109392905E-002
  4.560094163730561E-002
  4.995320524726891E-002
  5.000599528024258E-002
  5.190554900440265E-002
  4.720193118926245E-002
  5.000599627404656E-002
  4.735686162294503E-002
  4.962891120652770E-002
  4.795433273872746E-002
  5.139572466978395E-002
  4.579173221418680E-002
  4.861675720428527E-002
  5.450306198473395E-002
  5.144479528402501E-002
  5.043707644996108E-002
  5.155965507627937E-002
  4.692969598833714E-002
  4.667932265285261E-002
  4.666829784754115E-002
  4.810881232742500E-002
  4.823893105637315E-002
  5.075776613769716E-002
  5.270591827285589E-002
  4.940101663511400E-002
  4.569126967328655E-002
  4.985218811469057E-002
  4.698548062729550E-002
  5.033311376088410E-002
  4.958318216262730E-002
  4.773090372949701E-002
  4.840302193313273E-002
  5.076799007246447E-002
  4.988934310300996E-002
  4.810504000499870E-002
  4.536276405324306E-002
  4.547068198549868E-002
  4.743052877936614E-002
  4.914733799583705E-002
  5.012027884371686E-002
  5.036343345598078E-002
  5.429707770878396E-002
  4.994219309560666E-002
  4.982280234592688E-002
  5.145464054464490E-002
  4.842424970113103E-002
  5.016730859190348E-002
  5.060402452411698E-002
  4.696886436032419E-002
  4.970412367370197E-002
  4.832694474525356E-002
  5.079974480041742E-002
  5.101476590400485E-002
  5.043055581410435E-002
  4.929795340733293E-002
  5.016730660351335E-002
  5.125272318684073E-002
  5.206060187317026E-002
  5.364678024276818E-002
  5.114084947968294E-002
  5.099339321962700E-002
  5.007063261847926E-002
  4.916252631124673E-002
  5.024643502746272E-002
  5.042137082561036E-002
  5.054383047037306E-002
  4.998825415606310E-002
  5.269558555815574E-002
  5.149531688045645E-002
  5.149773799421209E-002
  5.066944066551579E-002
  5.020654845014273E-002
  4.735741459844368E-002
  5.033501522406513E-002
  4.821802738534148E-002
  5.278985605845618E-002
  4.645288118714409E-002
  5.188744161117981E-002
  5.427023294634787E-002
  5.128883323692199E-002
  5.005584554288018E-002
  4.976083013742733E-002
  4.752418111427818E-002
  4.800129348480946E-002
  4.479557378158266E-002
  4.781176025734690E-002
  4.941057294736941E-002
  4.877775649475196E-002
  4.639473550840435E-002
  5.716516463028529E-002
  4.794379943419894E-002
  4.966467123952537E-002
  5.150602501273550E-002
  4.838921300691475E-002
  5.401917574951424E-002
  5.178777289634499E-002
  4.888550836954757E-002
  5.621792268075007E-002
  4.518251380295732E-002
  5.021531123597393E-002
  5.040766425994118E-002
  5.349728639164915E-002
  4.907783909196436E-002
  5.192812383169326E-002
  5.048297490324749E-002
  5.000036969536965E-002
  5.043163516869956E-002
  4.566318071791217E-002
  4.767465721318422E-002
  5.283087528572100E-002
  4.678681477162110E-002
  5.314391143880358E-002
  5.036394152913774E-002
  5.315973738795780E-002
  4.591930980644799E-002
  5.016453188294694E-002
  4.350331242061899E-002
  5.157894178556859E-002
  4.642068900246554E-002
  5.093018592994420E-002
  5.087433537964026E-002
  5.171906086635534E-002
  5.423496109298347E-002
  4.376995012288484E-002
  5.177641744459485E-002
  4.557938173079701E-002
  4.889120078122231E-002
  5.334412822171097E-002
  4.858506096525224E-002
  4.834528245624141E-002
  4.752439250663255E-002
  5.098974022180973E-002
  5.310971485739195E-002
  5.047620583549122E-002
  4.510625513670124E-002
  5.324704458195681E-002
  5.619317366647918E-002
  4.730958724813381E-002
  5.045043411701743E-002
  4.784371188200990E-002
  4.752632507008370E-002
  4.955374614367232E-002
  4.844982432511973E-002
  5.322652117665370E-002
  4.721057924354865E-002
  5.191598339812459E-002
  5.018543518975511E-002
  4.878466080529203E-002
  4.931924055242485E-002
  4.679283216328761E-002
  4.818480977768013E-002
  4.836444458795496E-002
  4.950637322145784E-002
  4.563383007104729E-002
  4.782996796514848E-002
  5.097965122993989E-002
  5.238387073671411E-002
  4.289205829624197E-002
  5.332506802868055E-002
  4.815977411172875E-002
  4.680289698772017E-002
  4.953778718527436E-002
  5.109273593463565E-002
  4.830606499584150E-002
  4.790374472793254E-002
  5.317653343982771E-002
  4.915169708076884E-002
  5.124494821727302E-002
  4.609769417403543E-002
  5.583820546406024E-002
  4.746830092004992E-002
  4.836336184340995E-002
  5.016292268779961E-002
  4.746405615153017E-002
  4.992778367390043E-002
  4.876702159041943E-002
  4.612684829586661E-002
  4.816305449528795E-002
  5.080753063584451E-002
  5.197266813877487E-002
  5.234152461242970E-002
  4.972439666903166E-002
  5.053402238766186E-002
  5.052531958000588E-002
  4.652704204364495E-002
  4.791848382355954E-002
  5.161935475958056E-002
  4.899255155471312E-002
  4.956306060758132E-002
  5.452622345880925E-002
  5.301487030246874E-002
  4.954791451686484E-002
  4.887116352084956E-002
  5.442871281643182E-002
  5.354982950503161E-002
  4.932628434230234E-002
  4.902213387815799E-002
  5.229435205614283E-002
  5.047339142527017E-002
  5.187244583590514E-002
  4.790628529212052E-002
  5.049442658769352E-002
  5.371251640251563E-002
  4.806121384854525E-002
  5.018118141984173E-002
  4.846043209249597E-002
  4.834436939971396E-002
  4.888104103538360E-002
  5.056703355224713E-002
  4.821340182440412E-002
  4.801362753593824E-002
  5.011684506648873E-002
  4.886323475039057E-002
  4.744227867122555E-002
  5.018486581512398E-002
  4.627445263287704E-002
  5.038347350378421E-002
  4.924545621780886E-002
  4.972102840430752E-002
  5.112012847606741E-002
  4.754550383541199E-002
  5.081674018747796E-002
  5.516581012263871E-002
  5.012065000009059E-002
  4.730900089043504E-002
  4.874057605788372E-002
  5.192354375342829E-002
  4.865179493576766E-002
  5.113861391529628E-002
  4.617277130577447E-002
  4.633004005659027E-002
  4.896004828612392E-002
  4.827623229949275E-002
  5.114151681425556E-002
  5.216891895722033E-002
  4.818962231814655E-002
  4.829984907872224E-002
  4.539034876283905E-002
  5.056206936562865E-002
  4.553928853833731E-002
  4.689663510049630E-002
  5.078856780151532E-002
  5.037564603412145E-002
  4.996146469070654E-002
  4.477616705764716E-002
  5.184533183457314E-002
  4.835446498678259E-002
  4.934652132915607E-002
  5.042775097778746E-002
  5.347461922172859E-002
  5.345749898067642E-002
  5.055687757215224E-002
  4.914142461966200E-002
  4.833954873213216E-002
  4.913601590568172E-002
  4.652051568561862E-002
  5.044445087164555E-002
  4.884838969117645E-002
  5.013425078494958E-002
  4.755239836235645E-002
  5.523454814979386E-002
  4.794049964816209E-002
  5.010444237731872E-002
  4.795070331191285E-002
  5.203634978707523E-002
  5.190175737886663E-002
  5.045449621073947E-002
  4.976869887082891E-002
  5.006250161469220E-002
  5.222240237012314E-002
  4.760469858325699E-002
  5.048304517286863E-002
  5.056705309535987E-002
  4.458415879083771E-002
  4.601391148062795E-002
  4.811439672449577E-002
  5.027263249565234E-002
  4.901987367147833E-002
  4.824350675856231E-002
  4.995787803200369E-002
  4.750149732294856E-002
  4.925604282690776E-002
  4.549737382908785E-002
  5.043553468613268E-002
  4.742564292471745E-002
  5.015399791162690E-002
  5.492235358816373E-002
  4.967553216090306E-002
  4.752521089425269E-002
  5.022095811902015E-002
  4.925668054176671E-002
  4.757583263994637E-002
  4.888487347925317E-002
  4.825207176925960E-002
  4.666911002792583E-002
  4.785917109550570E-002
  4.471794252953092E-002
  5.029020090452506E-002
  4.794014071095010E-002
  4.547383850450498E-002
  5.213801758322126E-002
  5.186643233724554E-002
  5.253006767434845E-002
  4.755743021189573E-002
  5.458011515000526E-002
  4.898305104201766E-002
  5.495823053980960E-002
  5.163772874433503E-002
  5.161122363216282E-002
  5.215744089022444E-002
  5.290017862222299E-002
  5.052771618409860E-002
  4.993498857412804E-002
  4.533751028764482E-002
  5.265081965919686E-002
  5.157018848769469E-002
  5.019832808085468E-002
  5.317409004215182E-002
  5.158705430713044E-002
  4.915389309893106E-002
  4.497215309208663E-002
  4.950365139606851E-002
  5.184842400943330E-002
  4.961628858396868E-002
  4.878450577915589E-002
  5.379651792594912E-002
  4.883592250767372E-002
  5.069874329791506E-002
  5.260313293709446E-002
  5.041798352481217E-002
  4.941543684360435E-002
  5.126666095623608E-002
  4.846356259654790E-002
  5.462988883333397E-002
  5.101479577329598E-002
  4.992719526253908E-002
  5.325371977992231E-002
  5.017372735402872E-002
  5.274444786808406E-002
  5.038762358068789E-002
  5.123372496232232E-002
  5.121627184943769E-002
  5.161029760566726E-002
  4.827439393778031E-002
  5.018388461065727E-002
  4.809592283798699E-002
  4.825627855883338E-002
  4.544539994965060E-002
  5.263854805902114E-002
  5.176147741718956E-002
  4.982520556898579E-002
  4.903556404969237E-002
  5.056477918263184E-002
  5.024771390590863E-002
  4.522568395557647E-002
  5.161839540474310E-002
  5.199937877615747E-002
  4.922582413757378E-002
  4.997239967999110E-002
  5.097853468340681E-002
  4.786140871688811E-002
  5.375953375818215E-002
  5.026061383941546E-002
  5.157597278309411E-002
  4.800737416033373E-002
  5.269649885873610E-002
  5.154468791148047E-002
  4.956271853815813E-002
  5.251422514054205E-002
  4.914362865791105E-002
  4.552880006631321E-002
  5.246386057243430E-002
  5.127846203871422E-002
  4.728847218380534E-002
  5.606531536880723E-002
  4.929620863120184E-002
  5.487735928148863E-002
  5.368729481123619E-002
  4.938521078009438E-002
  4.793752576521668E-002
  5.062374990755043E-002
  4.654778298522930E-002
  4.840801247454979E-002
  5.094888133209007E-002
  4.819939421017952E-002
  5.265413203565118E-002
  5.211340324308808E-002
  5.421544884589971E-002
  5.290907647471323E-002
  5.094695708009392E-002
  4.816895656286057E-002
  4.857465950487711E-002
  5.038797466192153E-002
  4.750905433215601E-002
  4.955953560680253E-002
  4.845298340082197E-002
  4.743569453821045E-002
  5.034028479008068E-002
  4.991540606208560E-002
  4.753861537688081E-002
  5.490444734459834E-002
  5.452649008043619E-002
  4.650849938232424E-002
  5.044701873211106E-002
  5.128913870491598E-002
  5.031264995593358E-002
  4.979629667671889E-002
  5.413106680080698E-002
  4.935707384326494E-002
  5.036230174169835E-002
  5.490529909688601E-002
  4.867782454826652E-002
  4.935307040851452E-002
  5.228768682353917E-002
  5.238279068744623E-002
  5.502230647205484E-002
  5.015516894285849E-002
  4.572404780109783E-002
  4.565932839467410E-002
  4.686184843780311E-002
  4.943698717247353E-002
  4.808287407751590E-002
  4.841692484114254E-002
  4.858618819600388E-002
  4.631531961069003E-002
  5.187237789601106E-002
  4.862363315161528E-002
  5.288502211934352E-002
  4.797791918802820E-002
  5.340460798966473E-002
  5.364464393829160E-002
  5.016073182341454E-002
  4.958705733121097E-002
  5.338784032486114E-002
  5.186161888688750E-002
  4.802474923663626E-002
  5.520465538224473E-002
  4.950086315544664E-002
  4.736157334382139E-002
  5.222761118083081E-002
  4.757983304813300E-002
  5.191022094238799E-002
  4.649066101208368E-002
  5.058606871870062E-002
  4.970901504404814E-002
  5.149630858776809E-002
  4.930033859686662E-002
  4.820668086417147E-002
  4.513196552140226E-002
  5.038081936760652E-002
  4.664883622333076E-002
  4.871396366106953E-002
  4.454261909544597E-002
  5.148712284917026E-002
  4.779260535567739E-002
  4.817120738070813E-002
  5.069826098368414E-002
  5.172089808533241E-002
  4.751789520235323E-002
  4.851269651851472E-002
  5.029906148945164E-002
  5.306259502251617E-002
  5.431678207339655E-002
  5.481999064629092E-002
  4.993848191415342E-002
  5.239758425496879E-002
  5.287744276316838E-002
  5.215676173602025E-002
  5.081307219646203E-002
  4.686210002526608E-002
  5.007228377024608E-002
  4.713975392663981E-002
  4.694114165162663E-002
  4.313344349395488E-002
  4.809105109400973E-002
  4.816467744694233E-002
  4.654733833637548E-002
  4.875610482011167E-002
  4.922433287026290E-002
  4.635610483481140E-002
  5.022019816935037E-002
  5.109810778944528E-002
  4.983494163554162E-002
  4.993424687905702E-002
  4.963766958719617E-002
  4.458269746983697E-002
  5.141821365086308E-002
  4.969033311628410E-002
  5.138086511030786E-002
  5.014478838303650E-002
  5.133891523596470E-002
  5.118854009739793E-002
  4.714815805398399E-002
  4.905144103889150E-002
  4.648643138078931E-002
  4.951771526052718E-002
  4.610516059800297E-002
  5.525768357595017E-002
  4.818336702498630E-002
  4.624531497151387E-002
  5.143996974248445E-002
  5.148394908317634E-002
  4.587965515022529E-002
  4.879128144579729E-002
  4.989723428337160E-002
  4.741080475007344E-002
  4.889367995099781E-002
  4.729769664655516E-002
  4.928330334509064E-002
  5.181859018997904E-002
  5.373294786711343E-002
  4.883651677804567E-002
  4.833712330863596E-002
  4.544384022057344E-002
  4.704633089997728E-002
  5.510482137870570E-002
  5.255493814488665E-002
  4.945975851970032E-002
  4.988413640500831E-002
  4.723032241340569E-002
  5.122647770035964E-002
  4.827992682450310E-002
  5.025250366730916E-002
  4.476215876398068E-002
  4.840816148763875E-002
  5.410144839611981E-002
  5.117587703285422E-002
  5.327822116433681E-002
  4.829850593984541E-002
  5.237297126632259E-002
  4.835565690760508E-002
  5.451241678822758E-002
  4.849781010969059E-002
  5.008554176679572E-002
  4.983823954808300E-002
  4.965029324940936E-002
  4.517578623627463E-002
  4.860088784438580E-002
  5.222240268647575E-002
  4.885375431028260E-002
  4.865152557444292E-002
  4.936686221235943E-002
  4.571198719674464E-002
  4.872636156502513E-002
  5.362072866307781E-002
  4.832190594413725E-002
  4.823514112935506E-002
  4.737752161881791E-002
  4.997767741102379E-002
  5.261637537045644E-002
  4.749639360835745E-002
  4.815730114535333E-002
  4.903280315246287E-002
  4.991462146320105E-002
  5.120706391067788E-002
  5.074138416976857E-002
  5.314975994993104E-002
  4.976473947358587E-002
  3.113906943640200E-002
  3.701166794749134E-002
  3.249540194985609E-002
  3.564082917502245E-002
  3.282123077292783E-002
  3.523350943600193E-002
  3.510150723631843E-002
  3.900587808841238E-002
  2.721184169040017E-002
  3.604395623003194E-002
  3.081316930093449E-002
  3.310810091482741E-002
  3.116033279416034E-002
  3.648039524326328E-002
  3.575551830329779E-002
  3.504609878185572E-002
  3.284380281690288E-002
  4.268388186161939E-002
  3.439274924708469E-002
  3.148631583458312E-002
  4.068372445801204E-002
  3.659939698690010E-002
  3.150908207506357E-002
  3.046677389030416E-002
  3.211689577916862E-002
  2.999348962508578E-002
  3.567117337568728E-002
  2.670302529935258E-002
  3.461276329807776E-002
  3.411950996230675E-002
  3.859586380623492E-002
  3.663339738889196E-002
  3.512822106799955E-002
  4.093454528889028E-002
  3.726183105527516E-002
  3.926484765391591E-002
  2.797755297267176E-002
  3.205228009816121E-002
  3.426827526558875E-002
  2.847319228732215E-002
  3.489096957189186E-002
  4.143966427478462E-002
  3.610520850351532E-002
  3.188085811842971E-002
  4.511019646239620E-002
  4.247689682600302E-002
  3.296922289130894E-002
  3.861408176711685E-002
  3.598719574185412E-002
  3.892439216246620E-002
  3.829389691312830E-002
  3.352754819299578E-002
  3.328271957484599E-002
  4.518096307846346E-002
  3.602467644595778E-002
  3.078493889697230E-002
  3.609951347466122E-002
  3.786047144250183E-002
  3.185905389984280E-002
  3.532543080798525E-002
  3.467059915321532E-002
  2.960677047303131E-002
  3.370815951287057E-002
  3.259187371309861E-002
  3.549875900585041E-002
  4.012857589933504E-002
  3.833407310554968E-002
  4.657659897008662E-002
  3.056282793542584E-002
  3.391581642078425E-002
  3.524094190446925E-002
  3.531918930588166E-002
  3.491488430631138E-002
  3.532818429988611E-002
  3.524310565310707E-002
  4.445148487381272E-002
  4.094708891115038E-002
  3.959228916175312E-002
  3.228084593380306E-002
  3.200984724763051E-002
  3.324521189295540E-002
  3.026736843567711E-002
  3.403957764421446E-002
  2.647763215641389E-002
  3.236656734604088E-002
  3.946866979095675E-002
  3.204234060417475E-002
  3.331778981429480E-002
  3.179734065722039E-002
  3.730595466061477E-002
  3.406060894706127E-002
  3.406235880983335E-002
  2.891812778846738E-002
  4.062414745946247E-002
  2.805647411698346E-002
  4.339098589873424E-002
  3.830009737874983E-002
  3.787143377317242E-002
  3.468088688949758E-002
  3.503978770438664E-002
  2.957858848847189E-002
  3.475187090723186E-002
  3.529881584308171E-002
  3.061184858669679E-002
  3.210806419190144E-002
  3.909858895848707E-002
  2.878677943471175E-002
  3.713209329217101E-002
  3.358611559168127E-002
  3.340901324161565E-002
  2.615425047955434E-002
  3.118097876182792E-002
  3.678342900172319E-002
  3.381348541205186E-002
  3.823804902859278E-002
  3.877006966598934E-002
  3.421453896956717E-002
  3.863098651347453E-002
  2.964030600145470E-002
  3.763682528866470E-002
  3.428878127995005E-002
  3.816996314860042E-002
  3.033282722289072E-002
  3.177944715756018E-002
  2.924929239600899E-002
  3.550517077729450E-002
  3.113892685858425E-002
  3.899905133625803E-002
  2.903308755232384E-002
  3.615726847566451E-002
  3.348519507650714E-002
  4.238920447081271E-002
  3.246025010141890E-002
  3.969718985856935E-002
  3.331532915771837E-002
  3.052445459004424E-002
  3.086524351911986E-002
  3.597102603169786E-002
  3.041613861970630E-002
  4.349860058533051E-002
  5.022781768237217E-002
  4.143873272309532E-002
  2.975445789609048E-002
  3.523162359908833E-002
  3.989125684320759E-002
  3.340040422417916E-002
  3.794402472545015E-002
  3.443069885076166E-002
  3.770810292512203E-002
  3.529192192064958E-002
  3.112684375765700E-002
  4.115369974469493E-002
  4.652339080825467E-002
  3.459526150796674E-002
  4.514480826884833E-002
  4.511119723625730E-002
  3.552612019705823E-002
  2.742061067352120E-002
  3.247216468519828E-002
  3.513451016769343E-002
  3.843776691439053E-002
  3.491141982513369E-002
  2.987763059156755E-002
  3.353059388324727E-002
  3.648934901860519E-002
  2.751445106325050E-002
  3.466847492867279E-002
  3.703908224687578E-002
  3.618928224070650E-002
  3.333214126235279E-002
  3.352752004593730E-002
  4.234878153230389E-002
  2.940876526437460E-002
  2.953727334103968E-002
  3.667625397215565E-002
  3.375883536795089E-002
  3.314845231286270E-002
  4.101018169540709E-002
  3.671605401932966E-002
  4.077823995020042E-002
  3.374209442743891E-002
  3.414406482452184E-002
  2.743568178980249E-002
  4.348196206154873E-002
  3.798556900700516E-002
  3.236948903252179E-002
  3.025262227420799E-002
  3.558562555030664E-002
  2.760757173446908E-002
  3.178485398882981E-002
  3.003747262218458E-002
  4.041954540689241E-002
  2.988416053914011E-002
  3.890910008686426E-002
  3.322439269802821E-002
  3.162334291458535E-002
  3.666696129485900E-002
  3.901932958482544E-002
  3.389452122749831E-002
  3.381160721415484E-002
  3.247651519728367E-002
  4.095491787498911E-002
  3.606448685108590E-002
  3.117162438410001E-002
  3.608055214725269E-002
  3.495643154401447E-002
  3.765792602416700E-002
  3.249814992135753E-002
  4.042268401864226E-002
  3.983406731577625E-002
  2.855985235398257E-002
  3.264778635066156E-002
  3.625481694957652E-002
  4.082331040944868E-002
  3.350646967126814E-002
  3.378627672798719E-002
  2.835452780779360E-002
  3.751293161765980E-002
  4.089012249778444E-002
  3.033788535054096E-002
  3.095238531193914E-002
  3.007473906126642E-002
  3.258529036938701E-002
  3.341111395038853E-002
  4.686545296015753E-002
  4.120195607939939E-002
  3.542107461160340E-002
  4.033015937501200E-002
  3.936980824016561E-002
  3.659243374780467E-002
  3.251832807240369E-002
  3.700075685589171E-002
  4.243589818895183E-002
  3.753464860923244E-002
  3.274943781025244E-002
  3.400480283241149E-002
  3.301154210831792E-002
  2.507651099689422E-002
  3.736006366783711E-002
  3.898764134969798E-002
  3.667265105140715E-002
  3.069712258048197E-002
  3.552764283953053E-002
  3.575311402297983E-002
  3.659398960358450E-002
  3.409834755694313E-002
  4.451706067465804E-002
  3.039451663939281E-002
  3.945230674188963E-002
  3.165653440316418E-002
  3.701341338333741E-002
  3.553231812068976E-002
  3.041643311642736E-002
  2.802065200782845E-002
  4.032437009204873E-002
  3.998071139601161E-002
  3.424275307557637E-002
  3.788600608544298E-002
  4.197287515830871E-002
  3.422368912760396E-002
  3.600070343887869E-002
  2.939368055825394E-002
  4.046388658521741E-002
  4.268052723282539E-002
  3.490506966779863E-002
  3.390817077626172E-002
  3.682800799710827E-002
  3.434931146706305E-002
  3.185527403710180E-002
  3.379707811407878E-002
  3.346866797948928E-002
  3.127842316316481E-002
  3.496483510970703E-002
  2.879827648734680E-002
  4.258807704350338E-002
  3.773140789508086E-002
  3.899662650587921E-002
  3.095232968076182E-002
  3.105699919873011E-002
  3.101692601871403E-002
  3.379803239592279E-002
  3.407212121811605E-002
  3.294635457473127E-002
  3.304111269025797E-002
  3.342260450790498E-002
  3.922112976201651E-002
  3.324162365196911E-002
  3.341124973761456E-002
  3.796718445697837E-002
  2.646582060790592E-002
  3.664558469447638E-002
  2.944239391728799E-002
  3.601056955721758E-002
  3.486262557570994E-002
  2.942885433182007E-002
  3.546287838863708E-002
  3.887481345087202E-002
  3.244236030306296E-002
  3.315709636768630E-002
  3.098338646333342E-002
  3.304534765861026E-002
  3.651229995542943E-002
  4.457266345808638E-002
  3.348538259448102E-002
  3.184408067270549E-002
  3.606173419274353E-002
  2.801370013790551E-002
  3.066544500732587E-002
  3.706352468869807E-002
  3.674394567267660E-002
  3.719422148763345E-002
  3.184108985870676E-002
  2.755561013442788E-002
  3.302004878581897E-002
  3.810493398187663E-002
  3.582729530930824E-002
  2.968425416094215E-002
  3.327289822594615E-002
  3.837350478356567E-002
  3.183695890399740E-002
  2.894249554175763E-002
  3.349234007218246E-002
  3.468018316634343E-002
  3.615987329238873E-002
  2.988906442150947E-002
  3.576006865215677E-002
  2.903113392282480E-002
  3.255371607101455E-002
  4.439001057836572E-002
  3.028327049265907E-002
  4.025447057082764E-002
  3.236708847789604E-002
  3.898417632239148E-002
  3.539834743862193E-002
  3.738886078383898E-002
  3.440388783082234E-002
  3.370284393772255E-002
  3.632737572535800E-002
  3.282354482540995E-002
  2.775790440166422E-002
  3.503139355521404E-002
  3.211130717170055E-002
  4.252385808238161E-002
  3.688302490132053E-002
  3.460221853460328E-002
  3.004447654825419E-002
  3.274299031743979E-002
  3.815828581633314E-002
  3.486174206434262E-002
  3.129055556605308E-002
  4.254836591231012E-002
  3.891666606080217E-002
  3.338134801234897E-002
  3.553470674174988E-002
  3.411529979324425E-002
  3.826702657852648E-002
  3.728620248008267E-002
  3.558369802651347E-002
  2.832832119035205E-002
  3.770246608481342E-002
  3.404173235705295E-002
  3.225302442397004E-002
  3.010957478805922E-002
  3.617471772519535E-002
  2.739094276214020E-002
  3.235471191910416E-002
  3.158126733225094E-002
  3.117286068974705E-002
  3.005880602546677E-002
  3.787501860336903E-002
  2.881226530641116E-002
  3.659547026833114E-002
  3.170534199774021E-002
  2.971751741139729E-002
  3.504322690583250E-002
  3.379959604445813E-002
  4.357292247838997E-002
  2.796229854619347E-002
  3.179563052908188E-002
  4.204613470277685E-002
  4.113014406042231E-002
  3.713732311577208E-002
  4.186018585301810E-002
  3.489373475409951E-002
  3.462668002702807E-002
  2.924782749539302E-002
  3.066513756005827E-002
  3.116050861281607E-002
  3.459070127597950E-002
  3.449630012250227E-002
  3.180338218220782E-002
  2.394691732722765E-002
  3.072071856329717E-002
  4.075477219111986E-002
  3.864766228491714E-002
  3.789506459078040E-002
  2.999492165151793E-002
  3.621313120025293E-002
  3.709378524602502E-002
  2.954826134835210E-002
  3.429129287880010E-002
  3.563967193613324E-002
  3.626192056644630E-002
  3.524427101271508E-002
  4.284624232807036E-002
  3.242338283895405E-002
  3.063931745383910E-002
  4.015109577658774E-002
  3.620570731503251E-002
  3.291944320118321E-002
  3.377349310832278E-002
  3.071295697754034E-002
  3.690179321779386E-002
  2.897904767413986E-002
  3.350781156268639E-002
  3.513958203283930E-002
  3.269050992958585E-002
  4.563038097705028E-002
  3.530484555612006E-002
  3.718982132483510E-002
  3.669444568269055E-002
  3.885354965767925E-002
  3.545600992128387E-002
  4.060861421932937E-002
  3.677214721564016E-002
  3.438928570410500E-002
  3.576615485996672E-002
  3.705112025358839E-002
  3.774739046610352E-002
  3.720955962981160E-002
  4.104380824807202E-002
  3.064003353450051E-002
  3.540278127676844E-002
  2.896772520848221E-002
  3.147094394867237E-002
  3.238660038947626E-002
  2.796162388128973E-002
  3.005730833336251E-002
  3.079352097983070E-002
  4.119161603385527E-002
  2.636212057549320E-002
  2.971821713808051E-002
  3.410568616249821E-002
  2.934618290424621E-002
  3.419172449624207E-002
  3.366158142045972E-002
  3.697082387585686E-002
  3.062834682748327E-002
  4.536067848467228E-002
  2.851103009740992E-002
  3.565060335783304E-002
  3.130995967293205E-002
  3.998653613467376E-002
  3.261099264756288E-002
  3.349194472987115E-002
  4.973225812516805E-002
  3.998556887608580E-002
  3.700003689154163E-002
  3.643134978794482E-002
  2.701927111578586E-002
  3.081627861778774E-002
  3.167415931060846E-002
  2.923275693975289E-002
  2.998381925599926E-002
  3.322637181100467E-002
  4.147493671639184E-002
  3.934935190387798E-002
  3.070028575155532E-002
  3.208643992543649E-002
  2.876933226915572E-002
  3.797188287672151E-002
  3.332678903059583E-002
  3.737201964631049E-002
  3.393953091637285E-002
  3.569509401735190E-002
  3.626086328227666E-002
  3.420930896596516E-002
  2.851847107751446E-002
  3.090793913369405E-002
  3.272039442182244E-002
  3.266353587856675E-002
  3.199801967971934E-002
  3.718745498113817E-002
  3.973460506707023E-002
  4.132783744032836E-002
  3.716790368828249E-002
  3.630539171029484E-002
  2.699769494826448E-002
  3.583815183639122E-002
  3.397327180246411E-002
  2.981296739407904E-002
  3.764557619571280E-002
  3.177490927707909E-002
  3.650691986271228E-002
  3.748171105682636E-002
  3.629414104289799E-002
  3.525004299589388E-002
  3.407074148356887E-002
  3.733063007595480E-002
  3.791488577346930E-002
  3.681149750287811E-002
  3.441033868609095E-002
  3.948329885482538E-002
  3.075989219791583E-002
  3.534631601220679E-002
  3.251441273897336E-002
  3.508005302814830E-002
  3.966390551764196E-002
  3.737561286429521E-002
  4.173299113352804E-002
  3.427334869801674E-002
  4.236455620642163E-002
  3.626530862762416E-002
  3.407565256773143E-002
  3.473418705505491E-002
  3.141518792626150E-002
  3.450104537055884E-002
  4.301592129694953E-002
  3.484138494919659E-002
  3.325896048909773E-002
  4.053475748004603E-002
  3.907089282201452E-002
  3.811007937743235E-002
  3.126044962056566E-002
  2.985354226516539E-002
  3.240188485968291E-002
  3.098348807426525E-002
  3.238985509686784E-002
  3.042012251697698E-002
  3.190937669458669E-002
  3.324542680881317E-002
  4.297172876702498E-002
  3.430609237708310E-002
  3.575160061674175E-002
  3.417499200177555E-002
  3.058584317069734E-002
  4.008868545649896E-002
  3.802440057014066E-002
  3.185559937249588E-002
  4.409619705511154E-002
  3.198693202866375E-002
  4.084524264341955E-002
  3.569439456779396E-002
  3.256718707370179E-002
  3.222653250011364E-002
  3.358956698942692E-002
  3.510334968674259E-002
  2.826742980586179E-002
  3.525601614650479E-002
  3.173903141246093E-002
  3.179237918933293E-002
  3.975466066406964E-002
  2.918940121391872E-002
  3.678914586205211E-002
  4.189995565719526E-002
  3.557695870663479E-002
  2.665978532977491E-002
  3.548278516514796E-002
  2.704941390733338E-002
  3.602139981283593E-002
  3.493367624631372E-002
  3.487281276789118E-002
  3.631735977480503E-002
  3.575062212868267E-002
  3.424433963344539E-002
  2.901307026834876E-002
  3.951315478382925E-002
  2.591461009088680E-002
  3.732509233739218E-002
  3.888203831977272E-002
  2.990212181712655E-002
  3.440158087521780E-002
  3.609927517116449E-002
  4.267198307129667E-002
  4.207347673811990E-002
  3.835434739315274E-002
  2.547558969623043E-002
  3.580839128851565E-002
  3.777167707648550E-002
  3.193960869076216E-002
  3.618926019678698E-002
  3.070603815273756E-002
  3.283144008077594E-002
  3.164964368250983E-002
  3.042269720892884E-002
  4.195081471748238E-002
  3.303841382146142E-002
  4.216251592960748E-002
  3.773176052946235E-002
  3.518085850691684E-002
  3.886193506904519E-002
  3.185505529552715E-002
  3.323112677240846E-002
  3.440260359911332E-002
  3.311671645444480E-002
  2.663186161634797E-002
  3.081542435091975E-002
  3.764133666507514E-002
  3.981249066453650E-002
  2.656559336856286E-002
  4.209686032704473E-002
  2.851463531554597E-002
  3.161816414066995E-002
  3.374802229585449E-002
  4.286983124223001E-002
  3.150615433566305E-002
  2.934347314224688E-002
  4.053499945980943E-002
  3.391425576905247E-002
  3.976608960550031E-002
  3.061759270178152E-002
  4.592557693712775E-002
  3.291982976717760E-002
  3.309564410098991E-002
  3.629526087908608E-002
  2.892752618119714E-002
  3.625611009920723E-002
  3.098617820435956E-002
  2.760481410592280E-002
  3.139477740347359E-002
  3.927598681708839E-002
  3.614653043951433E-002
  3.545829283872379E-002
  3.203051111773398E-002
  3.639700279471729E-002
  3.670990983158105E-002
  2.802360292194304E-002
  3.141562145213200E-002
  5.117817508789305E-002
  3.603861236272615E-002
  3.382118563173237E-002
  3.900969042537002E-002
  3.833325703713700E-002
  2.903789736674800E-002
  3.501770206538799E-002
  4.345097518965250E-002
  4.304570922001461E-002
  3.383646651939260E-002
  3.836622449957681E-002
  3.659996589685376E-002
  3.723375061382183E-002
  4.246148433705564E-002
  2.934157764866823E-002
  4.118576989561455E-002
  3.883757251757818E-002
  2.765646038865611E-002
  3.858839187613241E-002
  3.497761263325325E-002
  3.426003837493142E-002
  3.116351111924287E-002
  3.575910484581737E-002
  2.954738248860394E-002
  3.048690345114360E-002
  3.549403210782430E-002
  3.251637278876643E-002
  3.008568125567641E-002
  3.793927420503947E-002
  3.086616441975953E-002
  3.910288908685967E-002
  3.672769524001498E-002
  3.615699095334064E-002
  3.900182407898927E-002
  3.371351602630904E-002
  3.563114995789553E-002
  4.101454352108946E-002
  3.585843057400757E-002
  3.275541620223787E-002
  3.472369741461485E-002
  3.949488634410445E-002
  3.906481749455495E-002
  3.542426638065267E-002
  2.893388030093258E-002
  3.097949856660676E-002
  3.568471853130778E-002
  3.064146770061779E-002
  3.573894671188763E-002
  3.353966899256989E-002
  3.476306977568088E-002
  2.944842013915349E-002
  2.366606601480928E-002
  3.742236215754016E-002
  2.677316594004405E-002
  3.269784216076589E-002
  3.592806997731371E-002
  3.311677693501042E-002
  3.521786205537448E-002
  3.159653204943420E-002
  3.534596570867554E-002
  3.378888780288936E-002
  3.235129280231748E-002
  3.461719029827937E-002
  3.789101048640581E-002
  3.700177349846788E-002
  3.282619657189852E-002
  3.240727606723871E-002
  3.044211780330331E-002
  2.999495655044162E-002
  3.160281283780861E-002
  3.675377811099810E-002
  3.213596513187042E-002
  3.214801544366636E-002
  3.433449666808679E-002
  3.676764391870308E-002
  3.904087029309759E-002
  3.116063595992070E-002
  3.260725695464245E-002
  4.102571452869286E-002
  3.721203961339344E-002
  3.872851950982495E-002
  3.029542580511296E-002
  3.408079928068264E-002
  3.581504206467547E-002
  2.822634159101025E-002
  3.614780689393298E-002
  3.392196610110468E-002
  2.849020871150227E-002
  3.024246597032676E-002
  2.984077167979389E-002
  3.417309767375987E-002
  3.790469543009384E-002
  3.402413250795803E-002
  3.735777178756324E-002
  2.938347706962875E-002
  2.927101543303586E-002
  2.851858053869157E-002
  3.343818762891859E-002
  2.753031106198725E-002
  3.413120903710974E-002
  4.030942506360452E-002
  3.455084310947508E-002
  3.286403771565846E-002
  2.995185626512215E-002
  3.924546440248239E-002
  3.051292464450477E-002
  2.879356685151437E-002
  3.034596802055264E-002
  3.115838261437330E-002
  3.283488102414417E-002
  3.072729505704906E-002
  3.842946637223845E-002
  3.140773771500570E-002
  2.788195142007965E-002
  3.657924199361857E-002
  3.618282341018495E-002
  3.685491334404039E-002
  3.678540251314936E-002
  4.205644761028304E-002
  3.935348185060100E-002
  5.746840030024965E-002
  3.568280156039807E-002
  3.607603348134172E-002
  3.532436387142435E-002
  3.807446297879883E-002
  3.542807194124099E-002
  3.319006715081328E-002
  2.959175636817638E-002
  4.100665915343708E-002
  3.296960890996716E-002
  3.438221863579519E-002
  3.729247218235174E-002
  3.637785006114688E-002
  3.683701746055029E-002
  2.701847481555734E-002
  3.426333147915377E-002
  3.881465032013992E-002
  3.318891587744784E-002
  3.168354700057294E-002
  4.272867082392212E-002
  3.601180240403798E-002
  3.088681098124999E-002
  3.516452666892042E-002
  3.342009069493662E-002
  3.439155578713177E-002
  3.729985787503558E-002
  3.299901198791245E-002
  4.025081272262489E-002
  3.507126550612866E-002
  3.546486799828667E-002
  3.995924208476075E-002
  3.358056248610710E-002
  4.126488471389709E-002
  3.893363018110491E-002
  5.155196413201036E-002
  4.130681297346367E-002
  3.815856706651388E-002
  3.504945373467766E-002
  3.789491019099830E-002
  3.809233928070443E-002
  3.171072903855912E-002
  2.579025902025825E-002
  4.124128531101475E-002
  3.647297099664838E-002
  4.035918405965193E-002
  3.321438432163109E-002
  3.362426383947398E-002
  3.333541826473348E-002
  2.771855363962779E-002
  3.785472298645023E-002
  3.621553466406779E-002
  3.427353202282157E-002
  2.977200548943976E-002
  3.933880668914377E-002
  3.125048857493917E-002
  3.695916428288085E-002
  3.496595035186523E-002
  3.729351110794757E-002
  3.221922217862921E-002
  3.489158963589085E-002
  3.469788837412844E-002
  3.264461102051119E-002
  3.883964168552866E-002
  3.343158476315485E-002
  2.754278913525630E-002
  4.491293015957223E-002
  3.846446589255592E-002
  3.207974573257645E-002
  4.390257474652943E-002
  3.786404695624353E-002
  4.740562202810831E-002
  4.104537980160715E-002
  3.450687127580399E-002
  2.726136736557671E-002
  3.552193704753551E-002
  3.228540531018180E-002
  3.093665745495561E-002
  3.160884789843624E-002
  2.982769781090778E-002
  4.107568031942305E-002
  4.124012058474985E-002
  3.865811520129370E-002
  3.546277143525544E-002
  3.591006432722085E-002
  3.019146109546906E-002
  3.463509644520421E-002
  4.004480189330348E-002
  3.082989570969999E-002
  3.162234716098712E-002
  2.909948073334412E-002
  3.450552415225074E-002
  4.440610631044589E-002
  3.195751078199210E-002
  3.706643644037252E-002
  3.846771390670405E-002
  3.720776217717277E-002
  2.908299560123020E-002
  3.139681109650806E-002
  3.410324630556907E-002
  3.043533641509374E-002
  3.196892471315744E-002
  4.234048028385098E-002
  3.367902586099936E-002
  3.470553325917025E-002
  4.249176875111384E-002
  2.934024593781449E-002
  3.529058659494242E-002
  3.512008433062324E-002
  3.888800772501259E-002
  3.986709726740888E-002
  3.459199472380716E-002
  2.688560949495545E-002
  3.101172078847973E-002
  3.336381191491928E-002
  3.480802564697555E-002
  3.296811581043806E-002
  3.421083136781711E-002
  2.893895152308667E-002
  3.631615252744320E-002
  4.598571025883085E-002
  3.111235182248646E-002
  3.901313662289006E-002
  3.377358704256180E-002
  3.644991273421508E-002
  4.361334096616509E-002
  3.333539757023439E-002
  3.658023711609518E-002
  3.803832270318228E-002
  4.016897860536504E-002
  3.967495818192904E-002
  4.519044640026314E-002
  3.335465445478659E-002
  2.832970776995300E-002
  3.815504321385909E-002
  3.208526844988439E-002
  3.516816698645737E-002
  3.171713631892007E-002
  3.988776980946782E-002
  3.717288135388564E-002
  3.691674430823857E-002
  3.155268354226354E-002
  3.275188035965727E-002
  2.912334703972686E-002
  3.431061683720071E-002
  3.018705115341770E-002
  3.050923749357535E-002
  2.867464451519499E-002
  3.441668805077615E-002
  3.230744707838442E-002
  3.104288840060682E-002
  3.646075634641856E-002
  4.281891425007112E-002
  3.154095284613724E-002
  3.243686221545714E-002
  3.577348976287946E-002
  3.607593780825313E-002
  3.390190118054618E-002
  4.521604950789784E-002
  3.650185742565945E-002
  3.627339954436281E-002
  4.028861363900442E-002
  3.583623267782963E-002
  3.366883675587121E-002
  3.705085282003993E-002
  4.041937926123388E-002
  2.989116075098544E-002
  3.017607824198386E-002
  2.475170619443447E-002
  3.210025509290864E-002
  3.033388597152791E-002
  2.997178528057151E-002
  3.750091260099254E-002
  2.916789321782704E-002
  2.816245720334444E-002
  3.598073808314555E-002
  4.479940713200558E-002
  3.380905895979298E-002
  2.932008132132102E-002
  3.661700677938512E-002
  3.142073556151109E-002
  3.564635695563492E-002
  3.468517843664887E-002
  3.855555343814010E-002
  3.394124454380415E-002
  3.655756208109447E-002
  3.590351330571761E-002
  3.697571886393000E-002
  3.019021157612398E-002
  3.025106770741811E-002
  3.975291864521175E-002
  2.694608671973190E-002
  4.354511515367624E-002
  3.257583629178672E-002
  2.740239917440023E-002
  3.406210748693837E-002
  3.973892506659685E-002
  2.787468163166420E-002
  2.667812520306105E-002
  3.554845784468572E-002
  3.320233030058024E-002
  3.186808544034431E-002
  2.608441139859486E-002
  2.975820277076903E-002
  3.538850802188157E-002
  3.727499369816407E-002
  3.319869668069064E-002
  3.200718774990692E-002
  3.048800463797041E-002
  3.032499294149000E-002
  3.834591974253394E-002
  3.750063231517018E-002
  3.392484170034860E-002
  3.869097955867903E-002
  3.142303554982943E-002
  3.604667084813485E-002
  3.312102274430155E-002
  3.754504772552980E-002
  2.760859672911443E-002
  3.536839646527555E-002
  3.890772071927606E-002
  3.570806222534564E-002
  4.293595654059866E-002
  3.242367852963137E-002
  3.573637514053837E-002
  2.917943252820285E-002
  3.821421240703383E-002
  3.197360743535371E-002
  3.570065249750600E-002
  3.448024299383307E-002
  3.518286934470676E-002
  2.816451321022955E-002
  3.450607575682271E-002
  3.589333853701538E-002
  3.208865410943776E-002
  3.035196973388869E-002
  3.217853680119791E-002
  2.896129337431476E-002
  3.281988060648102E-002
  4.174804673524712E-002
  3.620118535317492E-002
  3.269658523185939E-002
  2.979377874754769E-002
  3.446359899705030E-002
  3.644991944317656E-002
  2.899272313496331E-002
  3.233812663263224E-002
  3.234960440658757E-002
  3.432610472128307E-002
  3.763926018589823E-002
  3.638328126958265E-002
  4.165223366802752E-002
  3.936673857664621E-002
