  0.468989583872436     
  0.517752933934948     
  0.483111791839176     
  0.472257425442246     
  0.519582836497534     
  0.496833291605637     
  0.465791663449541     
  0.517112282548218     
  0.505300842558262     
  0.485316729211991     
  0.454339908197553     
  0.487776873397823     
  0.524657813061478     
  0.488854808750749     
  0.472254527925689     
  0.469718857043225     
  0.488194909158867     
  0.512467104881874     
  0.521322306885861     
  0.519087840442636     
  0.499323679733975     
  0.573928061806485     
  0.515817908245509     
  0.469047309033677     
  0.540160748599336     
  0.479027390683056     
  0.519636792558418     
  0.530438378197626     
  0.501100940652221     
  0.539903035220905     
  0.492074188780753     
  0.501492685612302     
  0.510278645997107     
  0.496730274696856     
  0.486422281305644     
  0.513935580981545     
  0.494951494843598     
  0.484030904578686     
  0.518619718709339     
  0.497885110457828     
  0.455629091547079     
  0.486972637336860     
  0.507771217702769     
  0.490330933737029     
  0.497808067756114     
  0.492403249015344     
  0.523764855214603     
  0.521334845679261     
  0.492782700993713     
  0.479831187461485     
  0.522132053951299     
  0.498553528788426     
  0.503796028324514     
  0.456783511895800     
  0.470332149692310     
  0.494203940258656     
  0.472494088359214     
  0.531861245066974     
  0.493271448736762     
  0.516482969632945     
  0.502544077869161     
  0.449029351251770     
  0.485943640118324     
  0.519740588912900     
  0.526640619857842     
  0.474640719535627     
  0.517379837901581     
  0.462623691226614     
  0.450365943212244     
  0.498385250890887     
  0.486101673328674     
  0.464653732594370     
  0.534899395213833     
  0.501316773733224     
  0.490676023144668     
  0.519170345343510     
  0.503213510385415     
  0.474150934364258     
  0.534531515535263     
  0.531846074105462     
  0.511094434550240     
  0.537106628353507     
  0.507790927332070     
  0.491390687293942     
  0.524728160856065     
  0.499743643498556     
  0.521854184651202     
  0.527489808336040     
  0.453384352798234     
  0.508171055793721     
  0.463919954549626     
  0.490080480668233     
  0.487239568866065     
  0.489221033965443     
  0.492011980923996     
  0.505527719470074     
  0.465519943675137     
  0.482411994521931     
  0.469398075795293     
  0.483957789602656     
  0.513214120151221     
  0.512789221509016     
  0.506223455487424     
  0.535757482042050     
  0.479593876476758     
  0.485373224834881     
  0.510534673609671     
  0.476476346006216     
  0.479924753773305     
  0.445953663106530     
  0.451232369058063     
  0.516243245819458     
  0.524179731157477     
  0.478932350073642     
  0.476695233959040     
  0.494120221691332     
  0.493329257311223     
  0.485048833533537     
  0.486007606269361     
  0.485918158599004     
  0.528661332592232     
  0.485019245980455     
  0.553599961890735     
  0.484938444880334     
  0.478808316168973     
  0.460801007826783     
  0.508907075932767     
  0.531395338641047     
  0.579907870357951     
  0.472753320552362     
  0.509422316593585     
  0.475069767572774     
  0.500787133353295     
  0.478827757414473     
  0.522578505162344     
  0.515753791236555     
  0.504861125247381     
  0.551671758811302     
  0.502449297430477     
  0.474944298660015     
  0.512175947072302     
  0.497335766065547     
  0.499990351992026     
  0.510258110304087     
  0.511694646927469     
  0.483018713087797     
  0.556828799098589     
  0.520493729179415     
  0.506641186679136     
  0.474816550752405     
  0.518377494555904     
  0.541810679075571     
  0.505553571947775     
  0.547596499289632     
  0.491907085473697     
  0.479477509580620     
  0.511394358616441     
  0.524997284501835     
  0.479708451608044     
  0.472973878167227     
  0.488648148771959     
  0.535488572224688     
  0.504895925833561     
  0.526160370393361     
  0.484336299496766     
  0.514924519544519     
  0.467207149020926     
  0.510218622203298     
  0.471704513042666     
  0.503625826740752     
  0.489419389444375     
  0.520969913124800     
  0.521074695402070     
  0.504816013624481     
  0.489648023747251     
  0.515858853405191     
  0.483641840959070     
  0.476101402768239     
  0.461650914074323     
  0.484342868431836     
  0.488449870067136     
  0.479073667100613     
  0.462557825638566     
  0.532473866874718     
  0.508646891622936     
  0.486552611243970     
  0.480856947128659     
  0.471221433678016     
  0.488069827418874     
  0.481246186965141     
  0.463896282157769     
  0.559583576143293     
  0.458433808940172     
  0.487412119293522     
  0.488063424401338     
  0.462837069306418     
  0.442023892707035     
  0.483704106840383     
  0.491261440758322     
  0.537022897894984     
  0.494328762233571     
  0.507040330001636     
  0.536369573708546     
  0.535692943135612     
  0.493470182371879     
  0.496314026855508     
  0.529212226988933     
  0.470237504530488     
  0.508183406480965     
  0.459193462047022     
  0.510849860760610     
  0.433873735892055     
  0.503623560983855     
  0.479283151202598     
  0.466645613214196     
  0.455588689586713     
  0.539783421181446     
  0.471754290886404     
  0.508562167845050     
  0.550328773123336     
  0.496774114564371     
  0.516581128776211     
  0.482519224704025     
  0.512045055369448     
  0.510978441176903     
  0.427341050937739     
  0.489184860013598     
  0.471540199294484     
  0.523512770363895     
  0.476631487419555     
  0.483583787690711     
  0.483841179177388     
  0.498450184188100     
  0.496199026430929     
  0.488172307615131     
  0.495988141021759     
  0.487682609234501     
  0.455780950160908     
  0.526017930154273     
  0.536211422916653     
  0.477398928021893     
  0.468767849959828     
  0.504379682110510     
  0.533963412824363     
  0.490649314174624     
  0.500903727239709     
  0.456721839426460     
  0.484860222109699     
  0.508775424738587     
  0.507177116817841     
  0.487614940256954     
  0.494806181328838     
  0.492545450878557     
  0.479115626954067     
  0.447862118515205     
  0.503696060929441     
  0.483184364512128     
  0.506200347487833     
  0.507873632564288     
  0.530167090950546     
  0.484754574062406     
  0.460039727454445     
  0.547313692628401     
  0.474683267964769     
  0.538187394865551     
  0.498912858047568     
  0.516180846588235     
  0.514201105772885     
  0.490193636377344     
  0.508576197691929     
  0.502088704771421     
  0.504751110652832     
  0.508512745217532     
  0.533708129176156     
  0.525225158577552     
  0.520303441387013     
  0.524630995961478     
  0.475364404961813     
  0.483788082774180     
  0.488581489227681     
  0.491199201370033     
  0.508658584150555     
  0.469182211035117     
  0.521200699022069     
  0.513965688181827     
  0.534168878552483     
  0.486298881611119     
  0.487155811785706     
  0.477871347282586     
  0.484245135361993     
  0.527242803116266     
  0.501416921568116     
  0.523834717167692     
  0.506934109477433     
  0.480103295710176     
  0.513330811746371     
  0.483753947831659     
  0.490194098997565     
  0.453629472207978     
  0.478848615137463     
  0.473642601055352     
  0.515209912740429     
  0.498311510877773     
  0.489173961696836     
  0.470154800146711     
  0.529731521386753     
  0.478335761011656     
  0.499721457751093     
  0.515071692185166     
  0.488318951658443     
  0.467917796818019     
  0.477238404510301     
  0.493496571643788     
  0.468714345600255     
  0.463324245284760     
  0.499912124649972     
  0.502230292460416     
  0.512714109587328     
  0.509460343324130     
  0.460681593740424     
  0.485088967493567     
  0.507844454608781     
  0.515651057643860     
  0.533187341663262     
  0.454365421340895     
  0.506174326039063     
  0.550862150317261     
  0.485724900031391     
  0.517958878315653     
  0.497277704915751     
  0.543356564427294     
  0.487161833793451     
  0.540544831921207     
  0.487843332954388     
  0.450939559620362     
  0.472673080192888     
  0.484708337548470     
  0.491949075024132     
  0.535366368764881     
  0.529586606067584     
  0.553740729243478     
  0.494710871963643     
  0.476133543790356     
  0.482776656494205     
  0.457815953444172     
  0.503184655723942     
  0.496885225517965     
  0.482143968329787     
  0.543566751451550     
  0.512416221852865     
  0.526710934292806     
  0.529802175611584     
  0.492792769521468     
  0.449373029864258     
  0.523797746508922     
  0.494531146207080     
  0.474926371351157     
  0.532201551548871     
  0.434325315352675     
  0.521405078713851     
  0.502382378216675     
  0.493835423708734     
  0.448914556200184     
  0.501955870179574     
  0.542580321537241     
  0.527361460727909     
  0.502492730419017     
  0.431936805331638     
  0.471345912489196     
  0.520626335671302     
  0.512087734237525     
  0.550057406108717     
  0.525553611485364     
  0.519250384321041     
  0.515984224372225     
  0.506830074092332     
  0.484346309015367     
  0.496902680090834     
  0.487794104181846     
  0.484198822461525     
  0.514569915655519     
  0.510806640115426     
  0.495670756365648     
  0.469120600539659     
  0.476742647587024     
  0.519621927612910     
  0.538293979334655     
  0.497959433763915     
  0.479584041633166     
  0.520373866495999     
  0.455402297348220     
  0.481497046085706     
  0.500298360867913     
  0.498597151586418     
  0.509188880988178     
  0.451629461086362     
  0.498543166358988     
  0.539683136845563     
  0.529628766485077     
  0.495900360322298     
  0.483312382785029     
  0.492751359781124     
  0.488780297484422     
  0.489467853163271     
  0.446003823610235     
  0.505439811408657     
  0.464988333847823     
  0.503644576410491     
  0.499760405283257     
  0.497624581444445     
  0.471222528875394     
  0.519016613150171     
  0.510969051647120     
  0.510894634751469     
  0.473439173797521     
  0.490321382532128     
  0.546986765688189     
  0.505416345864848     
  0.473429973291480     
  0.500804497599325     
  0.490661689371023     
  0.484728988435869     
  0.530666356042527     
  0.491816169158775     
  0.511200665769235     
  0.499630081675089     
  0.528444253354982     
  0.487921731193167     
  0.513747565736677     
  0.496500183292529     
  0.462458312603114     
  0.439965081085956     
  0.527555872076132     
  0.518360674223195     
  0.486392954197083     
  0.492476122891033     
  0.519482953015869     
  0.501320557999820     
  0.459111377369043     
  0.482132657407238     
  0.458156450823662     
  0.503145602774794     
  0.531205582159204     
  0.486661881881478     
  0.500097295265242     
  0.515903723172882     
  0.500295013457390     
  0.501252541058140     
  0.465617684216303     
  0.458374860967426     
  0.483490854835797     
  0.534884421353925     
  0.464323520733089     
  0.500881940389877     
  0.481369723538152     
  0.504395222748397     
  0.495613401246547     
  0.516433546942805     
  0.503251634399496     
  0.508314305661992     
  0.500384104665842     
  0.520051013747704     
  0.512697527702478     
  0.500535944229032     
  0.478553290984412     
  0.502582707897766     
  0.521548273152347     
  0.482208029991481     
  0.500207223860975     
  0.512600931918602     
  0.524311801881943     
  0.497903537356093     
  0.472778430520521     
  0.476683625958075     
  0.521302909795935     
  0.501442857923154     
  0.521416225764595     
  0.522427434268565     
  0.469805488067453     
  0.539713126840800     
  0.473834232322433     
  0.477033243171992     
  0.500100353868810     
  0.558280151128935     
  0.526944560888935     
  0.486734113341026     
  0.532076838241115     
  0.498947500224073     
  0.485663000841989     
  0.495967839256624     
  0.494980849433843     
  0.474576403427875     
  0.498913435009846     
  0.499073608180676     
  0.502596414726143     
  0.460061094637768     
  0.481911040163554     
  0.466917812890084     
  0.526215413664690     
  0.455785944584941     
  0.468690793562554     
  0.520736680770800     
  0.495694053749403     
  0.460596349762532     
  0.471229227790864     
  0.507449410400077     
  0.513856202423696     
  0.471761993006062     
  0.497543793344771     
  0.489773793308128     
  0.507880200028973     
  0.504640000258960     
  0.522935367318712     
  0.471532951784751     
  0.474596368057117     
  0.487315540271262     
  0.460880532074043     
  0.478672431747017     
  0.499704435408593     
  0.522047797588474     
  0.518580025411426     
  0.499139298246130     
  0.489260593056033     
  0.479656486893428     
  0.484436486832848     
  0.518152431317654     
  0.451018388773504     
  0.482080276931813     
  0.545767198279936     
  0.503075662776808     
  0.526923205866229     
  0.513554228654433     
  0.494022089251961     
  0.501270952555233     
  0.519881588471498     
  0.498381962727732     
  0.495176257297924     
  0.504277706020196     
  0.486547247445314     
  0.475165637831035     
  0.539554740694674     
  0.519748692188589     
  0.450073653936210     
  0.502183331138746     
  0.509413011413528     
  0.505314900843267     
  0.509561728551748     
  0.505812397758996     
  0.512615543413269     
  0.487334785806696     
  0.506444983369184     
  0.510543752565209     
  0.527984693527667     
  0.523606334738158     
  0.458215051326348     
  0.483557603081686     
  0.460239520945334     
  0.517393482849454     
  0.516243918858701     
  0.491103802253628     
  0.486206760573823     
  0.494649248320914     
  0.472545908373683     
  0.494407561613761     
  0.523252164537015     
  0.519171388852314     
  0.484770229880137     
  0.556019360446135     
  0.516582227023569     
  0.518647187569849     
  0.511183872628240     
  0.527836811455052     
  0.520764706758878     
  0.488171714119229     
  0.488338153986818     
  0.481972814225425     
  0.536651952302229     
  0.474428987541166     
  0.481499791094632     
  0.519223525819424     
  0.507243326099507     
  0.516593496078833     
  0.516764405339014     
  0.527926623602817     
  0.509866744980655     
  0.484799980382108     
  0.516209288835849     
  0.504123406460386     
  0.423999498142121     
  0.530370074239734     
  0.485690183374513     
  0.535844387748758     
  0.473693699382303     
  0.481021384647488     
  0.473119452107352     
  0.468544632391880     
  0.512510534674078     
  0.490479173490172     
  0.480955916498198     
  0.490823978020888     
  0.490598891828244     
  0.504936928366730     
  0.487887311671544     
  0.496786720504707     
  0.555360629858781     
  0.515117303601477     
  0.521432269312862     
  0.467924703590810     
  0.462161353668234     
  0.497842912295221     
  0.504476920569274     
  0.490710536362635     
  0.517616094529984     
  0.511912936881636     
  0.506956185077077     
  0.505523325425742     
  0.492542365746934     
  0.495091708372742     
  0.501045952823772     
  0.483817366691533     
  0.486935832598523     
  0.509810865983592     
  0.487666028248878     
  0.494141819019344     
  0.506676496006140     
  0.503653139166389     
  0.504758469668010     
  0.483953796200630     
  0.491909748688587     
  0.478790576998707     
  0.497019029623426     
  0.528456398919880     
  0.486457164484130     
  0.490853210603764     
  0.506395424518345     
  0.525621441111413     
  0.476967756873176     
  0.489669544298448     
  0.459899293063139     
  0.492533332279577     
  0.471650227037440     
  0.533606357765261     
  0.533467905736105     
  0.489005663940345     
  0.506577199615276     
  0.477805117215978     
  0.496077259125040     
  0.467979007938952     
  0.472958201520930     
  0.465010363980578     
  0.473412779646021     
  0.501028636178204     
  0.499836578030188     
  0.462751549798502     
  0.485229006621768     
  0.479804475695228     
  0.490013556558329     
  0.552485692055816     
  0.475867240587978     
  0.494055584781149     
  0.503163596961533     
  0.481662405336139     
  0.471760510858590     
  0.479537438973761     
  0.544225353066056     
  0.506763173011936     
  0.536485458965000     
  0.518130227231525     
  0.526137096311564     
  0.462697391235003     
  0.495926339531804     
  0.502450254954878     
  0.495515470921616     
  0.521044889255395     
  0.458766877093238     
  0.487749442441945     
  0.477068146198373     
  0.488139299306633     
  0.480891894586187     
  0.501886345726544     
  0.449901338389952     
  0.506205079565843     
  0.487587998067560     
  0.464790115303641     
  0.503166577654497     
  0.518025115894223     
  0.501284643288762     
  0.487871039581837     
  0.497372216312030     
  0.464023446264163     
  0.488668680884433     
  0.504077931985806     
  0.504368163632201     
  0.494132145619373     
  0.494951502030886     
  0.498973594380234     
  0.477194443011136     
  0.492792415847530     
  0.517515912215553     
  0.530336182837523     
  0.501931990443484     
  0.510028371658247     
  0.463254666360083     
  0.508015436174580     
  0.527382010503194     
  0.546406728927142     
  0.502262900363859     
  0.508830036460586     
  0.454257040680665     
  0.526756990470586     
  0.469996114994262     
  0.454148097798476     
  0.472280991242703     
  0.554653807265068     
  0.506386701930209     
  0.466935197534311     
  0.470008252780906     
  0.499303421582869     
  0.479098043676551     
  0.517242766860550     
  0.485926015169934     
  0.452150538220583     
  0.568621848480657     
  0.484955435870453     
  0.508550352183741     
  0.527205249235443     
  0.503979731912669     
  0.509114988543947     
  0.507039362210895     
  0.488858913023044     
  0.475064853230348     
  0.523061931536837     
  0.523992238434226     
  0.526941739570457     
  0.434021893050564     
  0.528498494681677     
  0.511361848869532     
  0.499726905091587     
  0.499603848063644     
  0.476143106361576     
  0.542866136927614     
  0.526111635636982     
  0.543120707993049     
  0.490279295288496     
  0.479916620963240     
  0.489951174303144     
  0.512641939330264     
  0.462004489424010     
  0.476182651591888     
  0.480724712905956     
  0.494218508433468     
  0.511946436622836     
  0.497280137549140     
  0.485215715645514     
  0.459738575463898     
  0.521560978614378     
  0.479452157539794     
  0.508037612704684     
  0.501862863542187     
  0.482061941474780     
  0.486443428163872     
  0.499668591669271     
  0.480988659239313     
  0.520850158513921     
  0.470684205509596     
  0.538115515361951     
  0.453762662289618     
  0.482225136338716     
  0.480338984929704     
  0.470195392902398     
  0.497920359379450     
  0.527772721800066     
  0.541419851464203     
  0.487443892326171     
  0.491010703475090     
  0.491255643259833     
  0.497918405186168     
  0.465580158433509     
  0.522781573355601     
  0.540155259697209     
  0.522085402770582     
  0.514599023044864     
  0.473472826521768     
  0.513456443325732     
  0.502071207219418     
  0.488088286893638     
  0.478420853536491     
  0.490230722233723     
  0.525557031692997     
  0.475573645354835     
  0.511097591323726     
  0.526178641821354     
  0.467743964862444     
  0.541777538416580     
  0.470729762670823     
  0.500017526374870     
  0.471901002906321     
  0.497960470650829     
  0.497977320282956     
  0.519629542330757     
  0.518014233621282     
  0.468416881803676     
  0.503133631550539     
  0.463748743109972     
  0.539244696867717     
  0.494198503733135     
  0.498795934569348     
  0.480142151533106     
  0.526202165363015     
  0.503475459271765     
  0.520919442668393     
  0.471838919139216     
  0.492651616009628     
  0.532632570885971     
  0.518742765529725     
  0.541740100097127     
  0.481278131010533     
  0.487318060522241     
  0.500894405202004     
  0.519544837271504     
  0.503336614875566     
  0.436451709718296     
  0.532099372420002     
  0.481017699477559     
  0.497437299231937     
  0.537188069494800     
  0.492969461469385     
  0.477862057837470     
  0.545405254545408     
  0.477153094289445     
  0.497433661116050     
  0.505947036717549     
  0.494319715361212     
  0.491358822140899     
  0.504519733106505     
  0.486567058952395     
  0.518707665957797     
  0.488307477600935     
  0.479048593527505     
  0.492186373408303     
  0.517749642875136     
  0.478620269991792     
  0.487773817996334     
  0.494465585949192     
  0.445008023784148     
  0.492703833034341     
  0.523108927589712     
  0.501659551617778     
  0.469496316929149     
  0.506044848669743     
  0.475232962492794     
  0.504364091136451     
  0.485237542646244     
  0.481557875262228     
  0.486795330694882     
  0.528704313192057     
  0.486369673551361     
  0.509258234166144     
  0.506800645753027     
  0.462240144571025     
  0.493604920382091     
  0.489961578373907     
  0.535560439559369     
  0.479122807148397     
  0.482287659634777     
  0.545919920507212     
  0.495300372279896     
  0.498015272151048     
  0.530498886734652     
  0.500673046990692     
  0.472989135447462     
  0.498571600522831     
  0.493884684922075     
  0.478429216369513     
  0.493497681547130     
  0.470126086082585     
  0.504738002796249     
  0.459549017049258     
  0.467161958964825     
  0.502596747183685     
  0.470328828382120     
  0.507041421425722     
  0.507691014153342     
  0.502913171957549     
  0.444304557988564     
  0.455758229179109     
  0.490683216596641     
  0.503632660339679     
  0.481568850823524     
  0.486036156420448     
  0.466548478348833     
  0.472923317287124     
  0.493543457243276     
  0.506087375521777     
  0.504789807484550     
  0.491217841315318     
  0.511413336654477     
  0.456436181033374     
  0.453061556640862     
  0.534750606800778     
  0.518304928848173     
  0.481618771002904     
  0.524017613453472     
  0.503851549412783     
  0.482228882538711     
  0.452689520257999     
  0.513586500174443     
  0.481802977625248     
  0.527628359819959     
  0.505336340643918     
  0.511665709906503     
  0.508852048168503     
  0.491024346548447     
  0.479742781247345     
  0.482761004436247     
  0.533449130096383     
  0.537385805820005     
  0.474916013781976     
  0.502607283612972     
  0.516172790568615     
  0.507816223686615     
  0.483459795741577     
  0.448310334205519     
  0.466862485862005     
  0.476292203008368     
  0.494767012369691     
  0.510261340413777     
  0.481097626696683     
  0.509014972684377     
  0.510273768727699     
  0.524686796133048     
  0.461403661346733     
  0.468427157033503     
  0.507966086790678     
  0.509514353163781     
  0.485735395268039     
  0.495030862966308     
  0.517290542352613     
  0.507375815454601     
  0.506782825597496     
  0.486368868547211     
  0.489541434609555     
  0.502433656373925     
  0.502567345185700     
  0.459968005211354     
  0.521394510556688     
  0.486327780650153     
  0.530341681481493     
  0.499235808616730     
  0.532286411109697     
  0.491328690808572     
  0.524612486593585     
  0.527282099689828     
  0.465765752806524     
  0.480570111864107     
  0.473493445946058     
  0.542713623927526     
  0.501506608238642     
  0.486471583360049     
  0.531504001073873     
  0.541904759184037     
  0.484421809824660     
  0.441211657765241     
  0.518699783894974     
  0.506817328984363     
  0.496482191052311     
  0.506726311789569     
  0.519856560704815     
  0.496984266792594     
  0.492108850660435     
  0.481378051970095     
  0.480988851165848     
  0.526083965424115     
  0.471866081590332     
  0.518122593836330     
  0.501850647383411     
  0.476000744882490     
  0.477906456353929     
  0.517757856465970     
  0.467813809970868     
  0.531498989569183     
  0.491954424809816     
  0.474983115274450     
  0.494294660372231     
  0.520938926024361     
  0.496004743849046     
  0.470639307202415     
  0.507312791081790     
  0.481704020624771     
  0.493129782828900     
  0.489729902274187     
  0.466396750685240     
  0.501609819880679     
  0.539002001060217     
  0.498828391039243     
  0.493553148761604     
  0.522729973431215     
  0.471899985136296     
  0.539127832084865     
  0.538280597403139     
  0.303772857312570     
  0.358653208477377     
  0.299348297501631     
  0.352801582719320     
  0.346581910807292     
  0.295594650081188     
  0.314257514487521     
  0.364481743985123     
  0.338961455855800     
  0.340856865621727     
  0.284781450515547     
  0.302216864566278     
  0.409076969221612     
  0.355796170486714     
  0.307614413748004     
  0.348860976886235     
  0.353599646500358     
  0.391762173100352     
  0.392974059042484     
  0.354978219042500     
  0.354230113869620     
  0.472248541925502     
  0.344976619569175     
  0.319459042532268     
  0.386731121860930     
  0.324109820373011     
  0.334189225058770     
  0.372884711342758     
  0.368267799127003     
  0.400611912447961     
  0.335044612350894     
  0.335076808512226     
  0.383077942330992     
  0.338544044700902     
  0.398355737573422     
  0.451035708474056     
  0.322333126803937     
  0.315519915895305     
  0.412413848142165     
  0.353268662957145     
  0.313525695794329     
  0.344765402606966     
  0.430352483905883     
  0.323892320919704     
  0.324280867138975     
  0.296704005255349     
  0.396977036337590     
  0.430649589449991     
  0.328055538540787     
  0.292671654451088     
  0.335664126728563     
  0.313639392762539     
  0.313502964594251     
  0.270007118743680     
  0.298030001196513     
  0.356588086974031     
  0.296026565606616     
  0.342039137351810     
  0.347355126413380     
  0.336006043049630     
  0.347898273837870     
  0.282159551835887     
  0.323726115142753     
  0.355002476026935     
  0.366740356494460     
  0.335564283370583     
  0.372542456959199     
  0.298649471891231     
  0.296131532945523     
  0.342017061799647     
  0.348125607001417     
  0.338352169746369     
  0.419041313148535     
  0.432530117265288     
  0.315664744284146     
  0.373629321256007     
  0.401239746972034     
  0.276968661179896     
  0.389054361273447     
  0.363073137529987     
  0.393825612558755     
  0.380246726917081     
  0.357666109062179     
  0.315059478017665     
  0.398050276980173     
  0.321357231937546     
  0.372944995774406     
  0.363346198861688     
  0.340957217762963     
  0.306403553765141     
  0.317483679041049     
  0.336660829205796     
  0.310927224516028     
  0.347032911820192     
  0.321977141272686     
  0.385058937775637     
  0.352458122041231     
  0.351826252411783     
  0.327831988179489     
  0.257660303231276     
  0.358773291339403     
  0.443462648690421     
  0.336123875260776     
  0.386564155343604     
  0.296550072465455     
  0.330795458926237     
  0.374672025657819     
  0.296578271853123     
  0.288450420856356     
  0.315110941636561     
  0.279661127749277     
  0.388030733281417     
  0.417709530056327     
  0.327258567395998     
  0.291970735729986     
  0.368116245747304     
  0.347859802210547     
  0.301341657050984     
  0.362711889213181     
  0.325284409539417     
  0.368786631893016     
  0.316861210969882     
  0.416099559321104     
  0.334467841494230     
  0.295836552286685     
  0.319538490262900     
  0.330340748803876     
  0.425620148010552     
  0.513777625286790     
  0.323181753123813     
  0.292789868552783     
  0.318032030295110     
  0.323112408646731     
  0.296796935756935     
  0.392875300965970     
  0.428895983903328     
  0.363799352594996     
  0.402139601911515     
  0.392943910316856     
  0.308564734951295     
  0.389403868618730     
  0.377596893139804     
  0.327363893874620     
  0.345625322808637     
  0.341986966909986     
  0.307272196573595     
  0.436470231660674     
  0.378184568721879     
  0.380849793819016     
  0.292123410272147     
  0.429539432931415     
  0.345974103304754     
  0.359317639913650     
  0.448537127108283     
  0.342315744680803     
  0.266830224776688     
  0.331455280687059     
  0.382868672075973     
  0.342706147992458     
  0.311194689221243     
  0.307278899295560     
  0.358260956513146     
  0.325869895112487     
  0.325870627743104     
  0.297213134203243     
  0.359116040325872     
  0.303325650138242     
  0.347129892165716     
  0.316124589333420     
  0.382554610371149     
  0.332082368156866     
  0.375641287945537     
  0.370969295268305     
  0.379116187241985     
  0.303096581482756     
  0.356224528983482     
  0.387514707982526     
  0.299048557976743     
  0.304354256270164     
  0.366740256029139     
  0.339054478178574     
  0.320238073553215     
  0.290038461112995     
  0.412912402353718     
  0.401211087352524     
  0.344086386380246     
  0.334707891125303     
  0.324439950109441     
  0.351886049875400     
  0.335191868319902     
  0.330657569807461     
  0.381226316708365     
  0.290876164181863     
  0.333035600501054     
  0.303796024381844     
  0.282750137017869     
  0.323480711623588     
  0.350452698596332     
  0.338143084304888     
  0.417526020440564     
  0.358643419563019     
  0.408815719799275     
  0.409268327767116     
  0.397542342374208     
  0.339865268052850     
  0.321116475691070     
  0.418181050622003     
  0.266867299899634     
  0.349497248950053     
  0.279550513407778     
  0.351392888143649     
  0.282407585812306     
  0.343438299608147     
  0.300577600529071     
  0.353840636356814     
  0.307001900314008     
  0.509740334718679     
  0.309618973961352     
  0.387125075593174     
  0.388472382404565     
  0.343950743435429     
  0.334760501892309     
  0.385525929758116     
  0.326707125418365     
  0.307930361162121     
  0.263075168503034     
  0.314753905435597     
  0.309910757347906     
  0.349642867947950     
  0.347768438026629     
  0.379843098255862     
  0.349566906641761     
  0.353082307934224     
  0.350386660490327     
  0.351628836547636     
  0.340511185938168     
  0.268100762543206     
  0.327610187092929     
  0.449013568599073     
  0.372521379673098     
  0.315525630409315     
  0.320777759624913     
  0.352187710524968     
  0.411357485562286     
  0.304733070321699     
  0.350705749410878     
  0.291767551963377     
  0.342333124258742     
  0.315192152011418     
  0.342262392135712     
  0.374666475822234     
  0.325968298220768     
  0.282015617481051     
  0.364116450989992     
  0.291548605243092     
  0.355274097731232     
  0.417149705012962     
  0.381450076189208     
  0.376333755676804     
  0.381516219089889     
  0.335315036882455     
  0.294022207055647     
  0.485847940754521     
  0.307664885236987     
  0.373662861590718     
  0.351218706612514     
  0.346562540344515     
  0.362267914022550     
  0.317575317703436     
  0.325318086186416     
  0.345490240798958     
  0.403906358509966     
  0.375218753691650     
  0.400100597068141     
  0.392043544488191     
  0.347007645223723     
  0.354210967656232     
  0.322313490191655     
  0.303795940059547     
  0.306905880276988     
  0.306691618378406     
  0.359749599011539     
  0.298293417349458     
  0.438392705174791     
  0.357621635173586     
  0.352323756067322     
  0.273543138541488     
  0.315924439889990     
  0.343867991188791     
  0.317205184749767     
  0.421653452174235     
  0.432181237177366     
  0.310069863551998     
  0.313850546155482     
  0.291723116530670     
  0.441683230875767     
  0.295907778696844     
  0.297526118880425     
  0.263809782907871     
  0.316111899639644     
  0.336178478199698     
  0.358206101762833     
  0.344128870057092     
  0.294936575076541     
  0.304359464069186     
  0.443418536823307     
  0.319715340964593     
  0.363057831036305     
  0.366404024647961     
  0.322537180528090     
  0.309732493992933     
  0.319290058227496     
  0.385376037223456     
  0.281976967045073     
  0.315176134823656     
  0.329843690612524     
  0.309915103223264     
  0.429411247200786     
  0.326161704227070     
  0.301591775618894     
  0.335305697726543     
  0.342406233853690     
  0.406561300425260     
  0.411956653269993     
  0.298774747214189     
  0.374776944278647     
  0.434400553885008     
  0.317730609073890     
  0.382823683911440     
  0.389704585820492     
  0.399159040235012     
  0.304662537529053     
  0.433990309491881     
  0.270445979108091     
  0.271184786884290     
  0.310814603534240     
  0.286301859871584     
  0.316794561115166     
  0.361035374116660     
  0.369009934700254     
  0.447069209210327     
  0.305161634811995     
  0.283132259193481     
  0.349832021359280     
  0.302901553193211     
  0.337390260230030     
  0.378706944336610     
  0.311504214528116     
  0.427029156221550     
  0.388845417754891     
  0.374041717516583     
  0.398908356652181     
  0.322068835380060     
  0.308064509265619     
  0.353283968011059     
  0.372305415033866     
  0.343242698816109     
  0.366935738711063     
  0.249212035578519     
  0.401670663096360     
  0.415255663224024     
  0.325596739078620     
  0.278044375813109     
  0.367876597053168     
  0.418613758546136     
  0.356968504737002     
  0.359579463063566     
  0.252639747081068     
  0.322645346503823     
  0.354541142908553     
  0.389204601373386     
  0.443749685528309     
  0.431527727135242     
  0.382791547787222     
  0.347905874127895     
  0.375961630637055     
  0.318484360022238     
  0.401669305495171     
  0.359667015356148     
  0.348052130822049     
  0.340357482685370     
  0.342061586859402     
  0.367035660967923     
  0.295120247432803     
  0.311254747677433     
  0.388354642069033     
  0.420505976183680     
  0.358979993037764     
  0.324042837951816     
  0.348984474428743     
  0.262049225047073     
  0.331762181192052     
  0.313714207144287     
  0.332726871479349     
  0.383197688037269     
  0.247385097293637     
  0.305878605075989     
  0.417860783504466     
  0.379728270081611     
  0.358353471193093     
  0.277314440515638     
  0.286319761594496     
  0.317422217534258     
  0.326438192421553     
  0.285648839347407     
  0.338714053172144     
  0.273277641861160     
  0.344328064749478     
  0.348885102675048     
  0.373927489892209     
  0.399804354072446     
  0.363360766077891     
  0.320344631201765     
  0.448710464363940     
  0.297827065111144     
  0.407451192431766     
  0.429336638726415     
  0.397876732173752     
  0.300988619348482     
  0.365399459127445     
  0.378356467107193     
  0.319130144847989     
  0.427551148941847     
  0.318411136337110     
  0.381546183592115     
  0.398316302116331     
  0.416675741591932     
  0.332186340770857     
  0.420343978868925     
  0.348036283785994     
  0.292553009275120     
  0.240671226156403     
  0.330119168025875     
  0.375820591816770     
  0.322226714119093     
  0.376216545108451     
  0.401013450552793     
  0.357523550428767     
  0.313202412899230     
  0.344140027401997     
  0.317680358532065     
  0.350455777646117     
  0.363148450525859     
  0.295712688243529     
  0.316634556152718     
  0.347152395513980     
  0.337672513825198     
  0.335284614742473     
  0.307805418019160     
  0.281741642818055     
  0.316428301835630     
  0.394974679208493     
  0.278136905329489     
  0.360566869714057     
  0.318247958215693     
  0.355096950040825     
  0.357361590187232     
  0.436945659554273     
  0.313443496830109     
  0.322947113869675     
  0.370744595380238     
  0.419580856804252     
  0.338642059083488     
  0.376925934679009     
  0.338308028802331     
  0.340863294800499     
  0.453527796729508     
  0.285604142565910     
  0.420624302123858     
  0.330147606175661     
  0.373061871677279     
  0.321360356903183     
  0.283912626068809     
  0.277032440851697     
  0.371985451380636     
  0.358688864380491     
  0.470655380608766     
  0.395511221686469     
  0.319983642720374     
  0.386874782366891     
  0.297967168297175     
  0.293593613681085     
  0.344183495670753     
  0.424445474198449     
  0.378814726545978     
  0.320194584229516     
  0.412514650645431     
  0.340181088172525     
  0.335788991421989     
  0.352943285693614     
  0.311227503686710     
  0.328155976249645     
  0.392961748287321     
  0.420505247419704     
  0.359694918319644     
  0.320314273653703     
  0.325835147928446     
  0.287673404719281     
  0.373719071811819     
  0.340837132130353     
  0.298351876111370     
  0.362889734733265     
  0.351447262086848     
  0.266630833066657     
  0.326359169341635     
  0.358350802947753     
  0.309529141640885     
  0.311546369446809     
  0.355958126605377     
  0.336253517129099     
  0.372577889905066     
  0.403278477138948     
  0.468271124980229     
  0.297491362817150     
  0.310553705215745     
  0.359532553003507     
  0.303210728979150     
  0.312289842766227     
  0.329641800718504     
  0.339631099696334     
  0.396328102226961     
  0.339362892462790     
  0.334217958644217     
  0.387085011602337     
  0.329388733170642     
  0.368889652508964     
  0.315882451986139     
  0.361499326494337     
  0.417568740952549     
  0.328217397864033     
  0.376019559594854     
  0.376560777504618     
  0.326728288696839     
  0.357828249515440     
  0.374178502529617     
  0.321088641076650     
  0.323376312679252     
  0.345200822119918     
  0.328328839868630     
  0.322922080937765     
  0.376670345702720     
  0.328094301306963     
  0.276951146551680     
  0.328402630834105     
  0.412925674074445     
  0.362207568134010     
  0.296207311125569     
  0.334941010292331     
  0.327553262886155     
  0.322350614348278     
  0.361856191596800     
  0.359479633788543     
  0.393352595435955     
  0.363139054579681     
  0.293831404731697     
  0.327217854900519     
  0.290385467354106     
  0.331490644781064     
  0.366581452883443     
  0.325714156803473     
  0.364674823194473     
  0.336502919135954     
  0.314003600556859     
  0.382203823371504     
  0.358892030371587     
  0.339643739539014     
  0.323046176441221     
  0.542234317787983     
  0.381626518143326     
  0.360826060019694     
  0.357733492950792     
  0.402609108547417     
  0.346925791603036     
  0.411207592403363     
  0.402010067657232     
  0.293214593060530     
  0.393380745782441     
  0.327106068214826     
  0.349581608282727     
  0.331684072256234     
  0.326794903727012     
  0.354161420751507     
  0.385391440446691     
  0.381972285441696     
  0.344261582377475     
  0.353458234822911     
  0.369934151758209     
  0.369278880223300     
  0.249593076053162     
  0.366001508841776     
  0.282063308665908     
  0.384726459722604     
  0.298756239161077     
  0.337559451189998     
  0.277088736847113     
  0.301542012224704     
  0.427135304292139     
  0.338200084802912     
  0.317741755083582     
  0.299850860206475     
  0.334671469774886     
  0.360417012683929     
  0.324072421611026     
  0.347538623967631     
  0.502035636987266     
  0.361462307458761     
  0.357276037051728     
  0.301803199230162     
  0.303364169390949     
  0.315731695700558     
  0.364830687882033     
  0.361782975851573     
  0.375143916841599     
  0.330569335435564     
  0.346946328291109     
  0.354748238607612     
  0.383669010062944     
  0.373154054268815     
  0.316003529839526     
  0.342863919022134     
  0.318064711820360     
  0.351264792337131     
  0.318356155956978     
  0.350117536113506     
  0.373978418770227     
  0.321679924221805     
  0.344570345059560     
  0.302982177871466     
  0.320246923831783     
  0.338515839455177     
  0.365151307755774     
  0.408959843352894     
  0.332108293804993     
  0.338314577436886     
  0.337871739750888     
  0.413974628958980     
  0.312971409067369     
  0.348768534039732     
  0.301120926967773     
  0.311393582162184     
  0.273569452377422     
  0.444454279671775     
  0.349400437703666     
  0.357719471260326     
  0.333144444020414     
  0.329607112829124     
  0.337300272089624     
  0.340648133547896     
  0.339545859453643     
  0.291032778837531     
  0.313090054592861     
  0.366878730009109     
  0.405499997076000     
  0.300289324375503     
  0.351048888690366     
  0.360779141186820     
  0.352995064541355     
  0.360973510810790     
  0.340503216842418     
  0.322555554234897     
  0.345195489646205     
  0.324414023408281     
  0.255375207048022     
  0.353453680986170     
  0.404586325941035     
  0.345738093660430     
  0.400789211843140     
  0.329385040525172     
  0.419495270119910     
  0.268475691090650     
  0.322777671404294     
  0.333000317321246     
  0.323090773374079     
  0.395577919514811     
  0.284992342407230     
  0.375813835026217     
  0.330852473476998     
  0.288551497237187     
  0.329392830562453     
  0.400850489134642     
  0.309569650750979     
  0.362950610158638     
  0.313139141739771     
  0.303602415395883     
  0.360929431584178     
  0.368032027526344     
  0.368128018301062     
  0.335883259970079     
  0.393665238977929     
  0.302857402492797     
  0.438028094637929     
  0.318072190310801     
  0.360548346178402     
  0.341449972272754     
  0.400163874119468     
  0.310130483756767     
  0.360719917408120     
  0.445278687108932     
  0.329907069300615     
  0.368915018574310     
  0.343588970175144     
  0.388704448410936     
  0.276459165893170     
  0.343000853671372     
  0.378942980186624     
  0.394234035008806     
  0.321501756484877     
  0.375387728499834     
  0.260754356011831     
  0.377674055812965     
  0.295569687168102     
  0.282757279784506     
  0.349399502727346     
  0.411397483041777     
  0.343249631044384     
  0.320925954471999     
  0.310086713763288     
  0.393770874463281     
  0.278186457242622     
  0.432730896282153     
  0.340806612583800     
  0.327618476533593     
  0.542273418282548     
  0.351174788966862     
  0.329156415889163     
  0.367753772122251     
  0.383067435375395     
  0.425669766939535     
  0.315097295820912     
  0.365951019739422     
  0.330762229178207     
  0.368010602539387     
  0.369127410697117     
  0.392620280867544     
  0.274333139073109     
  0.407500079691754     
  0.415521885079997     
  0.327023133680950     
  0.395649739307725     
  0.326433307673150     
  0.399200550773769     
  0.356834137876633     
  0.451057477337723     
  0.322836932494282     
  0.329722105731972     
  0.306729263013788     
  0.351644561597353     
  0.308811031551595     
  0.308050965786412     
  0.325028525301428     
  0.329527272647153     
  0.333932234645552     
  0.345108167226943     
  0.349785767288918     
  0.319825588062811     
  0.365184152773149     
  0.286550306586722     
  0.327248015317945     
  0.376046795183375     
  0.377184162596228     
  0.314824828381729     
  0.313791235892462     
  0.307875154143576     
  0.385519862147922     
  0.297627963601107     
  0.356598206150016     
  0.306107071689034     
  0.280093941975615     
  0.290179439078304     
  0.307492462501575     
  0.377100534232088     
  0.359085339924015     
  0.454965853714258     
  0.293130111544023     
  0.353268315388018     
  0.368220295023223     
  0.306441854677304     
  0.306879836318800     
  0.392003210663601     
  0.407522592490948     
  0.385999623599289     
  0.354226751921205     
  0.352407843669261     
  0.347391792988941     
  0.358237457932606     
  0.317147824301102     
  0.357719143132804     
  0.343358309181003     
  0.389692436216294     
  0.387838093377542     
  0.407522670683294     
  0.373955749782962     
  0.306358838473286     
  0.405841112214486     
  0.311607683262668     
  0.346669114211152     
  0.292934661812029     
  0.366174934913531     
  0.323821035465557     
  0.374295226562637     
  0.409947823374719     
  0.289470703333565     
  0.355884602985027     
  0.285961393504685     
  0.397078827338582     
  0.307258129734101     
  0.372892463984848     
  0.317531077749849     
  0.357975909189333     
  0.385721069737995     
  0.330737799039430     
  0.349152439731494     
  0.315357762558694     
  0.423365647729298     
  0.347436199908562     
  0.455967179874811     
  0.341242254935092     
  0.283424655592993     
  0.368345011062453     
  0.360305972486388     
  0.428187259928888     
  0.298477272591038     
  0.428145928946811     
  0.298175363217379     
  0.348893990461082     
  0.365346553779845     
  0.301394219227933     
  0.362500683007138     
  0.412501649560339     
  0.366627318087491     
  0.351105584366329     
  0.329933286623444     
  0.313008935769397     
  0.350470608087651     
  0.342459300801749     
  0.290415388340586     
  0.359184343321775     
  0.390116783997383     
  0.297689081807980     
  0.409059972105738     
  0.453239500556823     
  0.327644266005442     
  0.325333774117300     
  0.298089940982439     
  0.268336724559447     
  0.356553435822927     
  0.389823193844342     
  0.355926157096435     
  0.337627679011457     
  0.338459250364306     
  0.307921088720995     
  0.380637464494997     
  0.289934573985537     
  0.339317094669989     
  0.307562954038804     
  0.384671546559031     
  0.374691751219373     
  0.333181578114442     
  0.384425027991357     
  0.315012110171580     
  0.351155760311949     
  0.368714681259600     
  0.398317420805874     
  0.388365094805837     
  0.330561210652952     
  0.432577658861411     
  0.330857052215698     
  0.369536774235830     
  0.375567150356929     
  0.331654594629996     
  0.262570570217155     
  0.307826777147814     
  0.361449774315766     
  0.314456023898882     
  0.315833877663951     
  0.278353073555697     
  0.361334584284316     
  0.333921175965034     
  0.329647757760371     
  0.347833977625416     
  0.294971195641440     
  0.369939358462431     
  0.336887253725868     
  0.336407797962047     
  0.337649875696066     
  0.265668009018396     
  0.401267356366465     
  0.402996348584289     
  0.261136541716815     
  0.298712015399516     
  0.262249319053195     
  0.304233694535891     
  0.285140474769575     
  0.427072110861942     
  0.382624367755728     
  0.399619658184194     
  0.335927715267354     
  0.327702158777813     
  0.234933777573807     
  0.390924808126455     
  0.335077277789536     
  0.345751482941925     
  0.466149546775378     
  0.361491999518676     
  0.304717539889660     
  0.280400491343645     
  0.354749144124737     
  0.338313941215036     
  0.416014906337263     
  0.305713327799836     
  0.339502632079444     
  0.344894511849654     
  0.372322256223039     
  0.326111902139528     
  0.317324354377461     
  0.434343098549706     
  0.389295634365930     
  0.285657893255334     
  0.379132641666805     
  0.437965302699040     
  0.390265764221418     
  0.286303335673955     
  0.267599966345910     
  0.293329883953335     
  0.273349745341575     
  0.319745962224143     
  0.377618841543133     
  0.303515649053783     
  0.315178323906575     
  0.395829707843188     
  0.387628035571664     
  0.294512304201652     
  0.281911090921356     
  0.386181510415234     
  0.353951950791745     
  0.323010657603201     
  0.370824442096345     
  0.424787919711631     
  0.350552979827409     
  0.289925854717449     
  0.373960988093422     
  0.329029643162219     
  0.348307471584772     
  0.305895330599026     
  0.314808647659095     
  0.356632717576339     
  0.365810491310816     
  0.390766588568690     
  0.410055202957754     
  0.357826434435713     
  0.331108736352640     
  0.412369899523290     
  0.370350807082662     
  0.276796987574343     
  0.359953414999532     
  0.287313854996889     
  0.423485729794219     
  0.344050748758296     
  0.320265095851685     
  0.392689996971603     
  0.353764450111105     
  0.340124206792858     
  0.268411239410062     
  0.393106720927395     
  0.348769149874022     
  0.329136556483536     
  0.329799579420463     
  0.357785274742388     
  0.338104883022769     
  0.350950975845022     
  0.340176917263240     
  0.320752467813527     
  0.402088770476679     
  0.289224245984796     
  0.360189265941567     
  0.299557389438644     
  0.323277300224532     
  0.383278451658292     
  0.398840971522024     
  0.300241872913043     
  0.402508491467882     
  0.348752264057831     
  0.319287913103391     
  0.286057299081201     
  0.370493348694781     
  0.345392393259194     
  0.303925890887735     
  0.334701554285580     
  0.354946935183429     
  0.368795610324613     
  0.339125315329891     
  0.280553526716004     
  0.347702195982460     
  0.371603904724041     
  0.341488212751215     
  0.362301428057171     
  0.396033916007830     
  0.340540041518171     
  0.446860824239020     
  0.408643611530381     
