  0.492629820323796     
  0.515611687209534     
  0.529835712071696     
  0.473114311995130     
  0.480078034568626     
  0.501593983469900     
  0.493003706375784     
  0.499792338524987     
  0.462986938690961     
  0.536160714663254     
  0.479098802350610     
  0.498230503869757     
  0.501991234698485     
  0.520955698087706     
  0.439158250265378     
  0.524300434859783     
  0.500934701209709     
  0.537494146481975     
  0.517770783801333     
  0.463366357313793     
  0.512819855748699     
  0.504311243664667     
  0.453361735352943     
  0.446491311940833     
  0.429112942529969     
  0.483667835709229     
  0.467917969634294     
  0.543771456290282     
  0.499021207786977     
  0.497621432931024     
  0.520723277868775     
  0.557699770963609     
  0.478607315013355     
  0.486460130343041     
  0.513433208588909     
  0.526150256406085     
  0.487825364287689     
  0.510242748933163     
  0.487029099855334     
  0.485372600583598     
  0.503625694089948     
  0.523817646702843     
  0.492398149353240     
  0.469008811297120     
  0.527418366302690     
  0.492606944403504     
  0.495205207953570     
  0.492443977198055     
  0.506006901673498     
  0.526454783998482     
  0.491805253417160     
  0.486045139861080     
  0.517229991142374     
  0.479999664428191     
  0.493009852092039     
  0.531311570412472     
  0.515456209645673     
  0.477683618853355     
  0.483249159499082     
  0.527474965754760     
  0.521764183331702     
  0.519284498355006     
  0.494480311113522     
  0.549351470797246     
  0.511296762393134     
  0.460801494214861     
  0.514111161075838     
  0.488828253660330     
  0.507586360140537     
  0.520233910645975     
  0.452058652919703     
  0.512715163990258     
  0.504317238448429     
  0.475993832572306     
  0.488216925057232     
  0.479930746957577     
  0.516394568183883     
  0.504048444579175     
  0.545946992982540     
  0.486522652505575     
  0.506416922841881     
  0.500179234819172     
  0.503998439777313     
  0.484156437043290     
  0.509636146666310     
  0.495301152565411     
  0.499847303572387     
  0.499608689077964     
  0.472491119607085     
  0.474127630236967     
  0.544020553949611     
  0.495059443716517     
  0.491488437563686     
  0.497461672780943     
  0.467651407223977     
  0.534839629944391     
  0.560791273761914     
  0.533038264045852     
  0.463534651459454     
  0.523453039430607     
  0.516104869560492     
  0.510656751524721     
  0.496524002009573     
  0.520716382897937     
  0.512590281776945     
  0.518129584091662     
  0.492480213331591     
  0.492351539022211     
  0.493396286109485     
  0.488660767209913     
  0.486145046287292     
  0.487107831907882     
  0.510842608224506     
  0.488062355711911     
  0.515451446984399     
  0.516318580348623     
  0.508504262270226     
  0.508115052239196     
  0.486002592858257     
  0.480318196488864     
  0.516786707354035     
  0.475480966136458     
  0.508284703224998     
  0.492784731175255     
  0.468836713327613     
  0.515292156601810     
  0.506043280588346     
  0.439968225499878     
  0.502536504473426     
  0.533834491447778     
  0.468022673092285     
  0.480536272739539     
  0.482228550761624     
  0.523835687609856     
  0.517979074710535     
  0.502476240440784     
  0.504432454734276     
  0.514941071097049     
  0.502760145985295     
  0.464002081207713     
  0.495517509826194     
  0.486956003606642     
  0.480016638144006     
  0.475797241853449     
  0.543165109930511     
  0.484376234358872     
  0.505581809031184     
  0.522117408853547     
  0.520803592728342     
  0.527183549266046     
  0.476628425445786     
  0.502214043003023     
  0.497981408287566     
  0.482466589143881     
  0.516071974262554     
  0.476521299700007     
  0.510281340904326     
  0.468703232972070     
  0.468140890451803     
  0.521952946097983     
  0.506432923589613     
  0.540658993197349     
  0.535490986549928     
  0.424210431329787     
  0.511324470487961     
  0.527201996468860     
  0.451746051227950     
  0.485994362052742     
  0.484529884966690     
  0.454254336549912     
  0.473290151695220     
  0.507731382755382     
  0.531104590561589     
  0.514025240846034     
  0.515705821362467     
  0.485502390449023     
  0.472203075953716     
  0.491249566212593     
  0.512649964167191     
  0.445514030827909     
  0.491488051912479     
  0.453674399369943     
  0.465859313316847     
  0.485985207958100     
  0.505395606104754     
  0.456495418216713     
  0.515840703533725     
  0.526128284321392     
  0.480762890514351     
  0.492153115759191     
  0.501245637854496     
  0.500313318551178     
  0.500799053132315     
  0.519152649517318     
  0.552547356135611     
  0.488193264960925     
  0.525507504424858     
  0.457869962665220     
  0.437693763792870     
  0.519507313509351     
  0.524112399139941     
  0.575870454923323     
  0.474596209998590     
  0.490849775976654     
  0.540158309313042     
  0.500074724509029     
  0.469449713789592     
  0.549462861902240     
  0.464954108135623     
  0.494739424779775     
  0.510691184044644     
  0.504785566787130     
  0.481211167840290     
  0.475790340284289     
  0.485769189169445     
  0.482821968492121     
  0.479563011771400     
  0.455043872905016     
  0.504008105420509     
  0.526136702117223     
  0.505624099905405     
  0.541022573693061     
  0.484315360072860     
  0.514540033717895     
  0.515352967222686     
  0.501117784048688     
  0.504610844695012     
  0.496351213224289     
  0.522664161308156     
  0.558028694448093     
  0.538705495007607     
  0.487716969517140     
  0.463273216073057     
  0.500463512238221     
  0.457346606546927     
  0.465181543658468     
  0.493309063001245     
  0.475166846297195     
  0.477702715644647     
  0.471278345333979     
  0.477620537831452     
  0.520968232619318     
  0.549160061460500     
  0.515521797057203     
  0.487335339773607     
  0.496522591796846     
  0.466990979324786     
  0.501744082017746     
  0.507849014131897     
  0.494758015119294     
  0.463188370768201     
  0.498173645574326     
  0.466558855295098     
  0.528772793511633     
  0.467342440447440     
  0.494514666044976     
  0.479189449677748     
  0.527307933478494     
  0.508511694569716     
  0.480982159048422     
  0.467650694184096     
  0.455798931222299     
  0.500968871823031     
  0.512080299472657     
  0.488104476962046     
  0.508212882282794     
  0.486697921689243     
  0.503830891865865     
  0.491818336726313     
  0.472564398229462     
  0.485944680015590     
  0.452235660630760     
  0.540538104344060     
  0.508368420007726     
  0.485840926681193     
  0.462123400600136     
  0.509099697474126     
  0.544332991328353     
  0.492502214691182     
  0.506165331000883     
  0.523957420850147     
  0.470553830657107     
  0.513211051442129     
  0.508808885774085     
  0.526135421512286     
  0.496665566905370     
  0.442035451879223     
  0.487994141884649     
  0.509819002488801     
  0.531497612653779     
  0.498999284374335     
  0.521711633586627     
  0.516079681684792     
  0.501335718267810     
  0.548935466061434     
  0.511338192713009     
  0.479100565130218     
  0.495449662500800     
  0.528814965766643     
  0.515543800417512     
  0.512220494718992     
  0.478819470505882     
  0.533007437145577     
  0.454514724005877     
  0.500144116300764     
  0.528756434997116     
  0.419519052028549     
  0.495390466457598     
  0.502824091549838     
  0.567624742845998     
  0.463892205357110     
  0.475544833948143     
  0.528359588883569     
  0.513831710738224     
  0.463530230926191     
  0.465980373765828     
  0.545184425845957     
  0.463906226871602     
  0.484167763119870     
  0.501539472367762     
  0.463610927555149     
  0.529047033627527     
  0.506015296696396     
  0.493705259759792     
  0.502620315692821     
  0.519904360534478     
  0.505234260183178     
  0.486644167430532     
  0.525023138515978     
  0.555163187968207     
  0.511149379585723     
  0.517307099988666     
  0.460079001086227     
  0.507014537512757     
  0.494044203589900     
  0.463460131446611     
  0.539206487001381     
  0.491692728925501     
  0.455985037415304     
  0.424149148162007     
  0.524932910391363     
  0.458789057629557     
  0.514306149177135     
  0.498788081064499     
  0.489597733466778     
  0.474283133884785     
  0.488369851962615     
  0.486007728471150     
  0.522181608834925     
  0.515997427831879     
  0.471157097769430     
  0.475235927939244     
  0.526402295777703     
  0.434213706270727     
  0.498245294078959     
  0.510355206841978     
  0.472560852029333     
  0.490860994812921     
  0.477432917231126     
  0.510765641036610     
  0.503176650935365     
  0.493412847630924     
  0.544178019910050     
  0.511939672731584     
  0.493632955014276     
  0.510136563290817     
  0.478714375193264     
  0.508862544144713     
  0.479892833320260     
  0.482489998545664     
  0.510168355214435     
  0.491246301518885     
  0.492207154682587     
  0.474790483355870     
  0.493843133487429     
  0.556486211007436     
  0.504478864354305     
  0.480639325964654     
  0.498866956884060     
  0.537481146305633     
  0.522271095497504     
  0.526692748082859     
  0.503784156674274     
  0.470385822363590     
  0.492726009931390     
  0.507991675845669     
  0.529694653127613     
  0.513127841236262     
  0.520577232555578     
  0.448448695369415     
  0.481078462961721     
  0.492944627459127     
  0.525583442654137     
  0.535263003778702     
  0.482014743120829     
  0.426325203126750     
  0.489672771895646     
  0.492087597578971     
  0.481723847225563     
  0.523435368246829     
  0.543440183674599     
  0.488857706528202     
  0.507492310959871     
  0.519014574947190     
  0.495166550769948     
  0.492194980038926     
  0.509989520002732     
  0.471802546500764     
  0.461070743716560     
  0.484640261415339     
  0.521206584391458     
  0.546536390868243     
  0.479131019832224     
  0.493091512725626     
  0.509697348756279     
  0.480203822689870     
  0.472358405765718     
  0.498642068478167     
  0.542875678599969     
  0.496684105077376     
  0.491504373916183     
  0.526354389934009     
  0.511791956899668     
  0.525363581047355     
  0.506043661386608     
  0.486936248382719     
  0.477273403292827     
  0.510989779156317     
  0.532389106736483     
  0.496338938698990     
  0.475808549814835     
  0.482170358189415     
  0.511001368326757     
  0.508030623023431     
  0.460248592914195     
  0.480224352039200     
  0.481000811944244     
  0.537616366827458     
  0.507313416298547     
  0.486150199363136     
  0.484102400381650     
  0.503649721075943     
  0.478631417028643     
  0.507517401431953     
  0.535342492176049     
  0.483414251031390     
  0.499236127154123     
  0.509658674792450     
  0.489952747999582     
  0.503320542019530     
  0.451589485711314     
  0.531997116535220     
  0.547460993350746     
  0.490452972272234     
  0.541087600172828     
  0.522966974434850     
  0.485542048874322     
  0.487876064729828     
  0.528392009634570     
  0.473192555474126     
  0.477851242999930     
  0.507319945853157     
  0.488896684226836     
  0.508197538799916     
  0.517312750267692     
  0.547465369136818     
  0.478480173490565     
  0.477027233648696     
  0.544508021537289     
  0.482182675756759     
  0.489212191289719     
  0.581354223113646     
  0.461751084766747     
  0.500579919150541     
  0.518340096844444     
  0.532257721590136     
  0.490665660878791     
  0.460851049772481     
  0.518747407136331     
  0.512881338838842     
  0.510727689656929     
  0.525706637744958     
  0.488793939085316     
  0.482115908118756     
  0.452825494091667     
  0.508365628932364     
  0.510079271295870     
  0.500081811082373     
  0.498974182395680     
  0.513783333201312     
  0.510706795508481     
  0.542313961333652     
  0.531648336443331     
  0.462405329585723     
  0.491090859897392     
  0.524704398615190     
  0.467783547182317     
  0.517019157919471     
  0.518410080539442     
  0.503117558757130     
  0.459711063375438     
  0.507133265222525     
  0.500884664441662     
  0.525163801045092     
  0.479261455818923     
  0.536945262782035     
  0.532542304937374     
  0.546539103890328     
  0.498120103401183     
  0.534028314285468     
  0.491035804956029     
  0.495778339558725     
  0.449692663321688     
  0.488658810543347     
  0.487742275960605     
  0.511671099704089     
  0.518286889158179     
  0.473521424318644     
  0.469785478964384     
  0.486799679802249     
  0.489956789068023     
  0.487493923676791     
  0.477770366570435     
  0.492660184586545     
  0.490428164729599     
  0.522290719805979     
  0.486428686504584     
  0.502459885814584     
  0.479749147407474     
  0.497246879262121     
  0.490064696976036     
  0.535317711167046     
  0.508059718883618     
  0.467129445888622     
  0.446395808868483     
  0.500919681982710     
  0.519539921849737     
  0.507460527323979     
  0.512968271318588     
  0.499933520847196     
  0.508927057666800     
  0.505045636657339     
  0.462781307379628     
  0.523166793945107     
  0.515182732424115     
  0.508747728640876     
  0.493299094124623     
  0.466418888019102     
  0.477275397868476     
  0.487512385220008     
  0.518025336817331     
  0.514607569892185     
  0.538211036915646     
  0.532502108682339     
  0.518263898736399     
  0.481428119846916     
  0.510146621879625     
  0.509535022086917     
  0.449862395029616     
  0.511621606674455     
  0.469915339183273     
  0.480066690210058     
  0.486245639550003     
  0.503384285392392     
  0.473833785636736     
  0.518624439928238     
  0.515100019076180     
  0.531114548271384     
  0.496436215770115     
  0.496148951120243     
  0.545633074230100     
  0.451162539309007     
  0.517567956615193     
  0.550166500340169     
  0.511954510396042     
  0.469659534750063     
  0.496798604330457     
  0.532245401458270     
  0.527394170120255     
  0.532032891209068     
  0.481194355515093     
  0.485562560590094     
  0.538858612493493     
  0.482963513757286     
  0.510485063071428     
  0.536991232407730     
  0.492873564716210     
  0.458386973197139     
  0.513480009686697     
  0.519030681439024     
  0.548064708433526     
  0.528020171133172     
  0.502691050339239     
  0.467245790482958     
  0.528440331700533     
  0.536565778651963     
  0.512530311858426     
  0.498115137092317     
  0.472223164499689     
  0.466138556572850     
  0.534593300702338     
  0.508648222886788     
  0.525124851793267     
  0.504765520360245     
  0.479621905807352     
  0.530796826852443     
  0.513168699761207     
  0.537379328326973     
  0.538502192508008     
  0.471868233954711     
  0.499144938581789     
  0.463919718744935     
  0.502598638344024     
  0.506252614008797     
  0.483179733690836     
  0.467476528483515     
  0.533693198979330     
  0.526006110585149     
  0.478572479708187     
  0.522923461972366     
  0.495627577505825     
  0.493160535557833     
  0.467761710787994     
  0.520617024811971     
  0.513170494907779     
  0.461725249228416     
  0.539023724001680     
  0.507086778230082     
  0.504271924550949     
  0.507818308004463     
  0.489207560661897     
  0.535048131425506     
  0.475469179072329     
  0.513036273739488     
  0.492686917559531     
  0.505183521598240     
  0.487410422773772     
  0.427284314737653     
  0.504886396936284     
  0.504583999430973     
  0.530444355076211     
  0.503292466537716     
  0.475386720388002     
  0.517823533597977     
  0.515822016658758     
  0.465399022379052     
  0.479511661502921     
  0.497490455637629     
  0.506250136970202     
  0.510624706460861     
  0.486823052417208     
  0.518206245202904     
  0.475835241065814     
  0.518706139320562     
  0.477144815829992     
  0.504506243436699     
  0.450140226135387     
  0.456114517038209     
  0.525296475089389     
  0.478872714719842     
  0.502017598032855     
  0.548227213104971     
  0.549759741950231     
  0.539477550647506     
  0.512251760889952     
  0.505073128404528     
  0.510269808592711     
  0.482668207850736     
  0.509150749622971     
  0.517759768734609     
  0.504341950554517     
  0.510828526255917     
  0.472756223004714     
  0.476394698332427     
  0.464123451680504     
  0.534180562666938     
  0.491314328634589     
  0.498126357109978     
  0.485765760777196     
  0.512107822263611     
  0.510699756644147     
  0.527942591193282     
  0.482071769442509     
  0.531878602481080     
  0.514733206270471     
  0.516218129520097     
  0.500012182189731     
  0.511203846591570     
  0.487829312205260     
  0.515300784398777     
  0.514743454766082     
  0.505125199748463     
  0.457617939150613     
  0.541805899531316     
  0.521365696764549     
  0.466205555732159     
  0.520343316216865     
  0.505528144478767     
  0.497977468799954     
  0.474307195620985     
  0.504814734734282     
  0.509723460754137     
  0.478347213483865     
  0.517667154306376     
  0.493498239628103     
  0.496526229305007     
  0.521447613895618     
  0.526495870429999     
  0.487015045662453     
  0.491395768602876     
  0.513878183223347     
  0.508512578980420     
  0.526242556145784     
  0.489770595762058     
  0.543506195009560     
  0.545282518022296     
  0.494566138770645     
  0.514816414545896     
  0.501215564720940     
  0.484536094430052     
  0.513771529509331     
  0.449177019631004     
  0.520541164458458     
  0.501072167977635     
  0.515097687585868     
  0.453600940374699     
  0.531439205284879     
  0.511128578808145     
  0.516043229312145     
  0.518844563851179     
  0.495743376206832     
  0.510037809948795     
  0.515513854109908     
  0.482122484203509     
  0.435548673320626     
  0.512113473078905     
  0.503716380267086     
  0.482667676675381     
  0.511274799143613     
  0.465105294832317     
  0.475333474942104     
  0.507913377764574     
  0.462426747597800     
  0.552019846266002     
  0.489642791413235     
  0.435917132266053     
  0.526870104997296     
  0.531896120375842     
  0.522698606857005     
  0.457641120507354     
  0.488010490676248     
  0.532914934466283     
  0.490612930753103     
  0.478692019103761     
  0.493840587098713     
  0.461486533596342     
  0.501946878868948     
  0.515494572892282     
  0.499426252745720     
  0.531787320380403     
  0.503570328529158     
  0.511567474760094     
  0.504681736605071     
  0.537376513353246     
  0.527359541764499     
  0.515275329258638     
  0.551396311400794     
  0.494302132932028     
  0.459849696019918     
  0.468552908042073     
  0.512237675614826     
  0.493711434211067     
  0.525336832329381     
  0.516432477398501     
  0.513526817740020     
  0.534111946359339     
  0.496422890873971     
  0.500220553333723     
  0.512015888920133     
  0.524839959064137     
  0.489252028429402     
  0.493224783515084     
  0.501346323820573     
  0.506142133482209     
  0.449805810246382     
  0.498046214370990     
  0.518591740255025     
  0.494959463843993     
  0.498706809530754     
  0.523913822106896     
  0.477937832071326     
  0.489035157829692     
  0.504553387315686     
  0.501593924428968     
  0.538844893961914     
  0.523674252563856     
  0.471488907121060     
  0.510121154284993     
  0.522535614239168     
  0.527166642608144     
  0.496116608386337     
  0.498822115041351     
  0.500838652575805     
  0.517630045947498     
  0.527738070911469     
  0.538401183198309     
  0.488654291052706     
  0.491575995793627     
  0.478209873122801     
  0.468855618424525     
  0.532365705461114     
  0.495539340001254     
  0.495932874114795     
  0.539834463737785     
  0.501958842576888     
  0.515848681869229     
  0.510282623883960     
  0.492172117332345     
  0.535845624110511     
  0.493777718229478     
  0.487762401049413     
  0.489858615143805     
  0.522707318571089     
  0.469360464775291     
  0.520051606756246     
  0.495018872903915     
  0.488171387682224     
  0.564634017520425     
  0.485669759134418     
  0.508625719715523     
  0.489357943912681     
  0.496985438935463     
  0.510880792839396     
  0.510814275315670     
  0.498366624924067     
  0.503738269325424     
  0.473372797057116     
  0.509651351233424     
  0.518286910223426     
  0.490950249691175     
  0.498333759326699     
  0.481125048943623     
  0.487409332028147     
  0.515861386641317     
  0.537236246524517     
  0.496815953157291     
  0.490116826366870     
  0.512394953557409     
  0.502589826957813     
  0.507331651606727     
  0.482749400049561     
  0.490639313254505     
  0.473396928803648     
  0.496711533733064     
  0.510171592773141     
  0.507873874627873     
  0.565216824523992     
  0.529887324176388     
  0.522242273774409     
  0.483127166475107     
  0.490290534598056     
  0.551161061718159     
  0.493283946468276     
  0.510251028714330     
  0.488249786947703     
  0.497258029635470     
  0.516278963909232     
  0.505238878537241     
  0.501113055539616     
  0.551998391047516     
  0.499014310400250     
  0.497664586620130     
  0.495866183333200     
  0.495273467867884     
  0.483242563504861     
  0.516106416177899     
  0.518919269999515     
  0.484351157935754     
  0.533954202164255     
  0.494307010127125     
  0.462978585217604     
  0.469153038092714     
  0.545112802962227     
  0.551044604676095     
  0.522398557903419     
  0.507015000152629     
  0.492049238178123     
  0.511066318251112     
  0.509600977745966     
  0.484394114742547     
  0.512306355060218     
  0.491196359883126     
  0.488364725118374     
  0.524342163980388     
  0.521940357497078     
  0.526706334501715     
  0.519922170290549     
  0.506457325558506     
  0.550822989994641     
  0.493590585438225     
  0.501496008968616     
  0.495696993852531     
  0.523165249049045     
  0.508602080196673     
  0.564479324806678     
  0.492152310543848     
  0.511192456701641     
  0.499373499151200     
  0.451322830860971     
  0.521622616672535     
  0.456515738967633     
  0.518430435514378     
  0.526086048372385     
  0.510866567955109     
  0.482231606504011     
  0.510952961312583     
  0.519414315042560     
  0.528772765981339     
  0.517091675699275     
  0.554318316782694     
  0.501786822766856     
  0.529721093474326     
  0.502270807591502     
  0.454672794268347     
  0.508922356437819     
  0.501147701271513     
  0.498494900611620     
  0.515093676284185     
  0.528180961056446     
  0.515442109035243     
  0.525015226986792     
  0.506886279853464     
  0.493455426221784     
  0.479049228401623     
  0.525702197254362     
  0.496073230249907     
  0.483346425354576     
  0.524617029012180     
  0.482790416544986     
  0.431971535794253     
  0.488414572276097     
  0.509043421009690     
  0.508269079207534     
  0.492189546254887     
  0.494441214918207     
  0.494567083352797     
  0.481197464053247     
  0.537452036896771     
  0.467872277732884     
  0.492093815717891     
  0.484843810510363     
  0.493579863567749     
  0.492743235156395     
  0.553180255751814     
  0.482650823403693     
  0.502057626816504     
  0.498775884569321     
  0.512820462326876     
  0.506135789550061     
  0.508344318897332     
  0.525653507380214     
  0.486340838059105     
  0.493633152532223     
  0.486787974369044     
  0.482695693440698     
  0.494485112539262     
  0.517975157573563     
  0.501045979559093     
  0.473141540724554     
  0.521551617911916     
  0.507054380107757     
  0.466298630899751     
  0.482271564989902     
  0.511223833963387     
  0.465857387991889     
  0.503996892014470     
  0.450818393663735     
  0.493279565648522     
  0.526103659969793     
  0.486565204769584     
  0.498042677114211     
  0.524660736260274     
  0.529120597866238     
  0.495554522363489     
  0.481236730345428     
  0.523050869542915     
  0.521040894783233     
  0.491247675466472     
  0.491602907523710     
  0.529402142941256     
  0.501738636474065     
  0.537898752810975     
  0.489839099069578     
  0.534976251213677     
  0.513797643283454     
  0.489490213778581     
  0.539774238269196     
  0.492597329073061     
  0.525581326996091     
  0.502411679816225     
  0.308446684688549     
  0.349968896442333     
  0.453418002014348     
  0.340807146535279     
  0.332045709106844     
  0.389404740969751     
  0.338648655569864     
  0.344060180922592     
  0.252395048297803     
  0.478958056432260     
  0.313153501286792     
  0.310260156346947     
  0.356364587753823     
  0.405956774356611     
  0.313848249853828     
  0.402172566381534     
  0.330022244582275     
  0.357451823489445     
  0.341559202367069     
  0.296670410698846     
  0.353443215954591     
  0.363121701010037     
  0.270990019981280     
  0.314478550821312     
  0.294221649106155     
  0.295585699249668     
  0.294497274659791     
  0.381790100252881     
  0.336357094505280     
  0.432587213194065     
  0.355991540158802     
  0.414133327137949     
  0.322562801691577     
  0.339788624229873     
  0.394141641615842     
  0.427368283504163     
  0.291846087388284     
  0.361648364672068     
  0.330502273285398     
  0.338155583434950     
  0.408520253411594     
  0.372035102930668     
  0.333089363923676     
  0.313102826168082     
  0.348097304612915     
  0.303663358686556     
  0.288194013620788     
  0.338706856466742     
  0.328691041487363     
  0.403399288117020     
  0.302021955141862     
  0.338049294034076     
  0.414534454376627     
  0.317960131788564     
  0.301297304068942     
  0.341532719703507     
  0.355638076410889     
  0.283397648318748     
  0.329908728584346     
  0.398126976551623     
  0.380634790635585     
  0.414462966411461     
  0.324021277727923     
  0.388052745232963     
  0.423151174809965     
  0.259642840258711     
  0.379771021624398     
  0.345035447539628     
  0.353777779516102     
  0.423930406866153     
  0.236708357990128     
  0.313959471518412     
  0.423827227072617     
  0.314603901840462     
  0.320262659197943     
  0.321900464961726     
  0.385163995471778     
  0.337385830565417     
  0.368337495546238     
  0.299913991825150     
  0.372786588324952     
  0.368997669522910     
  0.353599416553786     
  0.333840934268845     
  0.364543757389102     
  0.382550350662707     
  0.357849178294197     
  0.396017138670620     
  0.278085315712475     
  0.294989793643103     
  0.421037862024800     
  0.313353754581247     
  0.336014987732671     
  0.339865292179124     
  0.344330273367175     
  0.408858022056229     
  0.422308261044745     
  0.405717864507324     
  0.326010641259412     
  0.375762816409712     
  0.307027035841727     
  0.319045779682822     
  0.328856595144141     
  0.410203036643263     
  0.408551988343045     
  0.402386141693659     
  0.345030816273991     
  0.345718674952901     
  0.352113178418753     
  0.375215921087760     
  0.303111666257188     
  0.365910630131135     
  0.376171865102034     
  0.355232831373783     
  0.368664664880177     
  0.372990128394882     
  0.380431118519681     
  0.367023489103253     
  0.315087934754814     
  0.335451707729480     
  0.338268850137442     
  0.322880873535979     
  0.365604581062547     
  0.311556216598187     
  0.296103274715270     
  0.373537024707212     
  0.398172832877897     
  0.255711294400876     
  0.349252526320241     
  0.398778509352789     
  0.305852789130556     
  0.366859054174872     
  0.307373859730712     
  0.338894683594453     
  0.378368066267728     
  0.347687268137311     
  0.388710927858793     
  0.369169933445384     
  0.337841774292665     
  0.272999680437866     
  0.378864360383116     
  0.338753864194293     
  0.393825990398651     
  0.348102470920301     
  0.407271479518828     
  0.319299332962944     
  0.345029411133565     
  0.383730970985707     
  0.438420128872680     
  0.358428561877815     
  0.301563625477595     
  0.329768211918327     
  0.361992027250030     
  0.313807336211796     
  0.383165806929750     
  0.319156378187540     
  0.347677394154274     
  0.345799975060822     
  0.308644246193955     
  0.419778356641664     
  0.343995365503664     
  0.397657408352601     
  0.372814831968657     
  0.233679493895827     
  0.367330334477241     
  0.390237970355799     
  0.328875149595784     
  0.303900114980663     
  0.289306206092527     
  0.270817633405078     
  0.320252126923990     
  0.354700718294880     
  0.376802353980899     
  0.374294240228231     
  0.359251821590589     
  0.320359850436554     
  0.319613424394219     
  0.340976143164295     
  0.345188793436119     
  0.292462015015828     
  0.341608808379003     
  0.263973099282451     
  0.401309026676248     
  0.338878405870913     
  0.342880045761010     
  0.295782774191628     
  0.340464012152656     
  0.387874940291066     
  0.333422937869877     
  0.423597232679747     
  0.381398838057979     
  0.348620361569871     
  0.324102557245853     
  0.360338653087778     
  0.444453631301389     
  0.350024164806642     
  0.336524064216323     
  0.312469532055776     
  0.246143567037544     
  0.354031886490824     
  0.409871872479692     
  0.506397991457117     
  0.371929699222707     
  0.336320049753519     
  0.388908011243750     
  0.356951804862149     
  0.274462873960911     
  0.358403160962481     
  0.273497754964212     
  0.290888861459838     
  0.386832305207101     
  0.303418574088778     
  0.324188720805378     
  0.341033318520336     
  0.330462300688052     
  0.356178356059717     
  0.319097836437686     
  0.286813781164674     
  0.348808852454622     
  0.419747794576311     
  0.359723593001437     
  0.406874899239347     
  0.331134526823068     
  0.342921996441376     
  0.362021249935433     
  0.404899972442055     
  0.335081294246272     
  0.321336526004867     
  0.359661859790437     
  0.354364879303468     
  0.452425694442540     
  0.284592706701855     
  0.262639261935050     
  0.357461700019258     
  0.261381929002907     
  0.326464478433211     
  0.400821923014358     
  0.306823600303748     
  0.346267458271277     
  0.327184608982637     
  0.341866480570605     
  0.362192750207625     
  0.404918845455755     
  0.435103740665225     
  0.358355482848547     
  0.354212400796321     
  0.315913487675003     
  0.303310111338851     
  0.354023563464523     
  0.372184452783898     
  0.332845694529515     
  0.336366465903649     
  0.319520578537849     
  0.425747184373083     
  0.302040952389217     
  0.368752658941281     
  0.297120360280873     
  0.388599270377302     
  0.352615140252364     
  0.317744278029763     
  0.263677468888927     
  0.312739234712068     
  0.359177389690901     
  0.357932348853553     
  0.333931433881028     
  0.316603251835328     
  0.351059363604106     
  0.353418178146064     
  0.358979725918057     
  0.271755022514400     
  0.328726233348022     
  0.282232781159519     
  0.377436171809804     
  0.344877573319755     
  0.379304694315010     
  0.284976108565601     
  0.389498986279832     
  0.470820862018046     
  0.312461609373151     
  0.373504749109987     
  0.404838105999225     
  0.321282742125277     
  0.328259986227200     
  0.336018966734384     
  0.402145890029887     
  0.325392184288871     
  0.267765201802717     
  0.305977804470440     
  0.377241100753944     
  0.406930067963433     
  0.324019707605529     
  0.406637316439982     
  0.314791520452539     
  0.340639969921951     
  0.399224254869568     
  0.386197880646959     
  0.301792957792759     
  0.314684398559390     
  0.391451527516223     
  0.352292626588169     
  0.360667512912725     
  0.319065472979607     
  0.360022712101471     
  0.302690060285971     
  0.397240936002602     
  0.369717785534679     
  0.238528945571506     
  0.348774419756240     
  0.351832182096815     
  0.398615770524510     
  0.331068388154512     
  0.298794287990576     
  0.396460487525903     
  0.464867279838552     
  0.282910687357768     
  0.266249583544706     
  0.384551047756978     
  0.291106115035449     
  0.309342521968757     
  0.341230545407759     
  0.281811551025305     
  0.330208386738568     
  0.342654544613440     
  0.339394456508851     
  0.387479389448116     
  0.388711362858241     
  0.319713756929453     
  0.321779328734432     
  0.442676600256242     
  0.477954078452787     
  0.330787424394835     
  0.394729274789150     
  0.283263757667121     
  0.350276748743570     
  0.326059432567191     
  0.289802571773136     
  0.385430938503494     
  0.327747384112798     
  0.258950034429920     
  0.299046329341855     
  0.414050378188899     
  0.326568345770180     
  0.382237624758694     
  0.348410658807357     
  0.328582371757971     
  0.298527561187200     
  0.297803414990043     
  0.317132954180892     
  0.408237240428053     
  0.408373002095247     
  0.361612539162311     
  0.279454442825820     
  0.434184604032067     
  0.251471297278709     
  0.312479139385446     
  0.411407048454871     
  0.302890194075638     
  0.324142776473301     
  0.379243633684334     
  0.342857666074528     
  0.390049988075072     
  0.360987007365688     
  0.441052556511161     
  0.347628997993989     
  0.307014631829227     
  0.308754361380220     
  0.297846743953456     
  0.391763338858001     
  0.347071455481534     
  0.334656397278689     
  0.327633570361982     
  0.311627415226023     
  0.347465198152705     
  0.301156838809728     
  0.339760624627095     
  0.478093287220640     
  0.329168492773734     
  0.257480180262822     
  0.324842292862826     
  0.361151004654917     
  0.392052242230637     
  0.370300914867920     
  0.370514472421261     
  0.326498615004845     
  0.355460946448524     
  0.334905650911450     
  0.381865964134455     
  0.327824770283271     
  0.381337141019201     
  0.258455689217527     
  0.325432487688730     
  0.382672659318098     
  0.386633112329486     
  0.394486330054461     
  0.404811607840243     
  0.260096775740991     
  0.329990087787645     
  0.378035806455060     
  0.324634052966418     
  0.350930178585647     
  0.447529559257625     
  0.308883483668519     
  0.374391264300418     
  0.365443145056905     
  0.322586541055219     
  0.312590509019955     
  0.350264928337676     
  0.372974483577010     
  0.262095521364060     
  0.328730155846747     
  0.393983999538588     
  0.434206532184849     
  0.338748209499825     
  0.354602248641633     
  0.361530696091996     
  0.354365119187750     
  0.316389886728210     
  0.367442047237789     
  0.457229440351755     
  0.333605060172234     
  0.302269435023379     
  0.380798601375278     
  0.372366077465143     
  0.418114556152436     
  0.339629468675990     
  0.343982950761981     
  0.325895004219588     
  0.337304041147507     
  0.405728075141474     
  0.339884833240273     
  0.320027335975149     
  0.348258756552857     
  0.362429744977115     
  0.367936932429863     
  0.318829817646261     
  0.346212320823957     
  0.342675070904924     
  0.442206123987891     
  0.346505466975990     
  0.274327845866382     
  0.329765081573233     
  0.350672453072123     
  0.329051935657378     
  0.351789029329781     
  0.354309225252946     
  0.368905824301224     
  0.352604191563892     
  0.387867998221535     
  0.302844576050268     
  0.374720601823392     
  0.303350307882871     
  0.345605948935297     
  0.399981146122484     
  0.313136014772186     
  0.337229151416514     
  0.443364387913411     
  0.286790756134538     
  0.296019354142694     
  0.405738944723375     
  0.291306695968547     
  0.328314526404762     
  0.327260729681209     
  0.364933862325656     
  0.316979437742693     
  0.367742130583293     
  0.379844307249243     
  0.306286211950084     
  0.283473315350793     
  0.425069520255994     
  0.306971637659122     
  0.318810570961229     
  0.480195164770897     
  0.279491141498234     
  0.335792455753380     
  0.337353178329513     
  0.436313785610676     
  0.360976257064230     
  0.293499549920011     
  0.321139889981853     
  0.329447625946782     
  0.351584846694555     
  0.381307790373814     
  0.364051562514673     
  0.288820861310512     
  0.261127806514436     
  0.380845451512528     
  0.316423919128475     
  0.366550287021481     
  0.342745584386336     
  0.334013188706336     
  0.347480457235873     
  0.425114107879385     
  0.354534172907730     
  0.281056542078029     
  0.333513549165701     
  0.417335121285051     
  0.330587782098375     
  0.348677915904135     
  0.350009390085950     
  0.385825632716968     
  0.278587029150430     
  0.339370505858697     
  0.307276464210518     
  0.426008530333731     
  0.305448304835868     
  0.375632012748586     
  0.351018446380204     
  0.399243545699440     
  0.424164486561791     
  0.384920486566757     
  0.349827851867456     
  0.352600056265039     
  0.277616160194557     
  0.287685723745529     
  0.327271224990195     
  0.325942326325383     
  0.327136402444750     
  0.292849272741630     
  0.287960568513864     
  0.359306984989499     
  0.318325314009737     
  0.349897436328042     
  0.324305761941245     
  0.318991560244941     
  0.336085909520572     
  0.395987902025347     
  0.308338272769826     
  0.324154207978739     
  0.336359149702187     
  0.318631903946672     
  0.275207784667368     
  0.406823054663001     
  0.360563704036285     
  0.331820523769655     
  0.259837772226244     
  0.329047041759482     
  0.433237768181615     
  0.368377541670817     
  0.349683113808145     
  0.346138105237619     
  0.332957012064506     
  0.383337853404009     
  0.269683532418566     
  0.410586783427797     
  0.341580620410236     
  0.382153836388181     
  0.362600093752267     
  0.298331875095889     
  0.283890785685945     
  0.324135412361039     
  0.377929686940189     
  0.323236742610325     
  0.418830161749894     
  0.390899119764000     
  0.426056085617240     
  0.295027493331131     
  0.337222241204027     
  0.382539030789903     
  0.305666357581410     
  0.363328296396542     
  0.277911009742627     
  0.295077593121637     
  0.324792718625877     
  0.309769066902991     
  0.372466373752816     
  0.397117536080691     
  0.396820523337450     
  0.390037989727957     
  0.291078581607094     
  0.310949600469958     
  0.412180312576457     
  0.263935489740489     
  0.336173649746473     
  0.428627725023820     
  0.373301916490300     
  0.285844665195422     
  0.341834678525312     
  0.377151475965139     
  0.412323329429963     
  0.404817574766986     
  0.328466575611924     
  0.309151098956086     
  0.396479960020322     
  0.305965534466336     
  0.486954193305432     
  0.366244011006637     
  0.344294330286474     
  0.277545446637192     
  0.385258880449034     
  0.432023824839681     
  0.386826366966867     
  0.406472537141314     
  0.366987189172280     
  0.346761042835890     
  0.407747271251360     
  0.426009079190933     
  0.378216513713891     
  0.367836202748122     
  0.341401635878353     
  0.336440761191060     
  0.431016907482352     
  0.326364803654500     
  0.373183859318403     
  0.383843040339812     
  0.329084343693778     
  0.380138576362415     
  0.400615917613754     
  0.419252996062593     
  0.475982445983564     
  0.313594764497980     
  0.330322204770917     
  0.286577180150657     
  0.353179541209688     
  0.353787705253530     
  0.327575330944644     
  0.298577928884289     
  0.388421277613569     
  0.394969295906985     
  0.293371185237551     
  0.395446785333537     
  0.331641789515627     
  0.344783860735761     
  0.289183108936780     
  0.388820501432716     
  0.324748410234135     
  0.254050346648227     
  0.462159317844448     
  0.342472160388223     
  0.380424427831080     
  0.353451892875722     
  0.323222388933956     
  0.407965314818712     
  0.259793147928421     
  0.395207959362498     
  0.318613876942384     
  0.340241900725156     
  0.326807154653870     
  0.270755177955207     
  0.334717530455340     
  0.359638528320020     
  0.390925125969675     
  0.344410426537887     
  0.291636873766287     
  0.350605209360671     
  0.372654318183464     
  0.343016054525926     
  0.314005256693851     
  0.314800022232320     
  0.323279847910496     
  0.363211372381146     
  0.371138759743818     
  0.376486588712586     
  0.274482502607510     
  0.421986948399134     
  0.285127892935908     
  0.333390387245784     
  0.280787961551063     
  0.272566532495289     
  0.376572169225836     
  0.333793427408123     
  0.337067455516404     
  0.413926306994056     
  0.458047195712578     
  0.400346876654659     
  0.373461925721209     
  0.350227219648332     
  0.353683285618475     
  0.318257681567748     
  0.352377045177830     
  0.388175504237650     
  0.371670708630785     
  0.334024186525568     
  0.349569407458323     
  0.349428876017007     
  0.304851463891097     
  0.429441448679875     
  0.329668845607794     
  0.300728703732134     
  0.343277234730299     
  0.322808948648777     
  0.371427921284470     
  0.347069042368526     
  0.316233496646799     
  0.368596618347110     
  0.378014902547271     
  0.352398843635134     
  0.380441562871525     
  0.300595350027269     
  0.345128214303009     
  0.428890889913414     
  0.400588061189991     
  0.357424350178899     
  0.286301998679812     
  0.396481931652977     
  0.390697198899865     
  0.306247600285027     
  0.347430292371596     
  0.367209938152014     
  0.331873149991386     
  0.346266041148062     
  0.330409658188356     
  0.359194357064119     
  0.364356387605831     
  0.402280653998142     
  0.383403048831495     
  0.296902378629067     
  0.390002632266122     
  0.341754468441051     
  0.369555141508899     
  0.310552567919580     
  0.348535174210406     
  0.346493816686453     
  0.409645468245331     
  0.317585889111596     
  0.466081602333971     
  0.435705737589673     
  0.363551899832444     
  0.332929030572093     
  0.340134096493242     
  0.315725729738967     
  0.341317736504545     
  0.314177225162785     
  0.409617762313592     
  0.391584118693388     
  0.392886279547428     
  0.295383447159346     
  0.344738326744847     
  0.338620441650739     
  0.396281527356749     
  0.326654606763980     
  0.354135366729176     
  0.397262991823820     
  0.427734003729117     
  0.334784501097445     
  0.265413218902917     
  0.379163308774074     
  0.347150835481772     
  0.333895000955342     
  0.376693921810983     
  0.290731384934088     
  0.351118913931500     
  0.409568686523703     
  0.275768824368566     
  0.480918629246440     
  0.340189421962106     
  0.263254003671256     
  0.381093087137640     
  0.404159418216959     
  0.386720565216200     
  0.302218016885909     
  0.297949553936655     
  0.356456609751690     
  0.336600448710294     
  0.305573458543165     
  0.315589659270797     
  0.279710679542560     
  0.416517850331103     
  0.408375241005745     
  0.320343597771669     
  0.398874952565545     
  0.359961215960367     
  0.408850020598181     
  0.316045227824734     
  0.421325376758035     
  0.370942386721114     
  0.368187063287326     
  0.400477778464520     
  0.410185671071975     
  0.298122725753290     
  0.342885407916455     
  0.365858250577386     
  0.329827756638991     
  0.349663465438190     
  0.372763765381627     
  0.403726791788035     
  0.393866956286881     
  0.316662035053344     
  0.366592821627618     
  0.375710195564583     
  0.448909589402755     
  0.371290716394540     
  0.376436199157308     
  0.377905684255544     
  0.360622712176730     
  0.310712070683225     
  0.402387313437909     
  0.349531291453853     
  0.340409668756581     
  0.354603689066410     
  0.343223108470659     
  0.298646213675786     
  0.319227779641216     
  0.364453109384520     
  0.350248039175910     
  0.438078411795198     
  0.452771661018017     
  0.309848613153546     
  0.372127357386209     
  0.356534061272695     
  0.400613398518539     
  0.341343587188158     
  0.341278788306307     
  0.339518475200548     
  0.360420017938619     
  0.396005580114426     
  0.381882023637887     
  0.311515466508919     
  0.314884394055294     
  0.322937835938143     
  0.331024614749999     
  0.414293699433453     
  0.329165856299197     
  0.419723884703936     
  0.353616718583300     
  0.371059345874767     
  0.354716433409084     
  0.348173674949479     
  0.400200742519142     
  0.436629334101673     
  0.314157428727485     
  0.316652414171679     
  0.389733373378546     
  0.392249605974297     
  0.297665079663315     
  0.392953632197698     
  0.335009538604163     
  0.324681134662845     
  0.413627061627885     
  0.313584377516264     
  0.361556240393920     
  0.334763530953803     
  0.350976787200993     
  0.346154502837437     
  0.326585971706890     
  0.327342853360959     
  0.382788648043551     
  0.314357546542818     
  0.405332587377042     
  0.356279285830482     
  0.330901793875727     
  0.367275701620342     
  0.323928525617312     
  0.353907451237414     
  0.357044026216233     
  0.373359309252335     
  0.312029045921552     
  0.335733812000323     
  0.342764738481509     
  0.347454252776900     
  0.414475211264413     
  0.296090006323384     
  0.351477596192143     
  0.327847178598810     
  0.332179538213782     
  0.358820143459598     
  0.359357878817787     
  0.433270860249988     
  0.408497014496908     
  0.383921417372249     
  0.331953919972714     
  0.326200156043866     
  0.406215234418049     
  0.303801332011457     
  0.406845762356295     
  0.344519352079500     
  0.334539818378625     
  0.352875421071023     
  0.355544439132405     
  0.357669522771452     
  0.396601641885400     
  0.326463226940403     
  0.344894764249455     
  0.344457784368422     
  0.317444107747030     
  0.286938610651862     
  0.358186636453118     
  0.363997401935220     
  0.357616905679880     
  0.404675695503796     
  0.337620963006545     
  0.296799810783371     
  0.308893412849288     
  0.312125749002085     
  0.403058699790370     
  0.418175180930916     
  0.328607421197418     
  0.316940479910311     
  0.350305717670589     
  0.387578994852507     
  0.327335637880930     
  0.330030936393670     
  0.401643814398703     
  0.347800575109529     
  0.368492839668453     
  0.407188708211990     
  0.388630930233464     
  0.412228367200775     
  0.305114545365284     
  0.427233856643576     
  0.371712724331783     
  0.289651808660738     
  0.367887399175188     
  0.352420490703069     
  0.326127216815919     
  0.535443681747790     
  0.286492308711802     
  0.493241913526152     
  0.308158008288191     
  0.266324006546502     
  0.340361514965069     
  0.336399511510399     
  0.346177417891271     
  0.354272374221449     
  0.375812646210387     
  0.298004169400901     
  0.319803396575268     
  0.392228133326744     
  0.426491882770570     
  0.342355319777888     
  0.409757700549126     
  0.418543250886244     
  0.351041018886235     
  0.382308259165297     
  0.291312170251127     
  0.356284702838805     
  0.342759034675984     
  0.346582226274478     
  0.394829501699390     
  0.384492575738417     
  0.330195772520325     
  0.354485134714780     
  0.345983115485742     
  0.350696400079573     
  0.270047962759316     
  0.400281411068019     
  0.331055722688110     
  0.332921222085897     
  0.487059552325955     
  0.280043934001984     
  0.235759823860250     
  0.295996130263196     
  0.431785665161277     
  0.322212921801334     
  0.336721339625654     
  0.355466530381841     
  0.335783950651353     
  0.353054754720032     
  0.413472108524100     
  0.257943916151907     
  0.284033557754437     
  0.335484600830784     
  0.367027857530549     
  0.359240161545470     
  0.440262057633199     
  0.375033492093304     
  0.365670075776805     
  0.318124471584636     
  0.369377551774537     
  0.357555723793462     
  0.404101253797006     
  0.420154351998949     
  0.376337297386695     
  0.344219719373500     
  0.329957868940359     
  0.326731315617266     
  0.393238720901533     
  0.369596925612198     
  0.347651513908214     
  0.278116078868295     
  0.369139579388252     
  0.406328718910032     
  0.325534775393110     
  0.348770080715446     
  0.398261696258408     
  0.309096366857001     
  0.386277556723517     
  0.337370185307455     
  0.324712902478879     
  0.385983968581235     
  0.309575147165429     
  0.377381473396513     
  0.347109319351618     
  0.365466709688282     
  0.374957447035786     
  0.322690909128013     
  0.360275411513159     
  0.352119584686204     
  0.311547829928171     
  0.351779924465596     
  0.361451720176441     
  0.325493581638073     
  0.501489306911109     
  0.343415873748060     
  0.464876029236217     
  0.413402585607995     
  0.345047409686739     
  0.431575720041417     
  0.309640708083145     
  0.412157249120711     
  0.333258725435461     
