  0.489458494462499     
  0.518531534770670     
  0.532404563474628     
  0.476219831263458     
  0.482583254360103     
  0.499744524082651     
  0.491784186145847     
  0.493788830475073     
  0.457924824670450     
  0.540668721742287     
  0.477091602985855     
  0.494979067260174     
  0.505021966416524     
  0.522073731080184     
  0.434164021799671     
  0.523966081827006     
  0.502142135470318     
  0.540230217386127     
  0.514212115612760     
  0.468907308605059     
  0.511315698535824     
  0.502127848453736     
  0.452948980488554     
  0.446609463822729     
  0.429399975356162     
  0.483060833921207     
  0.471403814596435     
  0.544066178753684     
  0.501086199735731     
  0.494190066354213     
  0.517629625613629     
  0.564765378895473     
  0.481961815532217     
  0.484315718063795     
  0.509508220374743     
  0.528445667217511     
  0.489188488089721     
  0.505798352670531     
  0.489611073883803     
  0.485714573976073     
  0.500589141253877     
  0.523686059904321     
  0.494006468069870     
  0.471029627147483     
  0.527328724784555     
  0.494695574985724     
  0.493855218343393     
  0.494260459813493     
  0.505822798971726     
  0.525953125469049     
  0.493819939215862     
  0.483602845797292     
  0.516479002301425     
  0.482153882223404     
  0.499717974424791     
  0.531796820160943     
  0.512131400965820     
  0.478766452224862     
  0.481654442022076     
  0.534186486311404     
  0.524142144513154     
  0.515898797443743     
  0.491712357740093     
  0.549254400937367     
  0.509566523730086     
  0.463331579883356     
  0.513862526508430     
  0.489954249691996     
  0.503249220494840     
  0.518706342323712     
  0.452959302188463     
  0.512167462865607     
  0.503446531645517     
  0.475793362044121     
  0.490659997851320     
  0.479584111153937     
  0.516090636808078     
  0.504357896660386     
  0.548482912623759     
  0.489306158257884     
  0.507507601398310     
  0.502420887751537     
  0.505152258718974     
  0.480898022598837     
  0.508204057772200     
  0.497880798310559     
  0.499945323530097     
  0.500681852316927     
  0.466443743096218     
  0.472591276260913     
  0.547790840320579     
  0.496962076661730     
  0.492357387701718     
  0.501102441174788     
  0.466435216967058     
  0.530750919041798     
  0.556883344105563     
  0.537476540426309     
  0.461711069311444     
  0.526659236020630     
  0.518923829528974     
  0.518110460233302     
  0.501284017987284     
  0.519196119774508     
  0.510620956560308     
  0.522488820169138     
  0.491159097205209     
  0.494465157303653     
  0.491986041378769     
  0.485787161710585     
  0.487173166197944     
  0.484416003559241     
  0.514007673157237     
  0.486974558098165     
  0.515486020713518     
  0.521021009550855     
  0.510968704810773     
  0.506580820176047     
  0.482013888944073     
  0.474801287965894     
  0.519279526227578     
  0.473253672783115     
  0.507050858857474     
  0.496722857921691     
  0.469603302957378     
  0.521705504848330     
  0.505644778438733     
  0.440385265880589     
  0.502848723074062     
  0.536341138662269     
  0.466786093512892     
  0.481519680335544     
  0.479228857452866     
  0.527279730102825     
  0.518166650498168     
  0.501895021334882     
  0.506408694889453     
  0.516243494780688     
  0.501894580465100     
  0.464690444304227     
  0.496394902313118     
  0.479979439445825     
  0.481631302612875     
  0.474446147345422     
  0.544417148102774     
  0.485024571828308     
  0.504641274890544     
  0.523110002726499     
  0.519872672150629     
  0.531581605534787     
  0.479552281340975     
  0.502776485585863     
  0.497112982035947     
  0.485250854013615     
  0.518974014891808     
  0.479337449065142     
  0.514022393260581     
  0.470479481152989     
  0.468776843127173     
  0.523563014376126     
  0.510028868745238     
  0.545436441329485     
  0.536824641546341     
  0.425062289509642     
  0.509153340997597     
  0.527812631188604     
  0.454056513183479     
  0.487327095052599     
  0.487726930396842     
  0.451729550443968     
  0.470344562334482     
  0.511323925444639     
  0.531463519817608     
  0.515394228633761     
  0.520149255574548     
  0.485300519775906     
  0.472205940545633     
  0.487509958176052     
  0.511510607259724     
  0.440407187569626     
  0.490256628275443     
  0.453099937256848     
  0.462771615032114     
  0.486377395371875     
  0.507292764770202     
  0.458048999158114     
  0.523287682614761     
  0.531273841677479     
  0.479424986612279     
  0.485169909670493     
  0.504227787152012     
  0.502301526991088     
  0.502348366386428     
  0.516279423942407     
  0.555302169714795     
  0.489038224350437     
  0.525722198667125     
  0.450645870100788     
  0.440949173916098     
  0.522605254881526     
  0.524799345623636     
  0.579856560711946     
  0.474965128410625     
  0.495037235341897     
  0.540126549221689     
  0.500249112169281     
  0.476277935584587     
  0.551059469856386     
  0.464103315287302     
  0.500061529015069     
  0.511110834238479     
  0.505767900427196     
  0.481908015330216     
  0.479775465893775     
  0.488962924718558     
  0.482340923942625     
  0.478182093545412     
  0.453239333334238     
  0.501364109154261     
  0.525373617586500     
  0.501419982430888     
  0.545228044041072     
  0.483136126595394     
  0.516084795913554     
  0.516239453897080     
  0.498627648842938     
  0.508412713271513     
  0.495329202418931     
  0.527641567547503     
  0.560959241120844     
  0.536562473793817     
  0.485687942223331     
  0.464480436260436     
  0.500922902378859     
  0.450666635443508     
  0.462615366829943     
  0.490415655198959     
  0.471750610304825     
  0.479542253199351     
  0.472286848337359     
  0.472128323858653     
  0.518676092727214     
  0.543312963620527     
  0.512004189052535     
  0.486877069955398     
  0.497220323244466     
  0.468112250745632     
  0.501357952490862     
  0.506090047609478     
  0.493247916264635     
  0.461110177242618     
  0.499507049559670     
  0.468048721006759     
  0.526912477324688     
  0.467159972209959     
  0.493452558136227     
  0.479822140988073     
  0.526223829281500     
  0.509514684456268     
  0.479125127696708     
  0.467357543445182     
  0.462277172086978     
  0.500577829376266     
  0.509603688066326     
  0.486939597346509     
  0.507164118354846     
  0.479920513208048     
  0.502783732080459     
  0.490540877130596     
  0.466683781162302     
  0.492125390326857     
  0.452389587786788     
  0.542263882105742     
  0.510720981585416     
  0.487028412941638     
  0.460138625161907     
  0.510340513228874     
  0.543557164583430     
  0.490628657653653     
  0.501599177710274     
  0.525792219097387     
  0.472702134471815     
  0.514450259915920     
  0.511468438638010     
  0.526188685880678     
  0.502835532826587     
  0.440488329147509     
  0.484162136142924     
  0.511310504482677     
  0.533722500480622     
  0.493151386951125     
  0.524239263311165     
  0.521521110977662     
  0.501320847615828     
  0.548210217203462     
  0.517252766856622     
  0.478702544743268     
  0.495688204653976     
  0.532986956112105     
  0.513766027878351     
  0.515913037087780     
  0.476163404392638     
  0.534750504798720     
  0.452090965567121     
  0.501922061460868     
  0.528036409316633     
  0.420442296461752     
  0.496180373733316     
  0.503580830010558     
  0.562073343295313     
  0.463289899040663     
  0.474622024240548     
  0.527638612979791     
  0.512078196659107     
  0.461150581720760     
  0.466511085859087     
  0.542475769690580     
  0.466605793379852     
  0.485229601071024     
  0.497725049141326     
  0.464007004643154     
  0.531031252522110     
  0.502287605376117     
  0.495660348080287     
  0.499538561903193     
  0.519358052377587     
  0.501459881760683     
  0.486842667274920     
  0.530280230299782     
  0.555706393642003     
  0.511543827349023     
  0.512735615070613     
  0.460385281902554     
  0.508942455788900     
  0.494274834854034     
  0.466560756707794     
  0.539156501009056     
  0.497321286395648     
  0.452559203834863     
  0.421558111062438     
  0.527022416208489     
  0.456502766820515     
  0.511764650207330     
  0.492998620579545     
  0.493588724299165     
  0.477034078595041     
  0.487874559767004     
  0.490803564238899     
  0.523792704434277     
  0.514240098408676     
  0.471840442272579     
  0.478894074272824     
  0.532748208193282     
  0.435429597855584     
  0.499010282553920     
  0.516001912418467     
  0.471123198653979     
  0.490234126571577     
  0.478315279448483     
  0.510338688809404     
  0.502711008398658     
  0.492036003866380     
  0.546267667322206     
  0.509997475439126     
  0.493808039064056     
  0.505358059242599     
  0.477308774108229     
  0.509427250364534     
  0.478975823706062     
  0.482908262105174     
  0.512014512631593     
  0.492287986747499     
  0.491211636314280     
  0.474890206317862     
  0.493545998645297     
  0.559855648572573     
  0.503759177239482     
  0.486764147209431     
  0.497207082453670     
  0.538916952437325     
  0.520906501754854     
  0.528347623619443     
  0.503772954084124     
  0.468357252550132     
  0.492944514057434     
  0.505876627792536     
  0.532443012732336     
  0.513625965273090     
  0.513809674661066     
  0.446947809693566     
  0.485082042213227     
  0.490720020037486     
  0.527426909004393     
  0.535199618794311     
  0.481540218693202     
  0.424055301305102     
  0.490337966663747     
  0.489499501134057     
  0.479868665993332     
  0.521619091574172     
  0.541761869336745     
  0.487426774464394     
  0.510741693502474     
  0.518134595026470     
  0.496904460171756     
  0.492406062610891     
  0.511589292958527     
  0.473270803706417     
  0.462519971546783     
  0.485376286120812     
  0.520158435144920     
  0.549120210298239     
  0.481010359422433     
  0.492778750482962     
  0.515552335047392     
  0.472960288340910     
  0.471550742294292     
  0.501286776843785     
  0.543382171060310     
  0.493775449252874     
  0.494066536503882     
  0.525722128074433     
  0.512788448953779     
  0.529359231582419     
  0.504972719977405     
  0.484823615468026     
  0.479697365832456     
  0.514201303457211     
  0.530002276540203     
  0.492281503751497     
  0.474740323913128     
  0.479467859910308     
  0.511340362288389     
  0.508421291268111     
  0.458168930846081     
  0.476268055235778     
  0.480523833389229     
  0.537001574141415     
  0.505181469984018     
  0.486650113295552     
  0.485670393382279     
  0.507826511446122     
  0.478583619093187     
  0.516218034961410     
  0.538938141935383     
  0.481459457085556     
  0.496899862180389     
  0.507211564848046     
  0.489762687214340     
  0.503108058500550     
  0.450708670040272     
  0.530872565472982     
  0.551776362860053     
  0.489318066266539     
  0.543905477118576     
  0.519144662662342     
  0.484347954807965     
  0.488352931555063     
  0.528391141308590     
  0.471958225270867     
  0.471457935775163     
  0.506370846347105     
  0.488687867019371     
  0.509553490962403     
  0.523723465672043     
  0.552097930445398     
  0.479431961956303     
  0.475004106962131     
  0.544271515681093     
  0.479873974592634     
  0.491610061503046     
  0.586600622380319     
  0.461456125556884     
  0.499128319045885     
  0.522472143494610     
  0.536151177197185     
  0.493344002687598     
  0.460842093983468     
  0.523737814233574     
  0.513293841223270     
  0.510522788561014     
  0.525778572732350     
  0.486741222415120     
  0.483798375843997     
  0.451862575919812     
  0.507698834234893     
  0.513754975411364     
  0.497747843165593     
  0.502586227186443     
  0.516198727668226     
  0.514043400388147     
  0.542258569498739     
  0.536748798850024     
  0.463372697674219     
  0.486989789390867     
  0.525956381749680     
  0.469523292049635     
  0.520530659116301     
  0.518326536070968     
  0.505502122127176     
  0.457771768182448     
  0.507284938931500     
  0.504277481089851     
  0.521419474407378     
  0.481767115715320     
  0.537227666205954     
  0.533082975710127     
  0.548635988438166     
  0.499878338719261     
  0.535991495008014     
  0.495088372759596     
  0.491574079787705     
  0.450132191240887     
  0.487737169103819     
  0.483827021473497     
  0.511233012820383     
  0.517946242897842     
  0.469441206245665     
  0.470026526091510     
  0.484622647048999     
  0.492236382674966     
  0.486820787028261     
  0.474326231664532     
  0.490851855394090     
  0.487551976867508     
  0.520666854576589     
  0.484825456353147     
  0.498805758306732     
  0.477186252971900     
  0.498547857261104     
  0.493604447090381     
  0.533230224757566     
  0.508451829868589     
  0.467123291527425     
  0.441503227284307     
  0.503463834200578     
  0.521379337379887     
  0.500919157077619     
  0.508275641439114     
  0.496402758626380     
  0.509689863075949     
  0.507472776512448     
  0.461683030023030     
  0.530167311453651     
  0.516576507113854     
  0.508567697053387     
  0.491398250425046     
  0.469598624735882     
  0.477320470315488     
  0.487168334462262     
  0.518573891850349     
  0.511213547514428     
  0.539155510607480     
  0.534429625964181     
  0.513487269591574     
  0.486316561703717     
  0.514215307223955     
  0.509618988936946     
  0.445391098498235     
  0.512092677966046     
  0.466871102281218     
  0.480271394033345     
  0.485963815375126     
  0.504256511789663     
  0.472158244927421     
  0.520821680605047     
  0.514935765626423     
  0.533823631760780     
  0.501845896199129     
  0.502588890861099     
  0.546378635994198     
  0.444293566388328     
  0.517918660394163     
  0.551600879934068     
  0.508243235313887     
  0.465322492994620     
  0.499421324817165     
  0.531595810758622     
  0.529051074403237     
  0.531342818971361     
  0.478852998236979     
  0.485500718696332     
  0.541131676108896     
  0.480330692656897     
  0.513030841872781     
  0.533851511491322     
  0.496244334712584     
  0.456619079447959     
  0.510319980325133     
  0.520238886971248     
  0.549380344228736     
  0.530061109558607     
  0.500907430672780     
  0.462670595027831     
  0.525685999712964     
  0.535349233657901     
  0.508232858679841     
  0.501333210336508     
  0.474791226633344     
  0.463472149619043     
  0.538165365892716     
  0.506966758416385     
  0.527498660665528     
  0.501678846475041     
  0.484381887177119     
  0.525560882512719     
  0.506004746351052     
  0.538177769245573     
  0.533609711615508     
  0.469416669578646     
  0.494785173662683     
  0.464675489349543     
  0.503383902847582     
  0.505819012814948     
  0.483941858518152     
  0.458232975915242     
  0.534587039618679     
  0.524266453402734     
  0.480080675766201     
  0.520014616820928     
  0.491014130176624     
  0.496636514280465     
  0.464116242531611     
  0.523127912516026     
  0.517351735724502     
  0.459798201437406     
  0.541099711318589     
  0.511390388174040     
  0.503356633182853     
  0.505320428957265     
  0.488054322437391     
  0.533521327125430     
  0.479024515610962     
  0.512849368768360     
  0.498009546136029     
  0.507278791535644     
  0.484298296751738     
  0.426067235643085     
  0.506689816809704     
  0.502109932372090     
  0.533805692017937     
  0.504631539813267     
  0.472627851390819     
  0.521294749020535     
  0.516981814662057     
  0.465135894704106     
  0.481388276641826     
  0.499379799215143     
  0.507058608670082     
  0.508619708867580     
  0.485150729681778     
  0.518034832555326     
  0.475039927290928     
  0.520851664230025     
  0.479210760416421     
  0.510869744518202     
  0.448993245149512     
  0.456571124992446     
  0.523976195437667     
  0.479146131189216     
  0.499175823747888     
  0.547504758097632     
  0.553626009619835     
  0.534864371876988     
  0.512862505428814     
  0.504503699349984     
  0.511269802131575     
  0.486466575148521     
  0.504453315172854     
  0.519688903480038     
  0.502227827319849     
  0.512482708779193     
  0.472893436076941     
  0.479576858920618     
  0.460420431184962     
  0.532857000091134     
  0.488202814590451     
  0.494532788857610     
  0.487828214176457     
  0.512162513802241     
  0.508418870857570     
  0.527670536515755     
  0.479496334964167     
  0.528614198835240     
  0.514006876410061     
  0.516148606224967     
  0.496504583424994     
  0.512939912162468     
  0.489253821510825     
  0.518065265060672     
  0.517185546627072     
  0.502543971498089     
  0.455692294622403     
  0.545589571420500     
  0.519397483899285     
  0.464286103550541     
  0.524508398550577     
  0.502225838034914     
  0.501791677798961     
  0.471402241375503     
  0.511431127440496     
  0.507846970660098     
  0.479109218423611     
  0.517095511248818     
  0.493580411566190     
  0.497165862383453     
  0.524167024508453     
  0.521867006746211     
  0.487024818140548     
  0.494068829550669     
  0.514052591847257     
  0.510202794303957     
  0.530186351043432     
  0.491427537524556     
  0.543940131615061     
  0.542531065014977     
  0.495906395623793     
  0.518663762595606     
  0.499164617561615     
  0.485024150753313     
  0.512324838294098     
  0.451219994243724     
  0.517546799346806     
  0.501453269528585     
  0.514827564201009     
  0.455034994223049     
  0.533449605626571     
  0.510146932353585     
  0.517744109339539     
  0.523472852610023     
  0.497002019992312     
  0.506281740691435     
  0.514031897528925     
  0.479982468139013     
  0.433570291294680     
  0.513822091104130     
  0.505644662110257     
  0.480350117384850     
  0.507961211406569     
  0.469540299622330     
  0.474179299141126     
  0.506079015168219     
  0.459755835356094     
  0.556929374545736     
  0.487618922132346     
  0.432179673516132     
  0.527547280854681     
  0.534223982269964     
  0.522304705974623     
  0.454383868544364     
  0.484105182031411     
  0.531319093427127     
  0.488864451783546     
  0.483812911981467     
  0.494030012386337     
  0.461648765860376     
  0.500597986652001     
  0.516268336588525     
  0.504813902333425     
  0.533611256955538     
  0.504397001642091     
  0.516721911316749     
  0.501876353790579     
  0.536532566227669     
  0.527469186488462     
  0.516450845404376     
  0.554428518054522     
  0.496058807923269     
  0.459241245160735     
  0.468110933039400     
  0.514999193389577     
  0.487418958591412     
  0.527322240201249     
  0.516887775630745     
  0.514888481986816     
  0.534226520247325     
  0.497143611308924     
  0.505121926913480     
  0.510449455905827     
  0.525728600760729     
  0.485282044309302     
  0.488551351883157     
  0.502897451957822     
  0.511858878948266     
  0.449325820968039     
  0.494689388538299     
  0.517455477961419     
  0.496469077824481     
  0.498132499157501     
  0.524785228884379     
  0.479105864628824     
  0.490223819139577     
  0.508996372961928     
  0.499414839399235     
  0.540813160846768     
  0.520772076986463     
  0.472265349163513     
  0.503763684069756     
  0.524836801383245     
  0.529174879302075     
  0.494086099609198     
  0.496524527949341     
  0.499026801676933     
  0.517029521766554     
  0.526397227044681     
  0.536264725916543     
  0.494672332864269     
  0.493285150957598     
  0.477202732277818     
  0.467714581540967     
  0.537579643803841     
  0.495902759474281     
  0.497335158874630     
  0.538840066242939     
  0.509362761987101     
  0.516775884208042     
  0.510790760471040     
  0.490843080856071     
  0.534388270781881     
  0.492053200484394     
  0.485320052992340     
  0.484105018727795     
  0.519282017571410     
  0.469165430788944     
  0.521312960816271     
  0.494756354512011     
  0.487997867370361     
  0.563308447288168     
  0.484207673873420     
  0.509301014447358     
  0.491537148265172     
  0.489153938682329     
  0.508238238450478     
  0.510149209537398     
  0.496975111065218     
  0.502839478892340     
  0.473831276099579     
  0.507008314583879     
  0.523828520195091     
  0.488919092525928     
  0.498781020118365     
  0.481248816864162     
  0.488267429073852     
  0.511462198580981     
  0.537710469290371     
  0.499047126394187     
  0.488558658327610     
  0.511182855163929     
  0.499458300302524     
  0.507655633132357     
  0.483673935392382     
  0.494973926953738     
  0.472302512551133     
  0.490573155423536     
  0.508847713609415     
  0.508315455373314     
  0.569689398097440     
  0.531608790519231     
  0.523777353916018     
  0.481555061734366     
  0.490584250642100     
  0.555347813787652     
  0.492168019795540     
  0.514649265292241     
  0.487263408570922     
  0.498378709786100     
  0.515889610064592     
  0.505348144140716     
  0.499014710994389     
  0.557564615679226     
  0.500005224006254     
  0.496090900197078     
  0.499011029379572     
  0.498252383953001     
  0.487020590363760     
  0.515283910139898     
  0.519492978199898     
  0.476299687664120     
  0.535833558179588     
  0.498739029278397     
  0.463837902482777     
  0.468734702996525     
  0.539926097062353     
  0.552495759789932     
  0.519407011580553     
  0.506572278370321     
  0.492849273418429     
  0.509923056014326     
  0.506863868543665     
  0.483847209072938     
  0.504654372952434     
  0.486153365644379     
  0.486598667366519     
  0.520862957397064     
  0.524178452074612     
  0.525106753164906     
  0.519796727989635     
  0.510201712233009     
  0.554584723378506     
  0.492540296111246     
  0.502130348848172     
  0.494993061926677     
  0.519443082117209     
  0.515759395493472     
  0.563272522261520     
  0.490283696872869     
  0.511605317999705     
  0.500288328701212     
  0.448693466724021     
  0.523839760584430     
  0.452356895175720     
  0.521784280031056     
  0.525424132167870     
  0.514127419827141     
  0.482002883020766     
  0.512141697145894     
  0.521772425711310     
  0.526894990905593     
  0.517824869047540     
  0.558576623436235     
  0.504538029085442     
  0.533054614788999     
  0.506786107512308     
  0.456965447108651     
  0.509941629355768     
  0.497981248930842     
  0.502034226371171     
  0.512958875762662     
  0.529967846716173     
  0.514044610997230     
  0.523503336024901     
  0.506764602265805     
  0.494716251774617     
  0.479202770440885     
  0.527248190028413     
  0.491856009589696     
  0.483092393580072     
  0.526201030672012     
  0.484779378740468     
  0.433587429994111     
  0.489749759426545     
  0.508435494426486     
  0.510011388014893     
  0.492413240850682     
  0.495623601246334     
  0.494975463817030     
  0.480237833877396     
  0.538273124015018     
  0.467493892164491     
  0.490821227269889     
  0.484251423552148     
  0.495700660936159     
  0.485158663222146     
  0.548152352049554     
  0.484239572792690     
  0.501684933509198     
  0.499995197286628     
  0.510172321216144     
  0.504907562429897     
  0.508184657127762     
  0.527334303377440     
  0.485692033879329     
  0.492856193468639     
  0.485426713665584     
  0.483165039610082     
  0.493543030876514     
  0.517431292406078     
  0.502165469722505     
  0.472679066026569     
  0.521023722934883     
  0.505897013904063     
  0.467323919140970     
  0.485863129549272     
  0.510490395389790     
  0.461500930184490     
  0.502542144152148     
  0.451527146356565     
  0.493664278399866     
  0.527236943277742     
  0.480047917598889     
  0.497902434870226     
  0.527350478448425     
  0.530463088354626     
  0.492068580882008     
  0.479704355693815     
  0.525883107224730     
  0.520829673763950     
  0.489119669037662     
  0.491691239143916     
  0.528042476760179     
  0.499384424357876     
  0.538656174397101     
  0.490237351571964     
  0.540690147566642     
  0.517838082435641     
  0.491929057583161     
  0.536141627458094     
  0.495181405357292     
  0.527479953399598     
  0.507045043657724     
  0.310290700332016     
  0.348367848108302     
  0.458314205412707     
  0.344188911423545     
  0.328706132972103     
  0.390537297808648     
  0.335725965348703     
  0.341135205820001     
  0.251823656965377     
  0.477006128613974     
  0.312982209054759     
  0.310341616110661     
  0.354169155237146     
  0.402417477936982     
  0.318369041187362     
  0.401859902782255     
  0.333097797812488     
  0.355326461986951     
  0.340857251719224     
  0.296213004936163     
  0.351768777902995     
  0.362345803312112     
  0.271953401363173     
  0.310841140068008     
  0.292692013449310     
  0.293415037307818     
  0.295746764134243     
  0.376104800700938     
  0.332577395897633     
  0.436754045472881     
  0.353650006897590     
  0.411950746094370     
  0.323868233839839     
  0.340739711764806     
  0.393167116072262     
  0.427152094815498     
  0.291649846514705     
  0.365776492093864     
  0.332044391046746     
  0.336360908733765     
  0.403309980314065     
  0.377380151639864     
  0.330999176021391     
  0.312467128196805     
  0.346755129512861     
  0.303313365533449     
  0.288293048932048     
  0.337645182412261     
  0.326062850840562     
  0.403426488674244     
  0.300998355238173     
  0.336715418708592     
  0.411061161164213     
  0.316686794992610     
  0.302362986770530     
  0.340397762914996     
  0.354826533043204     
  0.281587678469344     
  0.332528217232652     
  0.398039053717949     
  0.382527610166076     
  0.414189652973275     
  0.326385722978684     
  0.388622832492945     
  0.423217746310439     
  0.259316007123349     
  0.377546403069052     
  0.344758075298293     
  0.350430655380733     
  0.423898274856337     
  0.236496224904596     
  0.312862166396728     
  0.424527920708912     
  0.314883778198667     
  0.319067398277152     
  0.320081631998568     
  0.382073976563650     
  0.338827869522328     
  0.368981878636700     
  0.301560210999286     
  0.371074578726757     
  0.371434478770218     
  0.351926343004374     
  0.335817577604674     
  0.364856404982328     
  0.386709959668879     
  0.358466000462135     
  0.396328080996838     
  0.278019497013518     
  0.294017138414440     
  0.421923369640560     
  0.315346595969210     
  0.338235235797217     
  0.340048597744224     
  0.341449725706384     
  0.410751168798197     
  0.421465890312618     
  0.406137760381614     
  0.325165865337777     
  0.379725322016718     
  0.306406545911626     
  0.321277229809000     
  0.327160448130223     
  0.413042508469515     
  0.408607849021098     
  0.402415982179990     
  0.344892629818370     
  0.343199000838468     
  0.351655940532972     
  0.374797213769930     
  0.305088133725747     
  0.367531305326642     
  0.370098014483275     
  0.355680534531470     
  0.368878260188910     
  0.373243737048513     
  0.380670922489280     
  0.366488929883123     
  0.313945398221403     
  0.330360033718764     
  0.336352070760207     
  0.320981276835323     
  0.366256335172122     
  0.313833491032160     
  0.294701439969515     
  0.375844119892491     
  0.397023363551942     
  0.258297808713815     
  0.348304125715156     
  0.394383335443616     
  0.302948955034578     
  0.370750502086413     
  0.306985184845764     
  0.338039000025552     
  0.377642753350559     
  0.346436290929559     
  0.390012483237446     
  0.370264535151529     
  0.336623360196350     
  0.273166029729146     
  0.374863129262677     
  0.340883854729977     
  0.396368284760038     
  0.346574031772418     
  0.407039972144290     
  0.319022107404948     
  0.344380938695638     
  0.384762484136689     
  0.443873573250736     
  0.356600198957914     
  0.301337636655046     
  0.329754145393748     
  0.359484122790191     
  0.313483983935107     
  0.384580905034840     
  0.319642776056320     
  0.351818873894193     
  0.343040186722285     
  0.307900556356109     
  0.425613280052933     
  0.344861584305588     
  0.397358711344599     
  0.373242669662463     
  0.232030243031323     
  0.366727610954848     
  0.392995785510058     
  0.329454599858319     
  0.303559322563457     
  0.292589631035857     
  0.270190358854790     
  0.319848879811057     
  0.354691588411803     
  0.379230351165254     
  0.374643476406305     
  0.360376629885240     
  0.318337392133213     
  0.319626010581910     
  0.339247862888078     
  0.341170037081090     
  0.291416827506519     
  0.343182064327299     
  0.263567335140579     
  0.400680319220629     
  0.337317396225013     
  0.341434485776382     
  0.294190798983239     
  0.344774859827543     
  0.389263259559828     
  0.335379408813008     
  0.424224705566060     
  0.382528798172961     
  0.347527348656468     
  0.322144381825346     
  0.357388726158299     
  0.445516201904553     
  0.349866863011687     
  0.335614507342145     
  0.312723077298870     
  0.245204687808815     
  0.353103757751109     
  0.412023143072373     
  0.504536961956915     
  0.372343834479020     
  0.336591169055042     
  0.387915330942806     
  0.353767536558597     
  0.273318994513997     
  0.359978225490775     
  0.271554436783124     
  0.288960280689047     
  0.385420452893985     
  0.303561903531024     
  0.323745032299169     
  0.342611539484619     
  0.328714938508136     
  0.354484773493555     
  0.316392719703184     
  0.285987435672712     
  0.345916837714677     
  0.419078490707671     
  0.358665068482083     
  0.406477945283079     
  0.333213185367036     
  0.341072856602745     
  0.361854094555847     
  0.406672693729190     
  0.336525365301504     
  0.321406612933595     
  0.357867805031188     
  0.356223551871943     
  0.452318054203949     
  0.286882008883457     
  0.263461308962356     
  0.360533410409188     
  0.261669604837229     
  0.324001689483307     
  0.399337122512175     
  0.302594706192152     
  0.346008978177052     
  0.324502891388380     
  0.344569133851040     
  0.358340031297876     
  0.403479241720604     
  0.437271150652598     
  0.355067568587783     
  0.353510097898013     
  0.314667839809713     
  0.303192272514836     
  0.353421490816162     
  0.371293854384795     
  0.333227838577900     
  0.340652572587850     
  0.321509985858662     
  0.429963313276815     
  0.300831096594395     
  0.368554241271330     
  0.297086153972971     
  0.385808687684381     
  0.350733352668079     
  0.317726657550247     
  0.263861129159489     
  0.314333916909201     
  0.357136457633297     
  0.353822480294806     
  0.332214726909304     
  0.315921647234445     
  0.349172901943091     
  0.355573147771697     
  0.358220030178555     
  0.270468275796321     
  0.331192823278217     
  0.282099703925982     
  0.381001238396100     
  0.343451316755620     
  0.381897313533784     
  0.283402177331832     
  0.385910334935794     
  0.478672819660237     
  0.309545667364144     
  0.373652432010745     
  0.406097731933561     
  0.322308736323697     
  0.330299006302300     
  0.339708712614898     
  0.400176353216655     
  0.328318279490115     
  0.263717296627753     
  0.306147670153247     
  0.377243369772611     
  0.406462047412552     
  0.321882227135736     
  0.404274652725566     
  0.317144661741954     
  0.339276894138437     
  0.403797123168141     
  0.387807042405478     
  0.302931422703226     
  0.316467880949982     
  0.393499852501217     
  0.352470239629255     
  0.361595155514834     
  0.318298883536511     
  0.358025421674885     
  0.303424912060576     
  0.398957158036957     
  0.371757320538459     
  0.238790065712329     
  0.345607526800932     
  0.350945403446683     
  0.393458178574188     
  0.331148501750913     
  0.297890581708731     
  0.396229877580744     
  0.460425553164217     
  0.282075370058807     
  0.263631040686879     
  0.384961922243449     
  0.292083182363942     
  0.308056833588814     
  0.339903353170387     
  0.280058040402503     
  0.331025618302542     
  0.343984476963077     
  0.341383305488047     
  0.385621103342105     
  0.390651775335849     
  0.319424340334337     
  0.322592812968443     
  0.444779691580269     
  0.477160532634547     
  0.327691092541057     
  0.395336146842612     
  0.282731619139613     
  0.351029222074657     
  0.327154271461615     
  0.291865021672424     
  0.385055348684934     
  0.328765753277418     
  0.258426392527209     
  0.299884424097885     
  0.413672904422688     
  0.323985454921940     
  0.379757383688197     
  0.344007563680304     
  0.327654235869038     
  0.298698958318016     
  0.297925825233475     
  0.316245095518589     
  0.405434316170019     
  0.404623682131226     
  0.363616018406330     
  0.281029067339508     
  0.436667940351013     
  0.253283923819650     
  0.311515890839248     
  0.415250122877556     
  0.303108728327426     
  0.324605082901136     
  0.379443644246823     
  0.343790117393915     
  0.389848072811539     
  0.363631319279546     
  0.438178273754557     
  0.343117638052815     
  0.306738073633209     
  0.306947779220072     
  0.298267669038460     
  0.389243758476719     
  0.348412559429110     
  0.337826801536709     
  0.327379273372875     
  0.311553270739452     
  0.344551266618593     
  0.300338327876856     
  0.339638877002095     
  0.480124239139956     
  0.327915887765830     
  0.258396085046485     
  0.324183096665976     
  0.363045937110224     
  0.390019283262191     
  0.368745389820784     
  0.370673783851962     
  0.323799425484817     
  0.355802801600472     
  0.335292231685745     
  0.387106582338864     
  0.327845082275612     
  0.378085522409342     
  0.260353418713363     
  0.326170564117203     
  0.380155806107094     
  0.387188212539849     
  0.398173339510411     
  0.404095339539936     
  0.260140806255978     
  0.330351799254418     
  0.373053844804673     
  0.325916259472914     
  0.351973996506115     
  0.447057019927721     
  0.309008427358537     
  0.377536995064326     
  0.368064668104880     
  0.322318522810876     
  0.313510466309321     
  0.355670195579547     
  0.375591749482882     
  0.263801331670151     
  0.327866182648911     
  0.398481734312933     
  0.430375676174894     
  0.339852816744481     
  0.355296623862650     
  0.360192897997577     
  0.353459097960806     
  0.316858462679146     
  0.371293592208340     
  0.458716226699281     
  0.334792481771676     
  0.303319009036142     
  0.381932379538703     
  0.370810073188873     
  0.421879404026854     
  0.341519285160346     
  0.339186042092826     
  0.327163590496229     
  0.335776376952816     
  0.402555355044168     
  0.336998554420897     
  0.317619150859513     
  0.347437141509090     
  0.362101162967574     
  0.365811570220344     
  0.321673213097305     
  0.345425382913223     
  0.342266306764619     
  0.444612740583065     
  0.345524280888339     
  0.272566170784522     
  0.329079539805015     
  0.354103039048692     
  0.326793692469370     
  0.355362479273091     
  0.352980153679942     
  0.369051431531958     
  0.352772085217360     
  0.392940029607234     
  0.302680296323589     
  0.374402757251391     
  0.303079846502899     
  0.345834451357445     
  0.400158524254463     
  0.312420754971535     
  0.337290269175596     
  0.444223157567354     
  0.288805064403008     
  0.296766872362439     
  0.404004514112330     
  0.289435171424884     
  0.324804034207324     
  0.326331507244162     
  0.363548106000813     
  0.320727517195395     
  0.367209630691846     
  0.380211493866455     
  0.306915623932565     
  0.284863030926464     
  0.423184467056899     
  0.304906145405802     
  0.322741927077864     
  0.476922246794732     
  0.282229089261676     
  0.335949526780060     
  0.338204860785828     
  0.440031153910127     
  0.357677491049899     
  0.297147034486304     
  0.321359849477785     
  0.328037270801586     
  0.352529873388074     
  0.383878557697794     
  0.364150925739978     
  0.290689733487139     
  0.262416401365840     
  0.381942865351945     
  0.312913953587683     
  0.361851432021791     
  0.343764399621983     
  0.334584039098627     
  0.347980332889295     
  0.425451464421201     
  0.359917618379475     
  0.282131710614504     
  0.334292758659566     
  0.416320130542371     
  0.328805603869585     
  0.349334082783934     
  0.350266196492092     
  0.384892809497981     
  0.278457938564266     
  0.341373356917856     
  0.307041778645119     
  0.425251672610135     
  0.306143143809218     
  0.372672363583285     
  0.350079694041811     
  0.400011470881531     
  0.422220321474695     
  0.386972004046934     
  0.349399275359783     
  0.351144313399882     
  0.274212450852264     
  0.285794223211961     
  0.324977643731296     
  0.325390223215219     
  0.325312452741453     
  0.294043195610510     
  0.287982747219560     
  0.357979754547748     
  0.317774580797385     
  0.348975974754159     
  0.321627928465204     
  0.319486369135136     
  0.334085321714893     
  0.397265593743782     
  0.309453556189651     
  0.322905893885574     
  0.335295066254883     
  0.319172182857143     
  0.273645194971017     
  0.406409132673249     
  0.363395356036805     
  0.331494972040471     
  0.256934900431114     
  0.328083073039118     
  0.434394662005558     
  0.367400925979819     
  0.348032567267767     
  0.345386745028254     
  0.330992493259007     
  0.381546414934429     
  0.271003324570583     
  0.411885587691019     
  0.341106298773324     
  0.378948338166353     
  0.364363759284198     
  0.299411557828545     
  0.282842173337099     
  0.324311360535086     
  0.376958888606688     
  0.323061070277552     
  0.417837313528870     
  0.391885972972308     
  0.424957716195437     
  0.294190298767305     
  0.337251193995019     
  0.382218249786607     
  0.305669359883816     
  0.365246064465022     
  0.275240150240598     
  0.292990671337978     
  0.323312343079242     
  0.311538677235751     
  0.372709477512767     
  0.397733333094277     
  0.391981516550779     
  0.392942856498457     
  0.294522343068262     
  0.312596952004139     
  0.415269314310347     
  0.263571152065544     
  0.333966135068372     
  0.426189715814777     
  0.375804424165340     
  0.283928091297912     
  0.342722521404304     
  0.372841069085016     
  0.413926193046804     
  0.403298958883054     
  0.326681475259160     
  0.309025219347325     
  0.400601797567046     
  0.307041497262112     
  0.488606890798689     
  0.364048135969391     
  0.343060785560488     
  0.276161695415663     
  0.387484588319628     
  0.435130141133708     
  0.388759534820013     
  0.407810605916042     
  0.366999585334130     
  0.345321772912259     
  0.404120640984456     
  0.426307044141884     
  0.380011703574384     
  0.369280938627755     
  0.342174915890030     
  0.338282957305774     
  0.430278987718465     
  0.326996694080333     
  0.372124110755278     
  0.380906906348049     
  0.333572072067286     
  0.376822496055273     
  0.401609450961850     
  0.417562756123516     
  0.475774688268645     
  0.313756553735542     
  0.329672327702929     
  0.284007265402562     
  0.356299735460312     
  0.357649820792748     
  0.325342679149215     
  0.296802554927885     
  0.390290482632107     
  0.397713467669307     
  0.293982293639337     
  0.392012840102926     
  0.330567805697670     
  0.343405059130017     
  0.285438494219693     
  0.390515160043897     
  0.326294979111855     
  0.252721758171063     
  0.465374138376387     
  0.340998077502306     
  0.380955952270507     
  0.349974563671846     
  0.322719602522647     
  0.406765240651977     
  0.258708768554648     
  0.393255115038021     
  0.317474027625300     
  0.338782563408884     
  0.325405705316437     
  0.269839082046220     
  0.336085560053782     
  0.358300273736869     
  0.390373481640635     
  0.344714251397409     
  0.293278764830543     
  0.352886462159605     
  0.374065586265680     
  0.345947466203996     
  0.314819437895005     
  0.315427924349439     
  0.320038155334687     
  0.360306615384043     
  0.370704775116634     
  0.378689454820970     
  0.273812099241675     
  0.423985067770159     
  0.283291201313358     
  0.334614600264989     
  0.278722949902391     
  0.272646385114579     
  0.376697950619047     
  0.335672064676340     
  0.337418932005412     
  0.415058488999481     
  0.463595562908895     
  0.397933476742669     
  0.374258325539024     
  0.350438293925746     
  0.352313494378568     
  0.317189887965433     
  0.354048992349252     
  0.389835362536677     
  0.369414955617259     
  0.334646064447510     
  0.351250599052479     
  0.352217652271033     
  0.302065355181124     
  0.430639204546209     
  0.331892274995455     
  0.298550144099834     
  0.345197373868437     
  0.321134376269170     
  0.374662223741731     
  0.347305904334000     
  0.317409432581370     
  0.367404038675337     
  0.375761144619500     
  0.349802359513187     
  0.381586476900162     
  0.301251370422597     
  0.346838066372214     
  0.428020467313135     
  0.401732342062036     
  0.354224948242576     
  0.287009798995345     
  0.395278860132968     
  0.393163272650257     
  0.305169839247426     
  0.349383236112733     
  0.364638125567243     
  0.331864417027550     
  0.344766926278338     
  0.333851002271520     
  0.360672211766059     
  0.366571800475921     
  0.402470829896558     
  0.387760187362012     
  0.297623835712816     
  0.385971022847975     
  0.341952060502328     
  0.371599680698363     
  0.314122084371875     
  0.350458847721759     
  0.343782033065968     
  0.411259627226079     
  0.319394799733025     
  0.464268995999021     
  0.434272755075448     
  0.365872507141176     
  0.333709798105273     
  0.338052959238017     
  0.317107129958305     
  0.337718669878869     
  0.316403464120228     
  0.405058402444211     
  0.389454886193842     
  0.388638892243548     
  0.297220860126260     
  0.342419194023284     
  0.339437835456355     
  0.395169337564090     
  0.327243293031919     
  0.353677482688074     
  0.388465776827615     
  0.424085262372216     
  0.334682003379143     
  0.265113056429185     
  0.378746131829724     
  0.345172498831831     
  0.333433421645650     
  0.375706980676771     
  0.292382561145968     
  0.355103359187871     
  0.412584301183877     
  0.275022423824763     
  0.481535516477115     
  0.341093418500427     
  0.264855247565516     
  0.383475041455219     
  0.401351022142713     
  0.387370461010208     
  0.299217462098991     
  0.296148576319345     
  0.353931144702673     
  0.340381045458861     
  0.307675345444952     
  0.314046664796405     
  0.280138992823110     
  0.416294497622209     
  0.406232666137862     
  0.322476076989791     
  0.399929410070626     
  0.361580403160107     
  0.409315771469621     
  0.314838533350838     
  0.420933316914952     
  0.371485636895673     
  0.368673141817538     
  0.401427985533438     
  0.409954000712837     
  0.296071069049601     
  0.346195464886484     
  0.362399313495557     
  0.330434822383947     
  0.350146253515966     
  0.373892856368116     
  0.402516461950312     
  0.396472166866178     
  0.317102030481091     
  0.370007025212562     
  0.377257811041599     
  0.452793083201131     
  0.368792385772928     
  0.372807794862335     
  0.381862443325002     
  0.359616629662901     
  0.310386216550201     
  0.398459946981808     
  0.346610807435260     
  0.342509376118034     
  0.358834793108811     
  0.344138460554623     
  0.300868187840159     
  0.317963054943596     
  0.364981712094071     
  0.348855863495939     
  0.445534478296470     
  0.452108414976682     
  0.310261235446569     
  0.372763563111105     
  0.358146496560486     
  0.399911481030607     
  0.341645168861544     
  0.344540166986136     
  0.335139174670538     
  0.359168140400568     
  0.397217246121053     
  0.385173919194565     
  0.314936586961267     
  0.313109098329385     
  0.320651076119133     
  0.327736956165591     
  0.414870157183670     
  0.330291325482243     
  0.421768590620787     
  0.353201525453380     
  0.372520019107557     
  0.354757164138473     
  0.349322711509578     
  0.401854810308356     
  0.437851194635770     
  0.311886055164220     
  0.316110799956579     
  0.387231661759526     
  0.392712907650809     
  0.296157741620409     
  0.392639486702482     
  0.333182667102762     
  0.323391991552756     
  0.414213003161043     
  0.312630071627289     
  0.359504600394659     
  0.334932599861248     
  0.348447572990593     
  0.347828340557038     
  0.329658447487600     
  0.328231250379817     
  0.379913410730882     
  0.308852523668033     
  0.405781219714725     
  0.359483725224032     
  0.328970794846183     
  0.371933924943818     
  0.322528283676290     
  0.354512372143773     
  0.354294594315356     
  0.373675013993091     
  0.313483775573857     
  0.336907627034081     
  0.342227532607581     
  0.344414153139895     
  0.419393527116249     
  0.295985562819725     
  0.352557855635369     
  0.326179716978776     
  0.331402601378126     
  0.355481813085553     
  0.359078388713280     
  0.434633315926324     
  0.406024842442545     
  0.385198896711539     
  0.335203546744340     
  0.325579311038383     
  0.408463564572026     
  0.302171402609495     
  0.406848606126043     
  0.342916873912380     
  0.336580990539232     
  0.354204080240156     
  0.353766403313102     
  0.358306678057522     
  0.395560740128145     
  0.325122586824233     
  0.346180632176880     
  0.343768122289200     
  0.317961136265546     
  0.284878327835457     
  0.357772187086342     
  0.365659111940959     
  0.352844490284465     
  0.405190700006094     
  0.336393090738533     
  0.296006403405860     
  0.310687897959110     
  0.310588191970474     
  0.401428796483480     
  0.417664002749768     
  0.327341776031250     
  0.320149461556080     
  0.349558109286961     
  0.387956311712663     
  0.328120313539076     
  0.326487040857437     
  0.400767292219510     
  0.345571629295704     
  0.366040685172841     
  0.408297623575230     
  0.388070361708518     
  0.411021110948590     
  0.302789910763829     
  0.425887394900188     
  0.370979771858839     
  0.286052902630278     
  0.366576243456059     
  0.349663755473310     
  0.328711710179244     
  0.534010030498070     
  0.285579605140369     
  0.496258430788451     
  0.310452942990790     
  0.264139495125788     
  0.345150962889604     
  0.336155431245157     
  0.348398492339441     
  0.353137070924628     
  0.377038766629566     
  0.297563471270363     
  0.319981695571533     
  0.396747441033862     
  0.427242835491207     
  0.339045897611671     
  0.412441515526311     
  0.419608804482951     
  0.349417968160430     
  0.382394945990515     
  0.293230413554833     
  0.352515100104961     
  0.342197744111263     
  0.347877080444804     
  0.393035333666120     
  0.382970035645791     
  0.328950915241873     
  0.355427126645604     
  0.347734434867609     
  0.349741090989918     
  0.268189980597573     
  0.398744244043566     
  0.328383995910926     
  0.337386957944013     
  0.484462900527992     
  0.279834732272635     
  0.235675693014907     
  0.300312358356206     
  0.441087343180831     
  0.322030558806495     
  0.335840849039343     
  0.355944820542976     
  0.333723863592085     
  0.356775493066621     
  0.413262902518955     
  0.256153359782878     
  0.283461476655330     
  0.337975809135145     
  0.366020047154888     
  0.358835127416392     
  0.438125452466557     
  0.379287866496374     
  0.365269808660492     
  0.320446693332670     
  0.369227391558163     
  0.358255013071264     
  0.399672113246638     
  0.419928563257219     
  0.379045314162687     
  0.344444070848767     
  0.330438845340377     
  0.325673014015706     
  0.393466511590157     
  0.368351205502637     
  0.348600308041981     
  0.278565042993381     
  0.367234993511612     
  0.404015543027575     
  0.323843099689343     
  0.350940910452012     
  0.396103306188065     
  0.307359274555308     
  0.387015869130265     
  0.339595715080451     
  0.324632288884531     
  0.386457539681299     
  0.309581454418672     
  0.375957346934479     
  0.348284009135641     
  0.366528462377030     
  0.375868764669510     
  0.319817289018846     
  0.358260886400611     
  0.351789787153039     
  0.309501379326069     
  0.354086513282649     
  0.360548369390697     
  0.326497924813454     
  0.507759300132712     
  0.342156357996560     
  0.464288385615500     
  0.413204637125531     
  0.343922552636750     
  0.432270704795944     
  0.308871823051365     
  0.409721747461801     
  0.333348429301391     
