  0.211565467878319     
  0.230540208243046     
  0.217831296990896     
  0.208753748730092     
  0.231892584605792     
  0.222092780971196     
  0.208991164370967     
  0.232167655447018     
  0.226583402372860     
  0.215370047731876     
  0.204141901268178     
  0.215736823200616     
  0.235853235758300     
  0.218714075441201     
  0.211514679920748     
  0.210885913098157     
  0.216896576295741     
  0.229249574110558     
  0.232157815470323     
  0.231013073627286     
  0.222716082587543     
  0.254471373568507     
  0.232239954650744     
  0.211193487578424     
  0.239349410358602     
  0.215080575997174     
  0.232376506789262     
  0.236636622810268     
  0.223573924720626     
  0.242009758983047     
  0.218942818828551     
  0.223945374278876     
  0.227299795664486     
  0.222712632712722     
  0.219167392828329     
  0.228901154247400     
  0.222365987429179     
  0.218648083717122     
  0.231038504662320     
  0.223193673596727     
  0.203988596716282     
  0.217167677797994     
  0.226658984737352     
  0.218769236636556     
  0.223546551042825     
  0.220875642721997     
  0.235198227425138     
  0.234381665733251     
  0.219724263093127     
  0.214478147966800     
  0.231417289312248     
  0.223575551612562     
  0.225207987368315     
  0.203377375029272     
  0.210139894113707     
  0.219899462512322     
  0.211708542415749     
  0.236557523874667     
  0.220418965489537     
  0.229114252818360     
  0.223427956181897     
  0.202882381033320     
  0.216084363120975     
  0.232066235083320     
  0.235551040067467     
  0.211517581298969     
  0.233311227781588     
  0.208134000521694     
  0.204024192695541     
  0.221577606442503     
  0.218040743755349     
  0.206545108552378     
  0.239386492450561     
  0.223608349188002     
  0.218069512597198     
  0.230354051095383     
  0.223858319472134     
  0.210628754780866     
  0.237393197678863     
  0.237850232443187     
  0.229557121651796     
  0.239454427006149     
  0.225790374360741     
  0.219099335992491     
  0.236570045444183     
  0.223138786834512     
  0.234418514897791     
  0.236294467636176     
  0.203421534446751     
  0.227636345980340     
  0.206769173686421     
  0.218149191371601     
  0.217198353114060     
  0.220081526118336     
  0.220273902794204     
  0.223605507158757     
  0.208010272456444     
  0.214605091847792     
  0.212631990406507     
  0.216543131979020     
  0.230473608870530     
  0.228543840958712     
  0.225278501097017     
  0.236049789744312     
  0.216318265851758     
  0.216709569115599     
  0.227666167168888     
  0.212082613937703     
  0.216122251521516     
  0.199217791834266     
  0.202683239799246     
  0.229734181168871     
  0.234758528176088     
  0.215519330425952     
  0.214046557726874     
  0.221924171357780     
  0.220775258169973     
  0.216858808646746     
  0.218880170001878     
  0.216240300390438     
  0.235976034591503     
  0.216429035813890     
  0.246718377836568     
  0.218315623873791     
  0.214952246922213     
  0.208432527645459     
  0.226766301841753     
  0.236142911602072     
  0.258870129578594     
  0.211878799349625     
  0.225529942245089     
  0.212034706545411     
  0.222405290601056     
  0.213260546440324     
  0.233718310818515     
  0.229656349789009     
  0.226816984281985     
  0.245122183852719     
  0.223750903609864     
  0.212766237484822     
  0.226971133722789     
  0.223587161320018     
  0.225729993859582     
  0.227009756336632     
  0.227247603812268     
  0.216715309197270     
  0.249706801250615     
  0.231878791684390     
  0.226839120290925     
  0.211943516965681     
  0.232729236201668     
  0.241183708109707     
  0.226979909535902     
  0.242818353244165     
  0.221311036009258     
  0.215215687446325     
  0.229692102300850     
  0.235312162320863     
  0.216074783985894     
  0.210038891464073     
  0.218388631233246     
  0.237851420442603     
  0.228185411355426     
  0.235036887052182     
  0.216196004184222     
  0.227653705130114     
  0.209510189655890     
  0.226364730552493     
  0.209950621411990     
  0.223820503596913     
  0.219158156380990     
  0.230557101400298     
  0.230638216562298     
  0.226459729210885     
  0.219933911167743     
  0.232152780189382     
  0.215360696386471     
  0.213915876128936     
  0.205977338543913     
  0.216460629784390     
  0.218637655307003     
  0.214969031210265     
  0.206706359084251     
  0.239737219079875     
  0.226515383245138     
  0.216898081263582     
  0.215645422081952     
  0.211573420929679     
  0.219724883570702     
  0.215094144669060     
  0.206915198685099     
  0.249585228414250     
  0.205045644287256     
  0.218147254255249     
  0.216228393464921     
  0.206605270763534     
  0.197544598199589     
  0.214157637057043     
  0.219446542407679     
  0.239901591993060     
  0.219186334108777     
  0.227248173740458     
  0.241327958596098     
  0.238626155179864     
  0.223041542532605     
  0.222448311933328     
  0.235214771161219     
  0.209111058977516     
  0.228511151284587     
  0.206437277398732     
  0.228145080675192     
  0.194311587113111     
  0.225665424968960     
  0.214178889105004     
  0.209370350433350     
  0.205556402897531     
  0.239524590083220     
  0.209508729439990     
  0.227041880852523     
  0.245063942161431     
  0.222562081642306     
  0.230901979155907     
  0.217418816600523     
  0.228962532038158     
  0.227080838619369     
  0.191474269170267     
  0.218178999442223     
  0.210596647391088     
  0.231483373589034     
  0.212855524965228     
  0.216330377114641     
  0.218449175667990     
  0.221152739736028     
  0.222760322664487     
  0.218261940443954     
  0.221969136638829     
  0.215688823115316     
  0.205681159709186     
  0.235113092793535     
  0.240383760226079     
  0.212924211792800     
  0.211033404877787     
  0.225830412977826     
  0.238822174935587     
  0.217959682458976     
  0.224844809704843     
  0.206491419520274     
  0.217404231991351     
  0.227300884446889     
  0.226166213954699     
  0.217557981725280     
  0.220752293328499     
  0.217721206516887     
  0.214351606909029     
  0.201077061503458     
  0.223846510033045     
  0.217139469359974     
  0.226867072138032     
  0.228402093564598     
  0.235145412274376     
  0.216888151091792     
  0.207603674966271     
  0.247042916562150     
  0.213651916458449     
  0.239166853640217     
  0.221762678569233     
  0.230409360388084     
  0.233391005259085     
  0.221221419132589     
  0.223606372005805     
  0.225048162080714     
  0.223426604653246     
  0.229086631037791     
  0.237238709896908     
  0.233467406026809     
  0.230936463165635     
  0.233033444065027     
  0.212257990103149     
  0.215360863588733     
  0.218001052616696     
  0.221705345437262     
  0.227999745660811     
  0.210291384341573     
  0.233357401239627     
  0.228660410550115     
  0.237529719398400     
  0.218290711490823     
  0.216728485334704     
  0.215063952924016     
  0.218702094242687     
  0.237762636982562     
  0.223992530953893     
  0.232732617226215     
  0.225775600254090     
  0.214466907091308     
  0.232151490091542     
  0.216506411508875     
  0.217930113188791     
  0.202165474185872     
  0.216696252997009     
  0.211912060259060     
  0.228675247031582     
  0.222844170190104     
  0.217180076744703     
  0.210106511898891     
  0.237269372483436     
  0.214742911290064     
  0.224323236277022     
  0.228926300749907     
  0.217195279252784     
  0.210879832087689     
  0.214294985528428     
  0.223182028365513     
  0.208445033064118     
  0.208575212128229     
  0.222952187161279     
  0.222971571845572     
  0.231692622386915     
  0.228244851975401     
  0.208233319339744     
  0.218313179859789     
  0.228769247233798     
  0.229396629874663     
  0.238912122463866     
  0.202591277369267     
  0.225188933843097     
  0.246607569063177     
  0.217684148649860     
  0.232041361018210     
  0.222067604330121     
  0.241684893413356     
  0.219304106247176     
  0.240216659905530     
  0.218684271688610     
  0.200548077092305     
  0.212058688326850     
  0.215836868704380     
  0.219767983604902     
  0.236892762286874     
  0.234876793537150     
  0.245675722609766     
  0.222889817868175     
  0.211734446794313     
  0.216802470798271     
  0.207937950992313     
  0.225433794809076     
  0.220843223514827     
  0.216037370624949     
  0.244540210857033     
  0.226244117315820     
  0.235074666070870     
  0.233644456513022     
  0.219668600727978     
  0.201144654964543     
  0.235346020738589     
  0.222163658439500     
  0.212696933421751     
  0.236413280846285     
  0.194177729165461     
  0.234076039434417     
  0.224735081473102     
  0.221339370873695     
  0.201361203494144     
  0.224147352309978     
  0.240635201214870     
  0.232455734949812     
  0.224779617482266     
  0.194306002978776     
  0.209227546455100     
  0.230043973047816     
  0.229673256946148     
  0.243774444912474     
  0.233449338449596     
  0.230434653312299     
  0.231524629332602     
  0.226834215208688     
  0.216830891376302     
  0.220966264691559     
  0.216487273949818     
  0.218331665461739     
  0.228433739319640     
  0.228248389528523     
  0.222228212176457     
  0.209903814419501     
  0.212149241814828     
  0.231820875885978     
  0.238261686422957     
  0.222747863311892     
  0.215004616541571     
  0.232398028381980     
  0.205360778037807     
  0.215245522090415     
  0.224450441641799     
  0.220286492213877     
  0.228567996612409     
  0.202372103470717     
  0.221451104697243     
  0.240389849594931     
  0.236208629030298     
  0.223110807619708     
  0.215727766560264     
  0.221498962515555     
  0.218294356317260     
  0.219562284454411     
  0.198961862534484     
  0.225164146572884     
  0.207987468644833     
  0.228191908152103     
  0.224973843260171     
  0.224374865020407     
  0.211334624011829     
  0.232735983518674     
  0.229103572242409     
  0.228095941000419     
  0.213504372724161     
  0.221727620497082     
  0.245202095898692     
  0.226985444794916     
  0.213551252804087     
  0.224100852082899     
  0.220662957756110     
  0.217143620068573     
  0.236589193053731     
  0.221651428244896     
  0.230479189768434     
  0.225371155709557     
  0.236348145249705     
  0.219019622903592     
  0.230477645178995     
  0.224966545274032     
  0.206174377870618     
  0.197407566471330     
  0.234383899839272     
  0.231744871941583     
  0.216622657374117     
  0.219835060813209     
  0.232677924543363     
  0.223809534322400     
  0.205528191456413     
  0.216326775180471     
  0.204650844188826     
  0.224938383894588     
  0.237205015093836     
  0.216702599877573     
  0.223143849414025     
  0.232383697826993     
  0.224373867020681     
  0.220756754072933     
  0.208812721611381     
  0.203932260083500     
  0.215464441502812     
  0.238764568225205     
  0.208274137268432     
  0.223280137202392     
  0.215304699654918     
  0.226992908845167     
  0.222139085376501     
  0.231568889156170     
  0.224183879554177     
  0.226466124353388     
  0.222624287339207     
  0.232743435909232     
  0.229617004097956     
  0.225769202314604     
  0.214761728002927     
  0.226284333522473     
  0.235739637834069     
  0.214160679974608     
  0.225236301520649     
  0.230632423459055     
  0.235036270521390     
  0.222601451579640     
  0.207984486848319     
  0.213463915678581     
  0.233493285734107     
  0.224401601492413     
  0.232295945529520     
  0.232627815628923     
  0.210803840105907     
  0.240593787019805     
  0.213770033897651     
  0.211757406022976     
  0.221210195375458     
  0.246844282926899     
  0.238590573290627     
  0.219733422039954     
  0.235998692459680     
  0.223234429688646     
  0.218788993618074     
  0.221304901678649     
  0.220664854941487     
  0.213246723832600     
  0.221516311626361     
  0.223554685787249     
  0.224044991686806     
  0.209069621166498     
  0.214278623380792     
  0.209927109388311     
  0.232238458921183     
  0.202801075123997     
  0.211387824371151     
  0.231572176722149     
  0.220965160375172     
  0.207010581121788     
  0.212778107352265     
  0.226491757526486     
  0.229047637806144     
  0.210375861719787     
  0.222517138334424     
  0.218236275189739     
  0.225854152386310     
  0.223862364521736     
  0.234649954242637     
  0.210787448561966     
  0.213319095948301     
  0.215806243558036     
  0.204135331281344     
  0.214442210412610     
  0.222990454087495     
  0.231242654326384     
  0.231922749942676     
  0.223986396778725     
  0.217240144099202     
  0.219132624196013     
  0.216628939627891     
  0.231984586573395     
  0.201794560454521     
  0.216541921638315     
  0.242803003890885     
  0.224043638385711     
  0.234410512053084     
  0.229153993548271     
  0.221502113277818     
  0.223653628433387     
  0.232382644995314     
  0.221001385342083     
  0.218971654410828     
  0.224942362152124     
  0.216836395823081     
  0.214244094446940     
  0.240135747514781     
  0.229394671948545     
  0.203409230745971     
  0.223549063338665     
  0.228443968292530     
  0.224888337232796     
  0.226499770065989     
  0.224889352867726     
  0.229252405226284     
  0.218805905502386     
  0.225298395774753     
  0.227567357314674     
  0.234963957330955     
  0.234418196235223     
  0.203727181969405     
  0.217141594152298     
  0.206751913197241     
  0.229480082935644     
  0.232258726249265     
  0.221016687415487     
  0.218281334832664     
  0.220657717900187     
  0.210592076642256     
  0.220649955405072     
  0.234422059653845     
  0.232107180729491     
  0.216818808820097     
  0.248334993616264     
  0.231520966864535     
  0.231296376039418     
  0.229011379491548     
  0.233901401291721     
  0.234280207913940     
  0.217681494639246     
  0.220132784801651     
  0.214279640034008     
  0.240628140324342     
  0.212137099324862     
  0.217860005914957     
  0.231364288433463     
  0.224977157393250     
  0.228267956943912     
  0.231181009845783     
  0.236062813553496     
  0.228762705607165     
  0.219030043862511     
  0.228943090355560     
  0.225598898480767     
  0.189108191906706     
  0.236337534775393     
  0.217106849232950     
  0.238928737342308     
  0.210458034998272     
  0.218108103669891     
  0.212816165272779     
  0.210707520423850     
  0.229871639278903     
  0.218191550912791     
  0.214373085094279     
  0.218610532589761     
  0.220288019600294     
  0.225585345460279     
  0.217909594704108     
  0.221121335136342     
  0.247991864089038     
  0.231993002390925     
  0.232459628475174     
  0.208486804594858     
  0.207974656717879     
  0.220485258234366     
  0.225407442112273     
  0.221386705612798     
  0.232241779849346     
  0.229707899926680     
  0.223586872468476     
  0.226502800464276     
  0.219145317105118     
  0.221025424155149     
  0.224058203280781     
  0.217560972858077     
  0.216766122440057     
  0.226827761379853     
  0.216561185036056     
  0.221677293324585     
  0.224843636789194     
  0.225685424585093     
  0.224471615883869     
  0.217216586479233     
  0.221164808773854     
  0.214702835589295     
  0.223516271131485     
  0.235787667423615     
  0.217235184968058     
  0.218023171632575     
  0.227338761251966     
  0.235481940482745     
  0.212809377894909     
  0.218979188450611     
  0.204982421105932     
  0.219367792061895     
  0.211952492840339     
  0.238800375592419     
  0.238185944756766     
  0.217550454988873     
  0.227086831676066     
  0.216493689837490     
  0.221890640456973     
  0.210118381662169     
  0.212027520074082     
  0.207909660902681     
  0.211250208577854     
  0.224085878027512     
  0.223079828980868     
  0.205393826863079     
  0.218377041857300     
  0.217006907665434     
  0.222226106454591     
  0.244605670382893     
  0.212895668307074     
  0.220452361916965     
  0.224197751052970     
  0.217491859814123     
  0.209337559727883     
  0.215825258492620     
  0.245462933423014     
  0.225441677849471     
  0.239154167468361     
  0.232678815842708     
  0.235554515284622     
  0.206563903237396     
  0.221768236850062     
  0.224639655441071     
  0.221176054087640     
  0.233311814705412     
  0.205683270686164     
  0.217483054330891     
  0.213654095295248     
  0.218787770762429     
  0.214399507771952     
  0.225320860079080     
  0.202342495574229     
  0.225661240586028     
  0.218901678397929     
  0.207862719992210     
  0.224512334209335     
  0.230742350132873     
  0.224824975238034     
  0.219247293806416     
  0.222280858062410     
  0.208533473680422     
  0.219128424005505     
  0.225547215017044     
  0.225009600765481     
  0.219631327895387     
  0.220699893863300     
  0.222094368389219     
  0.213397052825178     
  0.219728583799800     
  0.231539732812093     
  0.236937852866223     
  0.224565416901019     
  0.229518661493234     
  0.204739425228804     
  0.227204220407289     
  0.234599373122759     
  0.241334822966061     
  0.223096511877461     
  0.226952316736137     
  0.201604000031954     
  0.234084476428264     
  0.209774034255520     
  0.201994282150692     
  0.213295380998083     
  0.248528821048834     
  0.225883902012168     
  0.210398467301518     
  0.210217768105845     
  0.223092550319964     
  0.213650807198723     
  0.233956197153669     
  0.216858535410089     
  0.205113991042563     
  0.255178363855325     
  0.219208176190175     
  0.227239692078552     
  0.236658303937464     
  0.225859064466765     
  0.228567100217922     
  0.226638150784549     
  0.218859139140443     
  0.212824911828943     
  0.232675942124660     
  0.234889884583911     
  0.234796212889202     
  0.195100092173299     
  0.234276825206540     
  0.229179603916568     
  0.222465645032143     
  0.223466820689998     
  0.213259703446028     
  0.241378295437313     
  0.235469339191914     
  0.243211345341812     
  0.220519781637759     
  0.217440955551435     
  0.219853263986738     
  0.230212314424964     
  0.205680683689815     
  0.213115646541036     
  0.215010377317817     
  0.220106751942852     
  0.228761806371986     
  0.221234378517370     
  0.217413435986626     
  0.205371187507638     
  0.234237008891630     
  0.214583819039594     
  0.224357953838018     
  0.223730536598478     
  0.216631842903686     
  0.216998119606407     
  0.225383206465466     
  0.215734172264830     
  0.232419085570807     
  0.212065303794397     
  0.241665556357386     
  0.204017753836936     
  0.215630470757341     
  0.213216798277611     
  0.210850478682448     
  0.222972203234563     
  0.234392194466556     
  0.244801981343231     
  0.218316082612352     
  0.219363200100494     
  0.220151685817720     
  0.221395619032870     
  0.209781346984692     
  0.233664673855514     
  0.241516019721249     
  0.232446090182840     
  0.230530081713306     
  0.213357365858851     
  0.228654103445124     
  0.224819490322929     
  0.218111742251076     
  0.213899044181552     
  0.221033098243763     
  0.238040502192416     
  0.211851036291076     
  0.229187444910963     
  0.235842432849938     
  0.210413698489843     
  0.240747555517235     
  0.212020835818056     
  0.224871426832447     
  0.211047968409691     
  0.223193843610644     
  0.223582932664432     
  0.233919278480362     
  0.230592757221404     
  0.210061013686548     
  0.226449989531060     
  0.205972445894288     
  0.239433650112938     
  0.219716953289618     
  0.224577916261358     
  0.217011326188103     
  0.234910244196614     
  0.225835857700880     
  0.232817453083103     
  0.211229955483470     
  0.222591672811062     
  0.237585079506746     
  0.231272171381940     
  0.241492994004718     
  0.217326827855020     
  0.216299445071625     
  0.225408172082003     
  0.231753650725781     
  0.225516654942728     
  0.195867344392665     
  0.238045297841466     
  0.216002563749647     
  0.224704513978660     
  0.240681407840075     
  0.219110200997261     
  0.215928768261475     
  0.240368814348363     
  0.216321855063225     
  0.221786812359125     
  0.224257154102606     
  0.221273892553658     
  0.220636792146882     
  0.224992598665761     
  0.216884010263906     
  0.233065579603232     
  0.220167978834811     
  0.212452128014231     
  0.220092444208423     
  0.233187555776924     
  0.213939444524755     
  0.219394072916244     
  0.221222165060567     
  0.198904466530561     
  0.220731239568750     
  0.234779989151565     
  0.224639436029852     
  0.212532931354298     
  0.226960070402566     
  0.214456112785590     
  0.225499063321678     
  0.216708849374625     
  0.215972777719679     
  0.216373626821676     
  0.235789208776846     
  0.217520929042721     
  0.227289078236096     
  0.229981750165814     
  0.208290256659251     
  0.222341661043384     
  0.218967329211306     
  0.238425543175563     
  0.215865861707504     
  0.216410342024873     
  0.242752966449055     
  0.223836478945374     
  0.225366177379449     
  0.238682455038551     
  0.223833473961601     
  0.210886102694288     
  0.220069944330537     
  0.220909917254294     
  0.215101892569362     
  0.220176003819280     
  0.209824629332007     
  0.224194787287965     
  0.207682750337421     
  0.208078814947460     
  0.225575769456807     
  0.210966563235106     
  0.227050756034017     
  0.226362534100775     
  0.225308379323014     
  0.198722899872851     
  0.204767538863323     
  0.220935313482484     
  0.226298939281398     
  0.214592375705358     
  0.218384388323554     
  0.209697882624684     
  0.212757863871430     
  0.220861823489380     
  0.228229702732544     
  0.225671849724145     
  0.221296765193490     
  0.228581384945679     
  0.204601206387118     
  0.202146664811991     
  0.237415243951560     
  0.229418182483600     
  0.215638738618076     
  0.232960361640759     
  0.226262292720284     
  0.214860094886841     
  0.202108291647320     
  0.229261870010215     
  0.216991596846428     
  0.233702672008338     
  0.226817456829557     
  0.228593101575516     
  0.228885829624064     
  0.217687536565436     
  0.214027736083367     
  0.216535473409262     
  0.237923144546656     
  0.241018301433627     
  0.213032602139951     
  0.226278373731398     
  0.230746318239616     
  0.227280632331443     
  0.216619574464027     
  0.201162775825901     
  0.208634104739166     
  0.212417270140112     
  0.219895075160762     
  0.229089945047441     
  0.216035094526771     
  0.226132802090690     
  0.227183742708876     
  0.234522007573075     
  0.206486088174297     
  0.210135641122114     
  0.224875923937537     
  0.226849239883314     
  0.217257583755940     
  0.223634475644531     
  0.230244694620403     
  0.228292745744310     
  0.224190051224338     
  0.218207923490368     
  0.218519397735943     
  0.222787673028685     
  0.223525619248084     
  0.205182125367097     
  0.233621930584596     
  0.219154714698313     
  0.236451848921777     
  0.222779567839508     
  0.237532577656247     
  0.219442041808167     
  0.235434011134828     
  0.234576283025330     
  0.208955635144592     
  0.216628217065349     
  0.212625466278182     
  0.241694948413823     
  0.224064957906357     
  0.217592523540901     
  0.238895749447051     
  0.239653706693394     
  0.217368210038395     
  0.196765526454833     
  0.233927742583510     
  0.227972910376981     
  0.219471378465845     
  0.226998373447866     
  0.230672345791939     
  0.222480433642168     
  0.219767189391475     
  0.216617316329655     
  0.215932327181997     
  0.235377903541064     
  0.211070168426674     
  0.229663101195276     
  0.224017966714236     
  0.214313971472309     
  0.214060610853276     
  0.229785909475325     
  0.208359933085137     
  0.238189992191261     
  0.220462420300753     
  0.212469744168654     
  0.219985134666641     
  0.231969239965661     
  0.221040777884008     
  0.211860564159240     
  0.225731576952454     
  0.216364129078332     
  0.220171876157913     
  0.219294579361339     
  0.207532322521946     
  0.222088130640424     
  0.240729951151742     
  0.223814184423276     
  0.221349932924064     
  0.233242142695192     
  0.210623284544676     
  0.241811549957411     
  0.238585708910860     
  0.136554903799993     
  0.159858269100506     
  0.134241335359310     
  0.158588023699991     
  0.156298317095035     
  0.131471412529851     
  0.140151287171417     
  0.164421466208028     
  0.152124781758541     
  0.151108100023016     
  0.127353542453161     
  0.135424148057139     
  0.182175444001083     
  0.159034444029705     
  0.137098943934680     
  0.154707118864279     
  0.156484179206329     
  0.174156852017848     
  0.175676358677274     
  0.159567387322354     
  0.158379613767115     
  0.209977143487230     
  0.153251989291544     
  0.143461813794953     
  0.173752790444495     
  0.144306109006104     
  0.149988006399753     
  0.166867181152082     
  0.164488376496840     
  0.179057098251753     
  0.149843919070651     
  0.149228211696233     
  0.170917771751098     
  0.150174497925548     
  0.177869249759316     
  0.202548797884434     
  0.144323429912258     
  0.141333993563893     
  0.184167632775221     
  0.157502097555904     
  0.139108631581272     
  0.154562502713500     
  0.192182159073255     
  0.145331797281961     
  0.145418696934904     
  0.131500946165312     
  0.178813532564962     
  0.193590328089408     
  0.147432273508591     
  0.130005700165505     
  0.149189094356852     
  0.140644886518079     
  0.142231218661864     
  0.120837336225992     
  0.133327430633626     
  0.160317257335177     
  0.132107991643396     
  0.153247738288151     
  0.156089117624831     
  0.149781370697686     
  0.154330991451071     
  0.126147578556586     
  0.143368757204706     
  0.157531285242566     
  0.164560055180166     
  0.148804006497743     
  0.166135777162769     
  0.134150404165127     
  0.131871021244116     
  0.152108282938659     
  0.156303734898403     
  0.150375630652459     
  0.187590017675027     
  0.192659312065390     
  0.140426854000750     
  0.165389206714874     
  0.180329150396805     
  0.123703708983034     
  0.173311281758110     
  0.161999389989930     
  0.176550178582477     
  0.170733377777339     
  0.160284566661178     
  0.140471332816102     
  0.178377020390860     
  0.144568374958106     
  0.166589438289834     
  0.162867617044914     
  0.152410265329496     
  0.137667422577794     
  0.141890014303874     
  0.150303770562284     
  0.138993076940353     
  0.155058631920802     
  0.144458644648935     
  0.171403099008279     
  0.155354111429620     
  0.156304567438083     
  0.146048555743751     
  0.115540301572593     
  0.160692934865705     
  0.195937613803636     
  0.149397606107059     
  0.172308737994850     
  0.132225583628326     
  0.148104408693759     
  0.166917418748357     
  0.130891525088878     
  0.129152914307942     
  0.140714914762400     
  0.126247503482559     
  0.173197864927978     
  0.185615662004339     
  0.146541285996307     
  0.131306696848236     
  0.164444777598325     
  0.155284359173673     
  0.134475448657474     
  0.162670894439133     
  0.144416238174640     
  0.164979059231525     
  0.142674914757776     
  0.186777943807642     
  0.150415677003974     
  0.132510383378144     
  0.144179640725162     
  0.146782776367931     
  0.189997841757529     
  0.229317306543424     
  0.144596000825703     
  0.130050599230194     
  0.142322241262568     
  0.144351492976380     
  0.133075319759372     
  0.174957121776196     
  0.192293336319483     
  0.162756216881615     
  0.179590514889501     
  0.177415227480840     
  0.138296730929071     
  0.173462344285259     
  0.168540513754568     
  0.147746425283717     
  0.155151719853475     
  0.152448984514998     
  0.137288128662730     
  0.193698422329486     
  0.166955834180155     
  0.170310484093645     
  0.129735216273536     
  0.193192131766978     
  0.156394409052708     
  0.160343256903079     
  0.199407245802471     
  0.151823100738329     
  0.119890999902996     
  0.148970986710267     
  0.171919348342058     
  0.154031316547698     
  0.137642854097128     
  0.137980999821739     
  0.159791096679752     
  0.147570846367352     
  0.145919990707834     
  0.132239564528623     
  0.158550833427407     
  0.135662987269938     
  0.154094447278586     
  0.140715270711153     
  0.170478458931777     
  0.148486774962573     
  0.167070560506671     
  0.163291568987469     
  0.168621799877206     
  0.135618796948662     
  0.161089379045290     
  0.173168198258307     
  0.134780834438394     
  0.136458152342864     
  0.165554964451194     
  0.152264979918926     
  0.143851963217466     
  0.130271816697585     
  0.184233664175289     
  0.177312367407794     
  0.153091799263650     
  0.150982165737948     
  0.145842854147812     
  0.157388255137028     
  0.151434435187939     
  0.148206995486444     
  0.169868520805119     
  0.129430068141832     
  0.149644374415494     
  0.135480691457380     
  0.126875166794031     
  0.143969409262097     
  0.156664633527547     
  0.150995165873869     
  0.185662063650309     
  0.158116278518742     
  0.183807251804974     
  0.183179947987074     
  0.178183473747973     
  0.153917384062610     
  0.143540368343252     
  0.188325954091860     
  0.119680206704711     
  0.157704115585659     
  0.126248517717101     
  0.156367163002929     
  0.125570922277776     
  0.154105940063704     
  0.135442855154218     
  0.157189740477431     
  0.138093636284178     
  0.225344405981990     
  0.138462732231814     
  0.171528847949770     
  0.173947619907794     
  0.155212502453971     
  0.149976956858995     
  0.172415017641806     
  0.145840142632577     
  0.137362715180330     
  0.118597962762304     
  0.140471258774460     
  0.138656888949177     
  0.156116633253042     
  0.156240460229172     
  0.168450346321371     
  0.157837802833511     
  0.156173886266576     
  0.156520219167181     
  0.157147966519902     
  0.152741804585281     
  0.120533766524977     
  0.146046641836817     
  0.201378693621996     
  0.167161792524752     
  0.141054496056254     
  0.142459701380599     
  0.157200166440652     
  0.183390802154182     
  0.136379721113160     
  0.157639729182436     
  0.129874780423052     
  0.154132386785941     
  0.141721433205624     
  0.155414365466287     
  0.168000459038039     
  0.145044329535207     
  0.125733099126976     
  0.163600886582851     
  0.131253864027851     
  0.158528542339063     
  0.185478151866745     
  0.169653887752601     
  0.168879712978224     
  0.169656131648385     
  0.149498528111262     
  0.132956739409795     
  0.217597763664852     
  0.138675950266627     
  0.168058971816210     
  0.157144273703268     
  0.155870092764067     
  0.159949202300186     
  0.141660699578667     
  0.145151746833985     
  0.156275816205574     
  0.180018059704281     
  0.167838817015222     
  0.179598466596894     
  0.174416850726930     
  0.156291232748772     
  0.159134128947320     
  0.143170249161467     
  0.136549977214579     
  0.136348008621828     
  0.136905796216664     
  0.161712953495984     
  0.133092865222632     
  0.193964880562140     
  0.158753023524368     
  0.157566193643976     
  0.122717706053057     
  0.141552103605796     
  0.154486695860260     
  0.144156275987424     
  0.188471579575266     
  0.190902853049805     
  0.137227153622014     
  0.140861728740138     
  0.130194501448886     
  0.196628747647780     
  0.131617983501523     
  0.132113133343972     
  0.118231881663724     
  0.140928978921939     
  0.150832280943131     
  0.159397122882553     
  0.153796014170939     
  0.131053578398693     
  0.135730428863290     
  0.197952879113436     
  0.142510872878933     
  0.162811736763752     
  0.162833739166665     
  0.142390405093794     
  0.138777873081432     
  0.143733537020781     
  0.173110262807787     
  0.126156791308412     
  0.141732124591722     
  0.147500117785140     
  0.138961776434158     
  0.191899166250407     
  0.146136088136286     
  0.134879962759894     
  0.150358643732701     
  0.151795473268822     
  0.181859636529054     
  0.183673676954738     
  0.133799304406362     
  0.167768218718483     
  0.193801618679351     
  0.142639990216719     
  0.171006411726394     
  0.174907551197606     
  0.179420723465772     
  0.136820731479559     
  0.192557314650132     
  0.119978874121761     
  0.121536559053022     
  0.137920475036046     
  0.129313971150961     
  0.143841603475548     
  0.162071184368831     
  0.164817060200904     
  0.198755585786199     
  0.137147756831542     
  0.126632026835117     
  0.155268420769613     
  0.136300193724321     
  0.150710946126878     
  0.168300097025090     
  0.139313917059566     
  0.191283893068814     
  0.172656939407055     
  0.166049447983926     
  0.178334590804391     
  0.143003272067843     
  0.138803474145836     
  0.156654661291787     
  0.166953506924318     
  0.152846067522095     
  0.164117864851078     
  0.112415382119716     
  0.179704663345898     
  0.184710644912489     
  0.146414878630549     
  0.124618341041171     
  0.163988967873912     
  0.187475937385262     
  0.158457541417602     
  0.159594717839318     
  0.112908573734820     
  0.142668278239081     
  0.158163867992257     
  0.176360110853969     
  0.198110383411013     
  0.192865491581827     
  0.171305820550231     
  0.155589973476554     
  0.167590252372391     
  0.142302800908671     
  0.178518291256153     
  0.158716426374262     
  0.155640606753230     
  0.151872356370492     
  0.151809351923595     
  0.164613882747976     
  0.131697787238675     
  0.139437167088170     
  0.174540323736389     
  0.186120458440128     
  0.160952547841050     
  0.144984783098749     
  0.155749238892491     
  0.116505885036202     
  0.148269774319384     
  0.141277809256273     
  0.148579173711748     
  0.172892299919621     
  0.111813596432182     
  0.136965525096460     
  0.184959661929853     
  0.169235684876744     
  0.160170297113742     
  0.124745453889854     
  0.129091950000640     
  0.141741421953700     
  0.146903186993518     
  0.126612297284009     
  0.151243892249364     
  0.122453202390880     
  0.154313571346310     
  0.156598814626726     
  0.168664546940976     
  0.178028908424308     
  0.162045158959122     
  0.143662949918749     
  0.201904627158612     
  0.133574710680023     
  0.182378212360096     
  0.192762147427152     
  0.179132930621457     
  0.135907128690446     
  0.162086986839093     
  0.170208464185588     
  0.142943499487839     
  0.190501342590809     
  0.143382804732401     
  0.170815253834103     
  0.180615022039753     
  0.189088685813276     
  0.148774903220526     
  0.187160260033546     
  0.155856725313906     
  0.130536735863373     
  0.107642767481509     
  0.147052427433763     
  0.167325869673802     
  0.144499569276199     
  0.166123496806475     
  0.179590079539474     
  0.160004546681193     
  0.140019588238426     
  0.153566179998692     
  0.141812532204238     
  0.158493555898569     
  0.162991195441360     
  0.133095566720769     
  0.142074569515935     
  0.153853732092179     
  0.149887599187456     
  0.148915052983011     
  0.136987887989102     
  0.126112559165527     
  0.141078042546414     
  0.175386770387202     
  0.125503558195520     
  0.161842224805760     
  0.141953481477332     
  0.159285897114130     
  0.160767336499590     
  0.197893029684119     
  0.139917762266677     
  0.144962959965761     
  0.165367564439798     
  0.186496586800671     
  0.152066876242221     
  0.168311957882744     
  0.151027552406349     
  0.153210390226740     
  0.202345538820517     
  0.127675863568776     
  0.186824314373407     
  0.146435789731631     
  0.167497784014444     
  0.143452321521957     
  0.126505013925323     
  0.124898898654499     
  0.166649313835976     
  0.162236612357499     
  0.211064825001494     
  0.177714554089673     
  0.142569577423870     
  0.173685286920608     
  0.134282954951858     
  0.131129142309208     
  0.153231505031834     
  0.189563679691076     
  0.169400881852932     
  0.143939104438377     
  0.185057738475741     
  0.153195744966049     
  0.151116736589241     
  0.157217086540688     
  0.139612721370328     
  0.147298656852545     
  0.175101546710084     
  0.187407783598238     
  0.160175942407287     
  0.142646173945150     
  0.145708202904515     
  0.129040222239810     
  0.165451738898985     
  0.151029233595912     
  0.134730570026660     
  0.161855869756652     
  0.156862145500858     
  0.119611077787367     
  0.147636835335455     
  0.160215114549553     
  0.138262646513882     
  0.140598791437736     
  0.158581533070019     
  0.150635240120249     
  0.165942474888121     
  0.179619028075923     
  0.207599460498880     
  0.132836643983266     
  0.139174699383246     
  0.159960569160918     
  0.135354305715561     
  0.139351234768027     
  0.146877412080012     
  0.151633104128015     
  0.179623318148213     
  0.151807151081572     
  0.148906755354487     
  0.172507674902385     
  0.147900912932146     
  0.164366382986996     
  0.142316245526778     
  0.161188675374937     
  0.186692496616733     
  0.147003933810316     
  0.168287520475834     
  0.167601234203439     
  0.147779031353525     
  0.159952565320108     
  0.168081439491631     
  0.141591382029929     
  0.144868580711581     
  0.154318683625411     
  0.145026291131334     
  0.145836426871673     
  0.167712791929358     
  0.148266600403483     
  0.122979410439001     
  0.148119467817794     
  0.184031183345336     
  0.162323072960279     
  0.132477592359070     
  0.150956693696475     
  0.146763954010045     
  0.144450749512777     
  0.162075221831972     
  0.161258942645260     
  0.175570696801645     
  0.162631701969546     
  0.130773690799777     
  0.145688284381293     
  0.128746323839011     
  0.148748749158373     
  0.164452666706618     
  0.145718467081001     
  0.163821607710627     
  0.151328095350133     
  0.140705969283892     
  0.170202120059464     
  0.159358410512983     
  0.151076319889633     
  0.143609951447419     
  0.241623767624580     
  0.171803541006465     
  0.161412320002272     
  0.159312157830444     
  0.180068172921024     
  0.156091036294413     
  0.184752145951887     
  0.180039498550707     
  0.129752712223717     
  0.175757416202761     
  0.146449622603927     
  0.155060032558251     
  0.149698297558686     
  0.146269272620379     
  0.158552961120076     
  0.171824519343388     
  0.169354805676343     
  0.154529389512997     
  0.158314448998518     
  0.163927667333266     
  0.165993108108144     
  0.112039904740902     
  0.164744863094646     
  0.126171849750088     
  0.172342223365046     
  0.133780673575127     
  0.151810509080828     
  0.124627899041907     
  0.135289942046749     
  0.189847941012526     
  0.150795736973732     
  0.142844637790169     
  0.134017463650183     
  0.149792983281526     
  0.161080359263516     
  0.144150562678534     
  0.155445704187832     
  0.224446578084554     
  0.163929943758298     
  0.160864501292337     
  0.134164794100297     
  0.136107754255177     
  0.141654990147641     
  0.162133897526747     
  0.162048862984761     
  0.168156910939304     
  0.149381268428106     
  0.155214006805974     
  0.158812777708107     
  0.170966431740157     
  0.166578270221939     
  0.140182869522381     
  0.153617516391951     
  0.143217160315855     
  0.157633955880363     
  0.140917711324985     
  0.156490373437489     
  0.167499187400291     
  0.144682219938788     
  0.152646744723172     
  0.133612408840477     
  0.143206462921943     
  0.150388780718060     
  0.163126742611195     
  0.183317495977774     
  0.149467974781138     
  0.150426923694374     
  0.152022742249964     
  0.185484642490591     
  0.140063844458150     
  0.154853521156612     
  0.134410256199978     
  0.138150669534831     
  0.123209716327098     
  0.197961942225435     
  0.156218755630694     
  0.158919005158725     
  0.149147959650160     
  0.147875182070495     
  0.151780011500297     
  0.153254906908486     
  0.151062735976012     
  0.129883988229043     
  0.139975427250299     
  0.164767639007638     
  0.181671530855099     
  0.133670451792510     
  0.157713642483699     
  0.160969611911688     
  0.158596935908218     
  0.161184463383631     
  0.152366954620521     
  0.143341762356257     
  0.152330157904666     
  0.146032679380069     
  0.114189093936309     
  0.158328076421378     
  0.181589631780730     
  0.153143065712570     
  0.178568810799507     
  0.147863410629679     
  0.186827583768816     
  0.120369498759391     
  0.145194041353118     
  0.149274957298413     
  0.144033966933437     
  0.176973041965648     
  0.128526492195440     
  0.167768936087688     
  0.147835803974990     
  0.130162152707140     
  0.147391432065628     
  0.180894103476833     
  0.139289327577578     
  0.161436712126747     
  0.139618691720599     
  0.135896546427234     
  0.161024345844168     
  0.164001785585794     
  0.166504576946549     
  0.149545077455376     
  0.176873832962945     
  0.135247372592733     
  0.197809537877487     
  0.143852746701810     
  0.161157868714642     
  0.152002434030844     
  0.180007981485844     
  0.138279861683206     
  0.161799634239743     
  0.198696381899952     
  0.148398760050906     
  0.165389708789245     
  0.152904882037682     
  0.174395808479126     
  0.122969589170396     
  0.153127336922830     
  0.169573718025501     
  0.176940538554609     
  0.143395003168540     
  0.168213421802493     
  0.116011498885384     
  0.168723787521477     
  0.132539167697397     
  0.126620543888958     
  0.157487675386187     
  0.183486943408960     
  0.153668816256791     
  0.142428255311969     
  0.137337026176048     
  0.175317747368567     
  0.125094271178239     
  0.193775441953975     
  0.152573416187410     
  0.146742905517825     
  0.243417395094609     
  0.159116476864926     
  0.147815504677978     
  0.164485876777826     
  0.171551389988294     
  0.191763816298573     
  0.140114964119748     
  0.163978451929562     
  0.148621561870666     
  0.163468170928027     
  0.164551471144666     
  0.175615589120982     
  0.124493150810789     
  0.181075955835228     
  0.186590890237495     
  0.146974451894297     
  0.176339571688615     
  0.146062405565350     
  0.177754483872392     
  0.159535747750032     
  0.200250824938494     
  0.144365702060439     
  0.147165700056713     
  0.137023796789618     
  0.157516726197292     
  0.138632126890223     
  0.137685568741573     
  0.144568300065814     
  0.145960269114355     
  0.151042160808235     
  0.154061328495319     
  0.155988452738332     
  0.142192778195677     
  0.162282870137175     
  0.128310496987202     
  0.145851999994428     
  0.166335383003211     
  0.168772795955930     
  0.140499536497267     
  0.140128106576014     
  0.137887819801719     
  0.170457080653674     
  0.135215186644583     
  0.159615704645729     
  0.137097971741969     
  0.124586917325907     
  0.129211866201292     
  0.137655751704985     
  0.170065170858391     
  0.159643212399579     
  0.205021451947100     
  0.132348293735094     
  0.158567312499570     
  0.162578121733367     
  0.136678885507427     
  0.136604592670960     
  0.177387796076472     
  0.182965858529741     
  0.171540816078010     
  0.159609438925272     
  0.159551296715368     
  0.155466731800266     
  0.161372755661779     
  0.142543053629579     
  0.159849673986998     
  0.153700747354128     
  0.174504052481266     
  0.171675999402414     
  0.181311079645053     
  0.169326230053729     
  0.138271744720866     
  0.182385982455183     
  0.140136473870793     
  0.154645357462878     
  0.131135820794336     
  0.162836183626412     
  0.143744774745777     
  0.167549860116854     
  0.182827565070719     
  0.128697316749197     
  0.160219913346307     
  0.127188852911972     
  0.177630064204316     
  0.138010396459683     
  0.167449395812910     
  0.141657893299680     
  0.159843120851704     
  0.173074831993543     
  0.148416815339424     
  0.156912595375990     
  0.141792571699471     
  0.189680920100464     
  0.155699109270860     
  0.202282292630497     
  0.153304720127850     
  0.126743123427742     
  0.165880311745391     
  0.160601634753151     
  0.189773691675323     
  0.133652106825120     
  0.190141107439482     
  0.134007652588384     
  0.156242491125844     
  0.165341596557100     
  0.134769573403840     
  0.161451158715600     
  0.183693457067414     
  0.164632862267897     
  0.156574354297539     
  0.146642502660143     
  0.140318258170340     
  0.156560398365135     
  0.151774560849973     
  0.128955082578454     
  0.160401160278939     
  0.176962989901240     
  0.132527179020653     
  0.182925280702298     
  0.203269386706632     
  0.147299219532036     
  0.147050855625633     
  0.133765145349071     
  0.119695670543483     
  0.160321449512692     
  0.175594094718401     
  0.158934569666715     
  0.152702113336659     
  0.151005525260458     
  0.136661069614615     
  0.170472956010425     
  0.130200529064755     
  0.151487792555017     
  0.138022182929400     
  0.172522401625478     
  0.166920629059028     
  0.151109251573537     
  0.172164127882412     
  0.139964123160021     
  0.158782774394094     
  0.165186969741906     
  0.177442839552950     
  0.173907138357627     
  0.148298858556104     
  0.191855034010204     
  0.149779758516807     
  0.164557142380281     
  0.168316888463953     
  0.147092802201369     
  0.117591982657966     
  0.136355144555725     
  0.161093445396802     
  0.141125348857061     
  0.141070792237972     
  0.124085519609947     
  0.162196771115990     
  0.150492881177889     
  0.147799118244831     
  0.156171778462929     
  0.132902798648624     
  0.165594491894638     
  0.151405874047522     
  0.151223171871974     
  0.151693194765007     
  0.118533125218223     
  0.179026027727433     
  0.179775967750224     
  0.116971256293363     
  0.134855705988450     
  0.118622123487410     
  0.135807441704495     
  0.128199926454721     
  0.191762109311618     
  0.170489974485838     
  0.178380745421262     
  0.149663549459069     
  0.145907604400389     
  0.104467995296877     
  0.174384035399704     
  0.148465330217248     
  0.155387124144478     
  0.205687083574760     
  0.162207319047198     
  0.136751575148969     
  0.125321349248165     
  0.158261877641506     
  0.152080563725022     
  0.185461682857631     
  0.137043242678941     
  0.153124753551039     
  0.156773972050745     
  0.166647187247592     
  0.144713508257355     
  0.142921407818245     
  0.193007091989472     
  0.175000998820539     
  0.126386762979513     
  0.169068271986325     
  0.194084223364862     
  0.174855887360206     
  0.128371306297332     
  0.120444171175580     
  0.131130720117164     
  0.122237258299442     
  0.142233175968526     
  0.168776231216176     
  0.135704279691600     
  0.141919173672884     
  0.176454531188569     
  0.174851517603697     
  0.132623269989681     
  0.126067720947677     
  0.170538165004062     
  0.158077999808860     
  0.144288419579096     
  0.164910638034827     
  0.190687072434812     
  0.157622571059628     
  0.129004753444687     
  0.167124031619454     
  0.146822297306091     
  0.154966987369256     
  0.137299052264574     
  0.139491899066514     
  0.160557740957473     
  0.163464446986113     
  0.174228359441855     
  0.182561993637875     
  0.160933522916017     
  0.149169704720671     
  0.186754452804793     
  0.165437985982841     
  0.123996054931416     
  0.161952351765996     
  0.128575122373227     
  0.188079260050517     
  0.153967363314917     
  0.142231427469014     
  0.175630732449150     
  0.156053823554351     
  0.153019789137551     
  0.119310816807055     
  0.174983582670849     
  0.156449122059453     
  0.146057362513826     
  0.148736970593581     
  0.159653455457360     
  0.151846083768940     
  0.157242809233229     
  0.150627551178892     
  0.143516591122656     
  0.176516536855169     
  0.129643703135760     
  0.160803411232338     
  0.133941485869160     
  0.145038243705809     
  0.171995506304431     
  0.177053224933277     
  0.134975420729762     
  0.179810873033184     
  0.156430767504425     
  0.141794935536531     
  0.129508635228306     
  0.164218816070463     
  0.153941375650237     
  0.134593090457988     
  0.149726765584783     
  0.158888025329954     
  0.165074366693270     
  0.150537405977872     
  0.125515882165819     
  0.153016317662989     
  0.166071791950036     
  0.152491625961627     
  0.162594818845993     
  0.177825098906504     
  0.152748846697174     
  0.199657677191389     
  0.182914312902718     
