  0.153183328463795     
  0.155992295177456     
  0.158464835898631     
  0.166520775961702     
  0.146706202521728     
  0.155259230327332     
  0.162185118149975     
  0.164286187236473     
  0.160177037029652     
  0.155673204235444     
  0.159486671286463     
  0.155836023142939     
  0.162983041804874     
  0.170468551864829     
  0.170538899757359     
  0.159304368898518     
  0.162068561856375     
  0.156620977685165     
  0.161611229714686     
  0.152216281002824     
  0.153154952248317     
  0.170539345677097     
  0.147114010607801     
  0.155997485743116     
  0.147963176369461     
  0.157628119465962     
  0.154185511547132     
  0.145869897480871     
  0.171293112630266     
  0.156609969552891     
  0.162749655201706     
  0.153356089999961     
  0.161554172120501     
  0.168195805571343     
  0.160117842923983     
  0.153148439085523     
  0.143900498192733     
  0.161845628381342     
  0.164964847487128     
  0.151862505205406     
  0.159650254004096     
  0.143875573767043     
  0.155379493969476     
  0.163500475828220     
  0.167209340078716     
  0.163326326416673     
  0.158931623141125     
  0.156023076382598     
  0.159322498513805     
  0.153485943296190     
  0.149088114303651     
  0.155361018663948     
  0.156707078721691     
  0.140158191853900     
  0.153802202072629     
  0.151296773918906     
  0.155488378268516     
  0.171732346370436     
  0.162283978840868     
  0.152744583525729     
  0.147049240964782     
  0.156748869523303     
  0.158479691519443     
  0.150932847353216     
  0.175004692391177     
  0.159916121397578     
  0.153364948266749     
  0.162277317738611     
  0.153458517082155     
  0.148750539219813     
  0.148985399751890     
  0.164159407791675     
  0.157879919657409     
  0.146684876169105     
  0.160871621798049     
  0.163897140176162     
  0.151935868643740     
  0.142550564519460     
  0.163190340888935     
  0.147201739458223     
  0.151225181759251     
  0.152947431031120     
  0.170067597062866     
  0.155675412952603     
  0.139601615802521     
  0.152630996622660     
  0.165652445888714     
  0.154211732593590     
  0.154109381410315     
  0.159459768173895     
  0.143390469872831     
  0.163424944553173     
  0.146541245611932     
  0.158705473322942     
  0.144887423523497     
  0.152770014115094     
  0.133317982364234     
  0.159433394149005     
  0.151059138254645     
  0.160655390384357     
  0.160708861501022     
  0.142449177992872     
  0.153653368435030     
  0.140400660166329     
  0.154246439847984     
  0.156501094210027     
  0.149105725344872     
  0.157232564244747     
  0.147330898447842     
  0.161207816958016     
  0.166646977890091     
  0.156086758960146     
  0.160480663264606     
  0.151237267897168     
  0.158752945542965     
  0.156996305398368     
  0.158212291953023     
  0.162952926650611     
  0.173878548446205     
  0.151825423867257     
  0.162691244211556     
  0.172662997045758     
  0.158511211494105     
  0.164135428070615     
  0.148596894616573     
  0.171427845152513     
  0.176253812202181     
  0.148581710935210     
  0.164929985120242     
  0.159402611997379     
  0.155686773778571     
  0.166911989336151     
  0.150040231655596     
  0.147136157816760     
  0.156338285916640     
  0.167603682747554     
  0.153156602677057     
  0.146001628963764     
  0.146836503557635     
  0.152679810789059     
  0.154328054954421     
  0.159162692047058     
  0.150963122960893     
  0.163025948176742     
  0.165069081697386     
  0.148840205602126     
  0.175277075511865     
  0.153927513061657     
  0.155705057537259     
  0.154559471853083     
  0.164689174259804     
  0.157560216322441     
  0.155100053993522     
  0.156916458335565     
  0.160065564412879     
  0.141886881246143     
  0.148154185049314     
  0.161049281538658     
  0.150597948655520     
  0.159258266057691     
  0.151957476061948     
  0.154965848349630     
  0.162857819328532     
  0.154904755897715     
  0.161911253005933     
  0.160863413484260     
  0.161717015639658     
  0.147550065311387     
  0.170119779369659     
  0.163539505599178     
  0.152569060220636     
  0.162727205577359     
  0.160926700287299     
  0.154594108064414     
  0.172442309129247     
  0.149794324262661     
  0.155873631392451     
  0.159364658284065     
  0.156461116415307     
  0.151688018121869     
  0.149500077890151     
  0.154800350367187     
  0.159322726348191     
  0.155117417567101     
  0.143908427707351     
  0.153886452915852     
  0.148146437347274     
  0.160191553267679     
  0.157084627956861     
  0.151133941298829     
  0.171672642260978     
  0.148830103517355     
  0.155916016811645     
  0.150163730043639     
  0.148812294794558     
  0.141427982562856     
  0.158177337805994     
  0.166292264363145     
  0.167281432190174     
  0.149625476704911     
  0.149165923654535     
  0.159922987013131     
  0.155378455918312     
  0.158882458954544     
  0.156932742008080     
  0.150463103651729     
  0.149716918224190     
  0.145741910958042     
  0.143349044265069     
  0.153990848449350     
  0.160559363860376     
  0.144028666534422     
  0.151864025188651     
  0.164487137115079     
  0.158560455742119     
  0.145544921245577     
  0.160853180549822     
  0.161217336217440     
  0.163775178268491     
  0.152391150207587     
  0.165321239730985     
  0.159890195819906     
  0.168294789250664     
  0.166339648137570     
  0.143352604617699     
  0.146404540555043     
  0.137650299885871     
  0.149737645659058     
  0.157887829454432     
  0.148593670818912     
  0.177889535715902     
  0.162323520083621     
  0.157264145221138     
  0.150992671311516     
  0.151557476209963     
  0.178578885474978     
  0.154948659939895     
  0.150242218902406     
  0.155702859888692     
  0.156739609827228     
  0.155058040068185     
  0.156970646512196     
  0.166063602333963     
  0.151373733626522     
  0.156736757946634     
  0.147298425215539     
  0.161934866521165     
  0.140658026746147     
  0.158803138605096     
  0.160328527622212     
  0.159997044386830     
  0.156228551391722     
  0.159486970311120     
  0.164918613428815     
  0.161742682299252     
  0.170078851575157     
  0.147870195988870     
  0.161430419511400     
  0.145421494105408     
  0.168440920133128     
  0.158093649755054     
  0.149082389282127     
  0.159764245873128     
  0.158990356427417     
  0.143790520250822     
  0.160192507646341     
  0.154923468968662     
  0.145610131713548     
  0.165278380461594     
  0.149159112822451     
  0.159010611460837     
  0.156563360780120     
  0.131521944847460     
  0.169512739670304     
  0.154518156429959     
  0.160631950585459     
  0.162780438416591     
  0.135485795554851     
  0.160007212680391     
  0.151079749210706     
  0.161772292730065     
  0.155313987777998     
  0.170726745340922     
  0.151494987556093     
  0.159417582191970     
  0.162993705880163     
  0.154382128030783     
  0.155667926439209     
  0.155892756047901     
  0.159260088383792     
  0.165241872676941     
  0.155715224051466     
  0.156488841159676     
  0.141790345595737     
  0.145926231464595     
  0.148688160374621     
  0.153571260605200     
  0.158222601989073     
  0.155312354887898     
  0.171811353358891     
  0.165017733031606     
  0.173938845237314     
  0.158196823897018     
  0.158863425944175     
  0.164865511807973     
  0.156853076355025     
  0.158014277678109     
  0.145287557705001     
  0.151425800230376     
  0.177587853736009     
  0.166367525799589     
  0.153462957958409     
  0.160154221129660     
  0.150312994401056     
  0.151719380706089     
  0.154638204497546     
  0.149327078620822     
  0.165428153107931     
  0.154336238058960     
  0.171060781154249     
  0.139717189081333     
  0.167655879071721     
  0.153299308571436     
  0.167593136312749     
  0.156309280789279     
  0.164345087310207     
  0.156045975302610     
  0.154831795294092     
  0.161529531782416     
  0.150278040810793     
  0.148816157688542     
  0.152885041405770     
  0.151030892766212     
  0.168382906800058     
  0.159259917717867     
  0.159836946273891     
  0.151195699303689     
  0.150859469697158     
  0.169345272715421     
  0.163071545463133     
  0.141645083260058     
  0.163870719568236     
  0.154482479604418     
  0.152832408013368     
  0.165267572041674     
  0.142324992944172     
  0.177441171984574     
  0.152570803447318     
  0.150948067316503     
  0.145849332220135     
  0.167408532711796     
  0.158892764150845     
  0.160944073898784     
  0.144842027360341     
  0.153340941409554     
  0.161954111252320     
  0.157834811346293     
  0.152553775640064     
  0.161339529546121     
  0.157443400099831     
  0.167983150542489     
  0.159287774601126     
  0.156650056638245     
  0.155280502688702     
  0.163016027631387     
  0.149038158436348     
  0.169946709039713     
  0.160665578420494     
  0.146122666939028     
  0.152653438299179     
  0.157414783992597     
  0.157963437527264     
  0.145826833287305     
  0.160449904433589     
  0.150955106478529     
  0.151413905319453     
  0.155282917327100     
  0.164902657406048     
  0.158189854839882     
  0.152647466388379     
  0.163450755462991     
  0.155359869678971     
  0.148213448781901     
  0.172420105388352     
  0.149942175965403     
  0.147114196068553     
  0.182078651143285     
  0.150067750662873     
  0.161692652163044     
  0.156870900799374     
  0.149505903026872     
  0.158201847149736     
  0.145706521502354     
  0.159388766478365     
  0.163369131188757     
  0.168632769777346     
  0.171542102653602     
  0.152988489492345     
  0.165664697218754     
  0.153898356140197     
  0.151232891766893     
  0.159999643457501     
  0.166920410723868     
  0.146808788582837     
  0.165607161627554     
  0.150300456947181     
  0.146935410490310     
  0.156352469556732     
  0.162389512052925     
  0.165603719100997     
  0.163514029181028     
  0.151145858636680     
  0.148608938424296     
  0.159275143311624     
  0.167955635687512     
  0.147257680874516     
  0.166698417857348     
  0.164787145955752     
  0.166921047847024     
  0.154702843420707     
  0.152901518827368     
  0.160007414924954     
  0.148611731375105     
  0.149258719581540     
  0.159600992197294     
  0.158583598308439     
  0.149052584380551     
  0.155105766069823     
  0.162933909127984     
  0.150123548004277     
  0.156806953773087     
  0.150628987555299     
  0.174257348023688     
  0.154873207528458     
  0.153371331924754     
  0.143621500810339     
  0.157008507311977     
  0.148749397930343     
  0.159788385705330     
  0.152834112056213     
  0.160303426035201     
  0.166805285762233     
  0.161951248510582     
  0.133161534239401     
  0.157907637611815     
  0.152100565837067     
  0.152669885564071     
  0.155281331986547     
  0.156853355370546     
  0.178851816890819     
  0.164165688468019     
  0.173375304201708     
  0.153389612485363     
  0.161425891317257     
  0.168214566522048     
  0.157668951701619     
  0.150205475966216     
  0.148957134946722     
  0.182002338677690     
  0.134543983892434     
  0.152298981492992     
  0.175608096401032     
  0.165808660363053     
  0.161104504514121     
  0.168600418276607     
  0.161714350845020     
  0.156457280628846     
  0.147637102003660     
  0.152602710203629     
  0.148850098990699     
  0.159880664466503     
  0.165578080338283     
  0.153235637615635     
  0.169207870184803     
  0.141081873361207     
  0.156798567064843     
  0.148522474597274     
  0.171608643297451     
  0.151847635657198     
  0.166487564311160     
  0.137935760618744     
  0.166494125057767     
  0.157855360298960     
  0.147789185510167     
  0.160081647607324     
  0.154985762459325     
  0.155261068718631     
  0.166863014423484     
  0.144801384771108     
  0.159844308619650     
  0.150208373526975     
  0.159719595462174     
  0.163561965597587     
  0.161499204346439     
  0.131611967589645     
  0.171525274304330     
  0.151654950494461     
  0.156361169854141     
  0.160009016079922     
  0.151438450618492     
  0.168223895257674     
  0.160942005048726     
  0.158981216983321     
  0.168811089758653     
  0.158526336387337     
  0.157950380592918     
  0.155728957812244     
  0.166719914051349     
  0.159849069015737     
  0.158792339085029     
  0.153631226873451     
  0.158547108246512     
  0.161147294331188     
  0.158692742494131     
  0.159797564866180     
  0.159278323470333     
  0.166906789378891     
  0.170336299464584     
  0.141371264464271     
  0.154719893146051     
  0.158111768371795     
  0.158630505515464     
  0.153258023948541     
  0.147525604039522     
  0.173320145496540     
  0.168779769804968     
  0.157915429598266     
  0.153034294370693     
  0.153742695497491     
  0.158139176060382     
  0.147119404694346     
  0.141793180885969     
  0.158501514210812     
  0.150884596939695     
  0.150527673136361     
  0.161951346238783     
  0.154414453613374     
  0.145087075779577     
  0.172318288699891     
  0.153079218881070     
  0.170028662169387     
  0.156056167146892     
  0.153186084803271     
  0.145129492735080     
  0.145750414999290     
  0.176134143777031     
  0.161454717879887     
  0.148050898749100     
  0.152065402625602     
  0.149462338470280     
  0.160019315861968     
  0.142486301964709     
  0.156783712376446     
  0.155996330243056     
  0.140882980532224     
  0.155903714782726     
  0.151084821840133     
  0.166042711508873     
  0.167374546331116     
  0.161124040323399     
  0.162019529445256     
  0.163959382698614     
  0.157430473919319     
  0.159256625121500     
  0.165709581255103     
  0.159003873719522     
  0.148287464057507     
  0.150885485588676     
  0.167811010619582     
  0.160408234818632     
  0.157251973972469     
  0.153541480656025     
  0.163419193760563     
  0.160275535818380     
  0.151767492995215     
  0.166488045956093     
  0.157424322040719     
  0.168695564356070     
  0.156611172861763     
  0.164269273500478     
  0.155136746242228     
  0.163647832327009     
  0.160240957139130     
  0.164933938495985     
  0.144503480710116     
  0.145200084282727     
  0.165385766234479     
  0.165561364444394     
  0.152091697292768     
  0.151603498991214     
  0.152110128210701     
  0.148944015535325     
  0.164449971244697     
  0.171838032647664     
  0.170975165893677     
  0.147802745357172     
  0.145496117020091     
  0.154617644928682     
  0.160352712275501     
  0.160774032098373     
  0.165752356739451     
  0.160024408640109     
  0.155160776554575     
  0.166002632781999     
  0.150336166874932     
  0.156655757842394     
  0.156499766694196     
  0.166041517597878     
  0.157844350164110     
  0.161566667071798     
  0.179145585600925     
  0.139383485369894     
  0.165507813846509     
  0.158305629084565     
  0.153078488800935     
  0.166265863513388     
  0.161447786605344     
  0.149507167033753     
  0.173016383254678     
  0.145732690521679     
  0.157871726979133     
  0.167793238269862     
  0.153476165118157     
  0.173137561528749     
  0.159207824590994     
  0.171624307098546     
  0.146771966860150     
  0.161656132556364     
  0.158837865995266     
  0.161224740641620     
  0.167402707032735     
  0.149421931469072     
  0.149655993043766     
  0.157795739424256     
  0.169577906648812     
  0.162883220662073     
  0.161975433130885     
  0.156654649055304     
  0.173308499294690     
  0.162594311567596     
  0.158889990252068     
  0.155366684198825     
  0.144519435879411     
  0.148990724193114     
  0.158186586052173     
  0.163464377095295     
  0.166132968953852     
  0.155466504358975     
  0.169474415763330     
  0.158719860709217     
  0.147773895745439     
  0.149347423341877     
  0.153189491440199     
  0.148489477039845     
  0.161323566838169     
  0.166445100520414     
  0.170558094492209     
  0.155272352672380     
  0.147538035817760     
  0.154430589236988     
  0.146126213616996     
  0.150354127689774     
  0.161040348628306     
  0.170830752214379     
  0.153533120506406     
  0.153432809120838     
  0.164171569926861     
  0.169218718436386     
  0.156847280730944     
  0.151595203649235     
  0.156189477609212     
  0.173324137844146     
  0.163243535597624     
  0.162000083231093     
  0.159562528051298     
  0.158138325748480     
  0.166136551895072     
  0.160125063931862     
  0.149367896703979     
  0.152787962418835     
  0.162002504771503     
  0.161828191800776     
  0.150961160154637     
  0.163644277264086     
  0.150129548936055     
  0.162420827239114     
  0.150964873985988     
  0.148209380801061     
  0.147496252151486     
  0.156391919775401     
  0.142396450250778     
  0.163678042842033     
  0.161349294630693     
  0.156337742663438     
  0.144009461854341     
  0.165535571184975     
  0.154418846378138     
  0.157747098092369     
  0.152021479561737     
  0.151956573505664     
  0.173761252042180     
  0.157369668972809     
  0.155607243066036     
  0.161034185408200     
  0.161526718485128     
  0.148520501586092     
  0.159237504802244     
  0.157137316923478     
  0.149015682484161     
  0.167513167078867     
  0.161221418738155     
  0.166286743696161     
  0.156833243004891     
  0.131290515938415     
  0.158677799049319     
  0.169185070548841     
  0.154840627295944     
  0.152552857363830     
  0.156785773377639     
  0.172718035044797     
  0.162629095677300     
  0.151692292502945     
  0.164153414530758     
  0.167088917203878     
  0.154069321151215     
  0.158476935094532     
  0.164857876747505     
  0.136793925219715     
  0.138302458781149     
  0.166421987328213     
  0.150308628102525     
  0.158823809998346     
  0.153858942296262     
  0.149461646512427     
  0.152122161221551     
  0.160637336967166     
  0.146246656853416     
  0.151267712801177     
  0.146409875257921     
  0.166403203705639     
  0.155327798552781     
  0.161680166815079     
  0.148691518614100     
  0.159277518006403     
  0.158639055759335     
  0.140808309277283     
  0.171446183954767     
  0.145251743982873     
  0.170325375024398     
  0.170428283693921     
  0.166293135634308     
  0.161715320733593     
  0.153765299507277     
  0.168624437005340     
  0.154503034449246     
  0.176554184785290     
  0.158246948018253     
  0.145074330294258     
  0.162152023520586     
  0.162472151899893     
  0.162429300861042     
  0.172753262332356     
  0.157200941677279     
  0.158414461070970     
  0.160418374609700     
  0.161813935384371     
  0.158128440068636     
  0.166173815239570     
  0.162100982501002     
  0.161898718549694     
  0.171037927030977     
  0.167173854781793     
  0.159549998608161     
  0.155122129571014     
  0.170297689597816     
  0.160335662988949     
  0.158234938360474     
  0.168248390306906     
  0.154932447680652     
  0.155017295201069     
  0.161974504316650     
  0.158694720084652     
  0.152283902434029     
  0.163597283654973     
  0.162274812822893     
  0.149464565857799     
  0.171826608938718     
  0.152511065096373     
  0.158945946018685     
  0.158342716985342     
  0.161611648102205     
  0.152505822531227     
  0.152891214658759     
  0.156878894026346     
  0.152491481317981     
  0.152807793535647     
  0.161553542995235     
  0.156104241748377     
  0.149467802884847     
  0.158079650341223     
  0.156338065583944     
  0.145470519481659     
  0.166461063974725     
  0.142764365075426     
  0.154927525728952     
  0.164234377872885     
  0.152597140668399     
  0.168781505472278     
  0.144347660853591     
  0.148459889744340     
  0.156263983493941     
  0.149278648793202     
  0.157749283360528     
  0.161482715432500     
  0.149706193991718     
  0.168427855540201     
  0.158166233803268     
  0.149050857935386     
  0.171831152293932     
  0.166971190770486     
  0.155400456055385     
  0.156788903493415     
  0.155411384241738     
  0.146613610262732     
  0.158372739294866     
  0.151125936370746     
  0.159915769598888     
  0.144565607231426     
  0.177030610240885     
  0.162542266182778     
  0.161342559477415     
  0.157966181128257     
  0.148471918775550     
  0.156286374132940     
  0.159210107106309     
  0.160683753710848     
  0.155731778959810     
  0.158559618448896     
  0.162265111442065     
  0.156761528451445     
  0.162105603124963     
  0.161712295838050     
  0.141072268765296     
  0.157930769124185     
  0.144324547179953     
  0.153083140645694     
  0.163686511787887     
  0.159544669785711     
  0.164207310627211     
  0.145925463892578     
  0.155547137131402     
  0.153946709524091     
  0.161858037976632     
  0.163344084059417     
  0.158157890523793     
  0.166323778697880     
  0.165201108266131     
  0.157668401340979     
  0.156174945426574     
  0.166095061268507     
  0.157260003177188     
  0.145111899983369     
  0.153370590970670     
  0.168456536438874     
  0.161842560971533     
  0.154174806611106     
  0.152922195646620     
  0.154032646802740     
  0.172379731770134     
  0.151832051468471     
  0.153216411218378     
  0.158624381182371     
  0.150256101057163     
  0.140037887139420     
  0.145895799534775     
  0.149754623698684     
  0.152448443331639     
  0.168967753838227     
  0.173185445795087     
  0.160505161240855     
  0.159885394286658     
  0.162727891570573     
  0.156460943810438     
  0.155654530332920     
  0.150948059571593     
  0.174339798223409     
  0.153004186996229     
  0.144268465488495     
  0.155250117364835     
  0.154622721797618     
  0.159212931124266     
  0.145811287691824     
  0.153910967086627     
  0.165122636658010     
  0.148184623794791     
  0.162541784409467     
  0.153396835430737     
  0.165241866784773     
  0.155620783844464     
  0.144710188556697     
  0.143779356194780     
  0.164995303972186     
  0.147848943531851     
  0.154504570276602     
  0.142377033953444     
  0.158593423798110     
  0.154046443269855     
  0.158326990349130     
  0.152719021794402     
  0.155486539331388     
  0.158638652717618     
  0.151962918211424     
  0.148883172407103     
  0.153447634316204     
  0.172545735218826     
  0.166538849530440     
  0.167799760423153     
  0.154370687590900     
  0.154918524950649     
  0.150297003543899     
  0.152283436105856     
  0.159345981501057     
  0.167429295686537     
  0.172486250253508     
  0.164021023224407     
  0.150277299113143     
  0.156673794747454     
  0.153007115172859     
  0.148350243521325     
  0.160497934006898     
  0.165378641445219     
  0.161019273224819     
  0.154141567565768     
  0.166161534696445     
  0.152476758026914     
  0.138795585783192     
  0.149665926887341     
  0.151702081763730     
  0.153288863172902     
  0.140792839301627     
  0.135520822426393     
  0.169962693239461     
  0.153276448194745     
  0.145391791580983     
  0.156580027362032     
  0.150473441836948     
  0.155111806529462     
  0.150550189549934     
  0.146765834040461     
  0.178572540993327     
  0.165665552995242     
  0.162920992363119     
  0.149912203577670     
  0.152127311376847     
  0.159412366291630     
  0.154713049968141     
  0.147541145453391     
  0.159312430308000     
  0.155437053460305     
  0.153142654644805     
  0.162102881920557     
  0.155339993444190     
  0.163330045023814     
  0.163978923924242     
  0.147065628154017     
  0.152917183682713     
  0.166320848982306     
  0.165166362042569     
  0.148685260590576     
  0.147026456164370     
  0.167214213314361     
  0.150349554247630     
  0.147037076273365     
  0.163291563343919     
  0.144942823569455     
  0.155913025250740     
  0.155909722395765     
  0.153383979114466     
  0.153733651604955     
  0.168313981702008     
  0.160392646782012     
  0.150045048301672     
  0.149458379999685     
  0.151454042962077     
  0.161015333591158     
  0.143504734940662     
  0.149516682345857     
  0.141871776384554     
  0.148110089304955     
  0.162376903461980     
  0.157442237214007     
  0.150623039672070     
  0.159598136865619     
  0.155978773928113     
  0.158553697961607     
  0.174418096493938     
  0.153726900583862     
  0.147268774766579     
  0.155351639787985     
  0.142109149160502     
  9.399461010018514E-002
  0.104105180673081     
  0.105097872327429     
  0.116793562876087     
  8.684467866669733E-002
  0.100387021376167     
  0.113884401405791     
  0.124168266590926     
  0.116208950393192     
  0.115357575773624     
  0.118271882152045     
  0.111242375087031     
  0.118965513090367     
  0.140947265304700     
  0.116885524249626     
  9.983611370409531E-002
  0.103228891736812     
  9.040469263510172E-002
  0.129250537816799     
  0.102139542364877     
  9.820318458646286E-002
  0.145120808457635     
  9.133668756691876E-002
  0.105306138663558     
  0.107499812186574     
  0.107784956371869     
  0.100329815421675     
  0.101746247632446     
  0.133589016252764     
  0.119100482334321     
  0.149076169063984     
  9.393930579488878E-002
  0.117039510086824     
  0.110188217326561     
  0.101352523873063     
  0.109380426416441     
  8.236984697581458E-002
  0.119359008885684     
  0.108250604008062     
  0.104234149143143     
  0.148462850637439     
  0.102613500859838     
  9.551493736457474E-002
  0.126492261968396     
  0.149214766798558     
  0.114853416867148     
  0.116470947650726     
  0.137766678252573     
  0.118223022961557     
  0.106916196169035     
  9.400030400142108E-002
  0.103986441600355     
  0.109313257845789     
  8.113487090098929E-002
  9.043560328464234E-002
  9.672948411101592E-002
  0.111429934150289     
  0.125091049267848     
  0.127407372051638     
  9.594017079535760E-002
  8.511817439320721E-002
  0.117206472811858     
  0.108909239267151     
  9.228857536841088E-002
  0.137870867848133     
  0.117832238376621     
  0.116086474838842     
  0.121373515892079     
  0.116489794505709     
  0.100232028296789     
  8.791114772979529E-002
  0.108366125961049     
  0.113217161957732     
  9.454323046579305E-002
  0.128195121797893     
  0.123543733354438     
  0.101365898695068     
  9.093416727898403E-002
  0.106370240714084     
  8.612831097513525E-002
  9.923247708341890E-002
  0.111110210311641     
  0.127079091801165     
  0.103110861644234     
  7.890482032452696E-002
  9.943856420964113E-002
  0.119597845635328     
  0.108614083097278     
  0.115684262164707     
  0.115748182175262     
  8.470350573293975E-002
  0.112614896896301     
  9.725238382048822E-002
  0.108487943511260     
  9.864343601949273E-002
  0.103194666412289     
  8.516359654568303E-002
  0.140596236149333     
  0.105647243268398     
  0.114882662917094     
  0.132925135629387     
  8.639447920240190E-002
  9.069559195473929E-002
  8.293601137981296E-002
  0.106974803299333     
  9.614978601441508E-002
  9.511709013078334E-002
  0.116640202102157     
  9.135752310806602E-002
  0.106831714641824     
  0.108558611281308     
  0.107031780992013     
  0.110945475575473     
  9.310807957533755E-002
  0.124496715010292     
  0.110838617496430     
  0.148238609551480     
  0.128372230521148     
  0.127845342363419     
  9.817355966042528E-002
  0.113374988180430     
  0.136331036171970     
  0.102171712669472     
  0.114224245513469     
  9.680127497578321E-002
  0.123874388137124     
  0.141135181786357     
  9.520633985105161E-002
  0.129241597971606     
  0.120793257739374     
  0.120259360824896     
  0.112160388624053     
  0.113444697852371     
  9.937145612403965E-002
  9.476973324486643E-002
  0.113920360518023     
  0.102258491006236     
  0.103695597057319     
  9.966430640780478E-002
  0.110522406530554     
  0.111831541105114     
  9.084304404998413E-002
  0.100620270374574     
  0.116518855994115     
  0.135915250656156     
  9.913905335493653E-002
  0.133746552589269     
  0.103545240213999     
  0.126071394419261     
  0.108945360996986     
  0.110560633693317     
  0.104573832690328     
  0.102539231011518     
  0.118699540438690     
  0.112944771297296     
  8.100344604498852E-002
  0.105650555159352     
  0.128052853659437     
  0.107639537890869     
  0.116667635121000     
  0.111208953716712     
  0.111268735249304     
  0.116553110841823     
  0.104510123946196     
  0.113054473960709     
  0.104689903294021     
  0.110063016040133     
  9.661926131590368E-002
  0.114791187711582     
  0.125853541713036     
  0.115112919794597     
  0.116098681664212     
  0.107959219421777     
  0.119464651081945     
  0.106384322031546     
  9.723027596326514E-002
  0.105347707715692     
  0.144257109826106     
  0.124085339327779     
  0.104380834314481     
  0.101344097905070     
  0.107307982930938     
  0.115862636651123     
  0.108624270210848     
  8.511568110475633E-002
  0.117243519197743     
  8.945955110943438E-002
  0.116176147188603     
  0.114327745384568     
  9.586255234481152E-002
  0.115669769384283     
  0.105736715197825     
  0.109804501072704     
  9.639973643945934E-002
  9.327846379958049E-002
  8.949150535644751E-002
  0.106336330182789     
  0.127956027310600     
  0.115636894105460     
  9.720530232414165E-002
  9.687448098138010E-002
  0.119271064160635     
  0.100143976386208     
  0.110634305096170     
  0.116964961331907     
  9.041460715132600E-002
  0.123223317093036     
  0.109070855477764     
  0.104572017263531     
  0.120759141948984     
  0.120815815508791     
  0.108007561354274     
  9.595906497865223E-002
  0.116583328980037     
  0.123486740765733     
  9.126516425470876E-002
  0.119612892127230     
  0.121592056525379     
  0.119434350661558     
  9.642535247148015E-002
  0.119687962550519     
  0.111967799899459     
  0.117196108771157     
  0.111446922245077     
  9.714304823884487E-002
  9.188501176550685E-002
  8.691457832883877E-002
  9.417867328529515E-002
  0.118526421745213     
  0.108755004568512     
  0.140651735701879     
  0.105051666781074     
  9.958519595837660E-002
  9.232170529033208E-002
  0.106333391833994     
  0.127090867624657     
  0.100777505190782     
  0.114030916628549     
  0.113714997136174     
  0.112872026464295     
  0.107231893751560     
  0.118798539711647     
  0.118836443131551     
  0.101602797839952     
  0.117923324271748     
  9.000923540917791E-002
  0.119516283082741     
  8.554088892228863E-002
  0.113349184664732     
  0.112256473987586     
  0.108181185551815     
  0.114935436503288     
  0.113168253141140     
  0.113751972329477     
  0.145357021637360     
  0.119318315056800     
  9.649864291780949E-002
  0.113820405864345     
  9.593717034472900E-002
  0.114006737761416     
  0.126145328782457     
  9.378268436847349E-002
  0.111484053645693     
  0.104104891206666     
  9.551511688091514E-002
  0.124976536511284     
  0.105316031006995     
  8.709326015988002E-002
  0.117495275082748     
  0.103523750641069     
  0.114136187640872     
  9.455953349201107E-002
  7.249220008647092E-002
  0.129876164940116     
  0.113777659452195     
  0.117228566536555     
  0.113760955948847     
  7.786100832973014E-002
  0.116813738651899     
  9.642715780472393E-002
  0.118881120304487     
  9.946689976150229E-002
  0.174376934058999     
  0.109710917717711     
  0.140584804096917     
  0.123110090635574     
  0.115092666096161     
  0.106373430695799     
  0.105378584396550     
  9.858591969730741E-002
  0.109854538124371     
  0.113310954011400     
  0.129072754248681     
  9.024005722696264E-002
  0.100230003722234     
  0.105171997868306     
  9.390916038085023E-002
  0.119853996777295     
  0.108773128502186     
  0.134672693371700     
  0.126653385947765     
  0.138898217915787     
  0.108915505869359     
  0.113089962795774     
  0.111206093793085     
  0.101550446402062     
  0.110459192624002     
  8.174327577620866E-002
  0.101443827605652     
  0.147324778054873     
  0.122375082306778     
  0.107614633196384     
  0.109178049100876     
  0.116692181455856     
  0.100573425254080     
  0.103686129011861     
  0.110105543754657     
  0.117946916922959     
  9.841829136552829E-002
  0.118664694211162     
  9.424482490383537E-002
  0.132642772843873     
  0.114644759504823     
  0.131341689803827     
  0.104015383007102     
  0.148694564974045     
  0.117003137819003     
  0.108130652004861     
  0.118391380077004     
  0.104716446988301     
  9.085428935658746E-002
  0.113848668887277     
  0.106082215203184     
  0.142488962651709     
  0.110821600611513     
  0.103056407487114     
  9.558798963897652E-002
  9.823968291560571E-002
  0.133581130554937     
  0.125227136078634     
  8.905065089628589E-002
  0.114020082744236     
  0.101386387775932     
  9.323915363878742E-002
  0.114299941815614     
  9.342703896956062E-002
  0.133309939291358     
  0.117523268436895     
  0.109115452583231     
  9.628759912105837E-002
  0.126433835031026     
  0.113764982517764     
  0.106706908601502     
  9.583523187222399E-002
  0.100289250775781     
  0.124806926203539     
  0.107498316943828     
  0.118672675728067     
  0.108196951717619     
  0.112700156919631     
  0.155608524389482     
  0.102157010631682     
  0.115387460807578     
  0.104794542995747     
  0.127498705633698     
  9.028326635586978E-002
  0.118135803856361     
  0.101846344677180     
  8.859235223406955E-002
  0.118038647032910     
  0.105311722437030     
  9.945651123959724E-002
  0.101318372062282     
  0.110723972894520     
  0.102691742743903     
  0.120673776007469     
  0.106483222552717     
  0.127781168952057     
  0.113296372525506     
  0.116491558362209     
  0.121011423802700     
  0.107368717265946     
  9.448607863313048E-002
  0.121032909168450     
  0.100427029247453     
  9.064345886176194E-002
  0.151897430477314     
  0.108334889911959     
  0.103239743331745     
  0.119288531858621     
  0.104189731155399     
  0.120721072036386     
  9.184517767287866E-002
  0.118657337996841     
  0.121566879864342     
  0.134582168473834     
  0.131802101016052     
  0.101735127854515     
  0.133092693263212     
  9.065695585331213E-002
  0.100469740138985     
  0.126673768377419     
  0.118881235872441     
  8.924034672024068E-002
  0.111304289793451     
  0.102593943301566     
  9.383926543069761E-002
  0.102498717400584     
  0.118868994394358     
  0.123372061112268     
  0.115563706843450     
  9.753000945829426E-002
  8.994512157624357E-002
  0.126256322869067     
  0.132357007994551     
  8.923809451683584E-002
  0.129857156809721     
  0.115209256810739     
  0.124075590688182     
  9.606008337393886E-002
  0.109894454961886     
  0.121814093141887     
  9.524460288678710E-002
  0.100036748239944     
  0.105917570408457     
  0.108283471739174     
  9.542795926314057E-002
  0.103991514378177     
  0.112609450837808     
  0.101776797405816     
  0.115460208245409     
  9.581158307831006E-002
  0.131701083348401     
  0.113529285772860     
  0.107761138727066     
  9.477178596466748E-002
  0.107080428152373     
  9.245533876587640E-002
  0.118548083356508     
  9.222760044398109E-002
  0.130085386145950     
  0.128259522003692     
  0.118510322800015     
  7.861769333703375E-002
  9.770379179031274E-002
  0.114552789859489     
  9.921151953817434E-002
  0.102078884452806     
  0.114113131733648     
  0.134703149962806     
  0.119457805844488     
  0.135249230335111     
  0.125548283929779     
  0.120343379187306     
  0.116628287633331     
  0.105294585321106     
  9.629319844191360E-002
  9.082048960652095E-002
  0.137242345160094     
  9.675347092415679E-002
  9.446599932735247E-002
  0.133788897195760     
  0.109843385966048     
  0.114426436635271     
  0.113674697509773     
  0.116943986125663     
  9.802968752280455E-002
  0.106202878147361     
  9.812679965364059E-002
  9.842538054688865E-002
  0.120281669034405     
  0.100229738724568     
  9.780881661701497E-002
  0.120350230086430     
  9.142651290011287E-002
  0.108539526903810     
  0.105194404327624     
  0.133939388066475     
  0.105094446924314     
  0.112799887947247     
  9.384586928243190E-002
  0.111433679557292     
  0.114997208987182     
  9.813169699424922E-002
  0.119416649926410     
  0.113956114113055     
  0.120624162649948     
  0.132480795855253     
  9.561127136513881E-002
  0.115987854058445     
  0.124576278155343     
  0.105150993770561     
  0.119094781565142     
  0.110993822507815     
  7.604745620486471E-002
  0.130895023358512     
  8.897816567651896E-002
  9.933096990550185E-002
  0.114861450802101     
  9.099674140900538E-002
  0.121486946325774     
  0.107286605943567     
  0.112308153989492     
  0.116718338553634     
  0.102482830954789     
  0.111897078770266     
  0.105393589478108     
  0.117103110046477     
  0.105535441219205     
  9.460232724425546E-002
  9.999106104101076E-002
  9.985618595397601E-002
  0.114268041436040     
  0.106115015177586     
  0.105281413230631     
  0.116617952057038     
  0.134221132063403     
  0.141274794442676     
  9.046289045276207E-002
  0.118960836559480     
  0.108657374311249     
  0.125989987263277     
  0.104387496930397     
  9.015917171614711E-002
  0.109929604361311     
  0.116705671185249     
  0.102844617637946     
  9.277442932047372E-002
  0.104845835547114     
  0.108765763607790     
  0.103637644438675     
  7.564862253881227E-002
  0.109549348794586     
  9.106842267894540E-002
  9.604966327563633E-002
  0.116300846235792     
  9.930668936550457E-002
  8.623559991323575E-002
  0.113797952724620     
  0.107366067315592     
  0.135944787936896     
  0.117270307162814     
  0.102585209979566     
  9.332979039942134E-002
  9.263862904170828E-002
  0.127334750837497     
  0.106655067451642     
  0.101160267768788     
  0.101272422507908     
  9.452835189999388E-002
  0.124060613427003     
  8.492158710775820E-002
  0.100966377502243     
  0.110793560045307     
  7.965005388031922E-002
  0.102864330373479     
  0.102419689376804     
  0.123866740636323     
  0.120150636563107     
  0.131006703792196     
  0.121720594310707     
  0.123585715408954     
  0.118544467916137     
  0.107829499325091     
  0.119652592430386     
  0.103305396218966     
  8.859942467801715E-002
  0.101952000913267     
  0.114334564226117     
  0.116865369626495     
  0.104525112495015     
  0.117734916856779     
  0.102040577847700     
  0.139970450854656     
  9.849541779131651E-002
  0.111053863904780     
  0.117087784507837     
  0.114578949718639     
  0.127267159981252     
  0.131358381157332     
  0.106920717840602     
  0.114401873032910     
  0.126003844767378     
  0.118657308875188     
  9.163679434034987E-002
  9.314369596032110E-002
  0.113603475295798     
  0.121780593035901     
  0.111750506570878     
  0.103413053325192     
  0.108247712013755     
  9.419095126433952E-002
  0.114514852691476     
  0.131723904404996     
  0.132116281569542     
  8.758874346633175E-002
  8.705673084297551E-002
  9.742973042255650E-002
  0.113809943699828     
  0.110973645492816     
  0.136069145398064     
  0.112355671183861     
  0.107281154453224     
  0.127735719876089     
  9.232075257028000E-002
  0.111670700132720     
  9.895487507543527E-002
  0.133189214820144     
  0.113780790494268     
  0.112053661144155     
  0.145332761528462     
  8.506323085493508E-002
  0.120258073812958     
  0.114396475832346     
  9.938935226386328E-002
  0.122502669181751     
  0.110013707592972     
  9.587475636824494E-002
  0.123000187731377     
  0.103001031184572     
  0.114360768902183     
  0.153787376617629     
  9.305088567678563E-002
  0.119318097474507     
  0.126062240276029     
  0.122522884472450     
  0.123571666718273     
  0.125632973170484     
  0.135520637977716     
  0.116633005160550     
  0.132580124006409     
  8.271075205861156E-002
  0.102820212754644     
  0.101536164469647     
  0.126983659006015     
  0.102332660828330     
  0.108851796932113     
  0.100854630106395     
  0.130989654508354     
  0.112618974741838     
  0.114989911463349     
  0.107656808838884     
  9.632379165565079E-002
  9.119524241968413E-002
  0.118521658634175     
  0.116425242722101     
  0.118245534257713     
  0.111492618959555     
  0.122718981805862     
  0.112789329102281     
  0.103604835151596     
  0.102695348928547     
  9.884689190651166E-002
  0.100250384805348     
  0.120460879680466     
  0.125998833018738     
  0.123764282772560     
  0.115330429559494     
  0.100172505244604     
  0.103481172185568     
  9.756466194866484E-002
  9.860830592933778E-002
  0.126769727665622     
  0.118372168267434     
  0.103979772558265     
  0.117960787241716     
  0.127900334311382     
  0.123783599628164     
  0.104512647650022     
  0.109734708745353     
  9.780720315445858E-002
  0.149431504157504     
  0.116318512299420     
  0.116712116687906     
  0.119510752026134     
  0.111266002605892     
  0.141956826245422     
  0.114936477703719     
  9.782885532527275E-002
  9.447896519330526E-002
  0.119644812157217     
  0.117720652379272     
  9.257730776566649E-002
  0.111986029693227     
  9.449715773511462E-002
  0.122150691647361     
  0.108753351320526     
  0.105676775267420     
  9.001955254465557E-002
  9.794125670419639E-002
  8.180675375863983E-002
  0.118772082914870     
  0.117068092760894     
  0.118306631664454     
  9.023473143248938E-002
  0.112764064893743     
  0.104751961576221     
  0.101755915732125     
  8.974194354504010E-002
  0.101198336089849     
  0.137706074037575     
  0.110207638479714     
  0.109333083343517     
  0.111122381878276     
  0.101935389097052     
  9.820108547965892E-002
  0.113080972059136     
  9.950285886430656E-002
  8.961469611988790E-002
  0.136815419472290     
  0.115775820921373     
  0.112693164604220     
  0.109010792246300     
  7.334666497444536E-002
  0.108928593716420     
  0.118283000845238     
  0.101590031906666     
  9.307712308954905E-002
  0.111504773091610     
  0.142152828358021     
  0.115576532567531     
  9.364516278470504E-002
  0.108545272095937     
  0.112661667526065     
  0.124142165081857     
  0.108695359326414     
  0.107593253153586     
  9.465598120261517E-002
  9.058577440699947E-002
  0.122083477194048     
  9.769699713699018E-002
  0.113326881978537     
  9.778599941962560E-002
  9.668139129459165E-002
  9.921218444513868E-002
  0.134455183866891     
  0.108615863202999     
  9.761272186717512E-002
  0.109854762611441     
  0.120817105834512     
  0.102593039680953     
  0.113189643002120     
  9.363266729471341E-002
  0.123779276219179     
  0.112435169502172     
  8.544670044175376E-002
  0.126211004574098     
  9.756885999406394E-002
  0.131686164358269     
  0.123542088172721     
  0.126188458928873     
  0.108800113673891     
  0.102906064989092     
  0.136823578235232     
  0.111871493741314     
  0.131726992394981     
  0.126125181392036     
  8.958411272835494E-002
  0.105028929893514     
  0.114323800991997     
  0.110901380085769     
  0.129565863029321     
  0.101371519248076     
  0.118259655614187     
  0.121871493120022     
  0.110857379735365     
  0.136060269848872     
  0.116977941535061     
  0.104087114133775     
  0.115999010622977     
  0.115750060089556     
  0.123095190967077     
  0.117048437399979     
  0.114375072597108     
  0.119988628779608     
  0.109810605190883     
  0.103136841109957     
  0.144417095837168     
  9.689343305663706E-002
  0.119189457713436     
  0.111393794144245     
  0.117744818288400     
  0.101424939395182     
  0.140305542924873     
  0.108455083881189     
  0.100914724163106     
  0.143407418241068     
  9.073912910687694E-002
  0.117839812147439     
  0.114519939034674     
  0.107737744608856     
  0.105408658727089     
  0.106144436044147     
  0.109424605030538     
  0.103570913566662     
  9.905331226268210E-002
  0.106890680037816     
  9.810679457523494E-002
  0.101583697283118     
  9.239149074580225E-002
  0.107380227091055     
  9.140917942043661E-002
  0.101418389460205     
  8.686127310094513E-002
  0.110375740388393     
  0.105310357360472     
  9.321348040995300E-002
  0.111922634726990     
  8.235388050845575E-002
  9.228447196220078E-002
  0.102611244641642     
  0.101502339123608     
  0.128232618330017     
  0.111078751025703     
  0.106557244939743     
  0.129765780430989     
  0.121285049893598     
  9.936006763445840E-002
  0.139320556476156     
  0.135469823412768     
  0.115852491090999     
  0.108909675332011     
  0.104245276336515     
  8.653209889226202E-002
  0.110174140931298     
  9.266890216286605E-002
  0.108894853338502     
  9.563708397338129E-002
  0.138453775769390     
  0.128148849857595     
  0.106646166125414     
  0.102091396621277     
  8.479426641689004E-002
  0.119877004978452     
  9.979160900091402E-002
  0.111916827183797     
  0.117607259247723     
  0.102760010541426     
  0.111254019362901     
  0.119380333063980     
  9.848665372418040E-002
  0.115632492721181     
  8.920898494629464E-002
  0.118258439052110     
  0.110150023739722     
  0.106457760092257     
  0.110081899029747     
  0.116481810769942     
  0.122681616931762     
  9.097028109790713E-002
  0.119822229999020     
  0.117041412618863     
  0.111786319414841     
  0.123783032728111     
  0.108916710575582     
  0.114437818211500     
  0.101944880813258     
  9.507404498250188E-002
  9.327334117363843E-002
  0.120982101710671     
  0.111041687669460     
  8.214622752690608E-002
  0.102364249504643     
  0.121822661385545     
  0.109817618218782     
  9.701756179747882E-002
  0.113457162732226     
  0.102471559405493     
  0.144527110340767     
  0.110476728399687     
  8.627597975206240E-002
  0.112137065203800     
  8.536686107653978E-002
  9.371198929565853E-002
  9.105750396037364E-002
  9.202358559099637E-002
  0.110305645644768     
  0.139499419595353     
  0.120430627488134     
  0.106944983910452     
  9.604921756693201E-002
  0.131655319618395     
  0.102139949444144     
  9.958039081445294E-002
  0.100766326068926     
  0.136136119641446     
  0.103628363778069     
  9.035183359398168E-002
  0.108656050338161     
  0.104838319517553     
  0.131250323810424     
  9.110935887788971E-002
  8.632628070624372E-002
  0.101820285902728     
  9.926294530066657E-002
  0.128246956456564     
  0.109591073019936     
  0.134149206168346     
  0.104560618189570     
  8.564697945731284E-002
  8.456415884405859E-002
  0.113525844930982     
  9.596155916221827E-002
  9.154054866821704E-002
  8.146551524463427E-002
  0.106422883155478     
  0.101732796886947     
  0.106803511321807     
  8.906981814561778E-002
  0.130039139080031     
  0.112028954180147     
  8.333508562009215E-002
  9.044023099053644E-002
  0.110366000983101     
  0.124055066490976     
  0.116279736748287     
  0.119206239086587     
  0.102209626357790     
  0.103739534689142     
  0.117896638175247     
  0.115026328774794     
  0.101563321910520     
  0.122665376770464     
  0.135758683165017     
  0.114054909264431     
  0.107050415679014     
  0.110939369899914     
  9.706062741171569E-002
  0.113353547568693     
  0.120743716583875     
  0.129327477267158     
  0.113052505789898     
  0.109273473663695     
  0.125043250549035     
  0.102721197261191     
  8.964734476317600E-002
  0.102955433905801     
  8.819949070112645E-002
  0.104191023375359     
  7.901922757785339E-002
  8.090621129599895E-002
  0.129506068072178     
  0.116614892879803     
  0.108757985460909     
  0.105703085576463     
  8.992769242706558E-002
  0.112240923760359     
  9.151815543187633E-002
  0.103691195180512     
  0.136528758725978     
  0.112806964284704     
  0.115664657499655     
  9.986973725819361E-002
  9.692968370581645E-002
  0.101164553925196     
  0.113235925106513     
  9.350449050123322E-002
  0.100007627872996     
  0.116599381511751     
  9.290668480168034E-002
  0.128214478483809     
  0.112592659264101     
  0.108674005091570     
  0.130524608099434     
  8.263136261623058E-002
  0.109917280337808     
  0.111719620523761     
  0.121038624524436     
  0.103993055755720     
  0.106445775023280     
  0.130743602773100     
  0.119861130348441     
  9.392016048391201E-002
  0.102621886607765     
  0.107181320058792     
  0.113959413085656     
  0.124900835791096     
  9.599977124064402E-002
  0.106727464251926     
  0.111566715330304     
  0.111321822610713     
  9.351672962722384E-002
  9.539678233878374E-002
  0.100563770751935     
  0.127080402416202     
  0.102943777272335     
  9.049730534844548E-002
  8.531487445041105E-002
  0.114430136418696     
  0.115349327507768     
  0.109627344199802     
  0.109731834817508     
  0.122980215087860     
  0.101494593971699     
  0.111831429569938     
  0.140627426827833     
  9.950107344402521E-002
  8.909204447535653E-002
  0.102702430061622     
  8.783375945143661E-002
