 sig_xi =   0.499999999999961     
 size_data =          225
 Ndraws =      1000000
 INFO_HESS =            1
 multiplier   1.00000000000000     
 acceptance      469772
 acceptance_all           0        4692        9888       14773       19072
       24297       29464       35282       40394       45298       49810
       54498       59436       64996       69754       74840       79186
       83308       88038       92561       97820      103016      107943
      112294      116262      120421      124619      129123      133460
      138372      143071      147454      151518      155904      160359
      164353      168433      172313      176514      180665      184393
      188397      193072      197057      201938      207149      212024
      217060      221912      226310      230833      235295      239949
      244360      249008      253268      257150      261562      266676
      271799      277304      282416      287149      291482      296104
      300826      305445      310360      315637      320406      324989
      329580      334575      339694      344841      349985      354693
      359221      363853      368612      373130      377766      382473
      387411      392431      397534      402623      407785      412829
      417645      422355      426955      431766      436465      441257
      445613      449912      454666      459710      464839
 x0 =   0.911693783208963       0.322143280315577       0.409935177723985     
  3.854936278860845E-005  0.999536638323968       0.788505987399090     
  0.724930812569712       6.620866856928063E-003  0.997226899793073     
  0.211779512382904     
 Ln_x0  -25.2922135881405     
 Ln_xlast=  -29.7964256699293     
