 sig_xi =   0.100000000000002     
 size_data =          225
 Ndraws =      1000000
 INFO_HESS =            1
 multiplier   10.0000000000000     
 acceptance      611633
 acceptance_all           0        6372       12814       18836       24838
       31102       37146       43143       49390       55755       62027
       68230       74257       80711       87200       93445       99797
      106232      112423      118490      124746      130720      136658
      142366      148037      153746      159571      165147      171010
      176783      182477      188393      194150      200123      205960
      211783      217552      223292      229043      235057      241138
      246959      253015      259251      265630      272229      278455
      284888      291393      297779      304234      310797      317218
      323605      329776      336003      342510      348580      354740
      360771      366587      372568      378825      385083      391304
      397548      403912      410040      416291      422428      428473
      434546      440971      447209      453079      459564      465870
      472091      478264      484429      490770      497113      503427
      509906      516162      522263      528487      534547      540498
      546371      552235      558102      564063      569919      575763
      581668      587538      593597      599864      605835
 x0 =   0.911693783208963       0.322143280315577       0.409935177723985     
  3.854936278860845E-005  0.999536638323968       0.788505987399090     
  0.724930812569712       6.620866856928063E-003  0.997226899793073     
  0.211779512382904     
 Ln_x0  -25.2922135881405     
 Ln_xlast=  -25.9987526244963     
