 sig_xi =   9.999999999999995E-003
 size_data =          225
 Ndraws =      1000000
 INFO_HESS =            1
 multiplier   1000.00000000000     
 acceptance      642033
 acceptance_all           0        6612       13196       19776       26159
       32643       39252       45822       52378       58956       65554
       72102       78655       85176       91776       98430      104980
      111586      118165      124748      131378      137895      144500
      151127      157781      164478      171131      177614      184150
      190752      197295      203872      210408      217030      223542
      230052      236657      243157      249706      256256      262891
      269487      275878      282235      288567      295064      301408
      307747      314171      320491      326788      333010      339288
      345463      351736      358079      364412      370807      377128
      383443      389808      396260      402597      409043      415339
      421703      428108      434457      440816      447199      453480
      459720      465930      472077      478214      484461      490688
      496936      503222      509567      515878      522130      528362
      534615      540883      547215      553473      559822      566173
      572446      578794      585125      591485      597841      604308
      610657      616952      623181      629486      635782
 x0 =   0.911693783208963       0.322143280315577       0.409935177723985     
  3.854936278860845E-005  0.999536638323968       0.788505987399090     
  0.724930812569712       6.620866856928063E-003  0.997226899793073     
  0.211779512382904     
 Ln_x0  -25.2922135881405     
 Ln_xlast=  -25.2972580177678     
