 sig_xi =   5.000000000000041E-002
 size_data =          225
 Ndraws =      1000000
 INFO_HESS =            1
 multiplier   100.000000000000     
 acceptance      460840
 acceptance_all           0        4608        9557       14345       19044
       23708       28346       32810       36800       40086       44897
       49622       54397       59171       63518       68416       73148
       77644       82133       86480       90927       95319       99870
      104388      108828      113235      117638      122287      126969
      131028      135683      139358      144125      148779      153402
      158345      163135      167823      172073      176930      181613
      186074      190571      195086      199619      204180      208714
      213337      217933      222869      227846      232706      237562
      242421      247080      251549      256145      260759      265375
      269906      274692      279590      284267      288771      293616
      298566      303427      308392      313255      318103      322841
      327369      331771      336344      340884      345588      350513
      355204      359683      364385      368085      372941      377571
      382198      386837      391490      396096      400078      404623
      409251      413893      418771      423528      428338      432529
      436960      441796      446537      451224      456138
 x0 =   0.911693783208963       0.322143280315577       0.409935177723985     
  3.854936278860845E-005  0.999536638323968       0.788505987399090     
  0.724930812569712       6.620866856928063E-003  0.997226899793073     
  0.211779512382904     
 Ln_x0  -25.2922135881405     
 Ln_xlast=  -25.3273834472613     
