  3.945431498166489E-003
 -5.028561904463751E-003
 -1.988647587580608E-003
  3.730092247265743E-007
 -1.414444502336491E-006
  7.472850836905179E-004
  4.793853918836169E-006
  1.051960106795632E-005
 -7.370525649948950E-004
 -5.994963842210027E-005
 -5.028561904463751E-003
  1.810049023956966E-002
  1.850924877786384E-002
  4.747958729801690E-006
 -1.654190822380288E-005
 -6.915613619458759E-003
 -2.800102115936028E-003
  5.372832983269260E-004
  2.736330849823978E-002
  3.064723555538745E-003
 -1.988647587580608E-003
  1.850924877786384E-002
  3.452493369347612E-002
  2.746005865257868E-007
 -5.502981423657480E-005
 -1.317889632606651E-002
 -5.232056694079348E-003
  1.398231981188569E-003
  5.411849730571847E-002
  6.924389164354511E-003
  3.730092247265743E-007
  4.747958729801690E-006
  2.746005865257868E-007
  2.751235628416405E-007
 -3.920985863289907E-007
 -2.137799657506956E-007
  1.111491115594196E-006
  2.502112468478755E-006
  1.190026931850509E-007
 -1.498957659383377E-006
 -1.414444502336491E-006
 -1.654190822380288E-005
 -5.502981423657480E-005
 -3.920985863289907E-007
  4.309879650552124E-005
  1.968695236735979E-005
  3.242389520013790E-006
 -2.422762235060605E-004
 -7.071501899182701E-005
 -6.824743048024635E-006
  7.472850836905179E-004
 -6.915613619458759E-003
 -1.317889632606651E-002
 -2.137799657506956E-007
  1.968695236735979E-005
  6.985138861345651E-003
  1.335175626667025E-003
 -5.386473215442773E-004
 -2.638177057304075E-002
 -1.805704212825526E-003
  4.793853918836169E-006
 -2.800102115936028E-003
 -5.232056694079348E-003
  1.111491115594196E-006
  3.242389520013790E-006
  1.335175626667025E-003
  6.453318255288818E-003
 -1.722966951952027E-004
 -6.885844279406083E-003
 -8.468925369472946E-003
  1.051960106795632E-005
  5.372832983269260E-004
  1.398231981188569E-003
  2.502112468478755E-006
 -2.422762235060605E-004
 -5.386473215442773E-004
 -1.722966951952027E-004
  1.446015759286481E-003
  2.142329044808453E-003
  2.487414200448445E-004
 -7.370525649948950E-004
  2.736330849823978E-002
  5.411849730571847E-002
  1.190026931850512E-007
 -7.071501899182701E-005
 -2.638177057304075E-002
 -6.885844279406083E-003
  2.142329044808453E-003
  0.109391360049575     
  8.984958029697371E-003
 -5.994963842210028E-005
  3.064723555538745E-003
  6.924389164354512E-003
 -1.498957659383377E-006
 -6.824743048024635E-006
 -1.805704212825526E-003
 -8.468925369472947E-003
  2.487414200448445E-004
  8.984958029697371E-003
  1.142774634684925E-002
