  3.956777113040571E-004
 -5.141650687662708E-004
 -2.202577951377302E-004
 -5.465014561577023E-008
  1.303208099811354E-006
  8.579709080096598E-005
  7.612192683213736E-006
 -6.303543423698768E-006
 -1.128380853247400E-004
 -1.485517652475561E-005
 -5.141650687662708E-004
  1.805657205085642E-003
  1.799345674453489E-003
  6.953830179086821E-007
 -4.479159502413755E-006
 -6.799808822638690E-004
 -2.586295227096871E-004
  7.737006373859116E-005
  2.658979655523761E-003
  2.765520535549088E-004
 -2.202577951377302E-004
  1.799345674453489E-003
  3.270959845427613E-003
  5.935104883560802E-008
 -1.110140821497958E-005
 -1.259148716869223E-003
 -4.660273900341572E-004
  1.880529769885723E-004
  5.129796541879609E-003
  6.151243201289495E-004
 -5.465014561577023E-008
  6.953830179086821E-007
  5.935104883560802E-008
  3.262936367872162E-008
  1.327771035196138E-008
 -7.983684616398654E-008
  6.266684004981117E-008
 -5.293892167944688E-008
  2.137877805544651E-007
 -8.377263451957640E-008
  1.303208099811354E-006
 -4.479159502413755E-006
 -1.110140821497958E-005
  1.327771035196138E-008
  1.071410086798676E-005
  4.252373498553304E-006
 -7.471762903463517E-007
 -4.496445157595392E-005
 -1.628315651790147E-005
  5.168207452648467E-007
  8.579709080096598E-005
 -6.799808822638690E-004
 -1.259148716869223E-003
 -7.983684616398654E-008
  4.252373498553304E-006
  6.795172630081502E-004
  1.132964364978078E-004
 -7.381634229525879E-005
 -2.543364319079777E-003
 -1.534507124842159E-004
  7.612192683213736E-006
 -2.586295227096871E-004
 -4.660273900341572E-004
  6.266684004981117E-008
 -7.471762903463517E-007
  1.132964364978078E-004
  6.337346153409654E-004
 -1.589164064822861E-005
 -5.960771521621143E-004
 -8.321154223061866E-004
 -6.303543423698768E-006
  7.737006373859116E-005
  1.880529769885723E-004
 -5.293892167944688E-008
 -4.496445157595392E-005
 -7.381634229525879E-005
 -1.589164064822861E-005
  1.963109997125334E-004
  2.938645383643248E-004
  2.386086967572824E-005
 -1.128380853247400E-004
  2.658979655523761E-003
  5.129796541879607E-003
  2.137877805544651E-007
 -1.628315651790147E-005
 -2.543364319079777E-003
 -5.960771521621143E-004
  2.938645383643248E-004
  1.046783299211988E-002
  7.740023113276390E-004
 -1.485517652475560E-005
  2.765520535549088E-004
  6.151243201289495E-004
 -8.377263451957640E-008
  5.168207452648466E-007
 -1.534507124842159E-004
 -8.321154223061866E-004
  2.386086967572824E-005
  7.740023113276390E-004
  1.124146763493923E-003
