   1.05625837584703     
  -1.78026051396697     
 -0.967471727857702     
 -1.102820296507773E-003
  5.093626553832569E-002
  7.702969275674904E-002
  3.637920537435144E-003
 -0.191676639959647     
  6.841286079861890E-002
  1.409220269938179E-002
  -1.78026051396697     
   6.98407759483341     
   5.74215080085891     
  2.196280663183592E-003
 -0.134246710987402     
 -0.873723882264378     
 -0.252171796149515     
   1.11018028843072     
   3.64355772639012     
  9.409913054069367E-002
 -0.967471727857702     
   5.74215080085891     
   8.76757251637199     
  3.786945998973019E-003
 -0.279975584034504     
  -1.52581905803371     
 -0.383405948600181     
   2.37355793820963     
   6.45984732235465     
  0.469979053767821     
 -1.102820296507773E-003
  2.196280663183592E-003
  3.786945998973019E-003
  1.341790747711759E-004
 -3.333105446697662E-003
 -6.704820579899791E-004
 -3.547054868793140E-004
  7.339166748149877E-003
  2.480357787524792E-003
  6.776100649498554E-004
  5.093626553832569E-002
 -0.134246710987402     
 -0.279975584034504     
 -3.333105446697662E-003
  0.143234904823023     
  5.105383314052121E-002
  2.072130328949421E-002
 -0.349637689544307     
 -0.199726587642265     
 -3.499450101914088E-002
  7.702969275674904E-002
 -0.873723882264378     
  -1.52581905803371     
 -6.704820579899791E-004
  5.105383314052121E-002
  0.603391948272468     
  8.238143186739065E-003
 -0.432871175296135     
  -2.24822998106735     
 -7.307577915325493E-003
  3.637920537435144E-003
 -0.252171796149515     
 -0.383405948600181     
 -3.547054868793140E-004
  2.072130328949421E-002
  8.238143186739065E-003
  0.549643998245577     
 -0.117994702750767     
 -0.216508432340842     
 -0.774705680245328     
 -0.191676639959647     
   1.11018028843072     
   2.37355793820963     
  7.339166748149877E-003
 -0.349637689544307     
 -0.432871175296135     
 -0.117994702750767     
   1.31417229147235     
   1.77795833916308     
  0.179798592048205     
  6.841286079861890E-002
   3.64355772639012     
   6.45984732235465     
  2.480357787524792E-003
 -0.199726587642265     
  -2.24822998106735     
 -0.216508432340842     
   1.77795833916308     
   10.1894339883573     
  0.244390541884747     
  1.409220269938180E-002
  9.409913054069367E-002
  0.469979053767821     
  6.776100649498554E-004
 -3.499450101914089E-002
 -7.307577915325493E-003
 -0.774705680245328     
  0.179798592048205     
  0.244390541884747     
   1.15723801243921     
