  4.466645213750725E-002
 -5.724892284371926E-002
 -2.340271091727918E-002
  1.791648467846996E-005
  7.976105754122096E-005
  7.973344959032826E-003
  4.266567467393813E-005
 -2.870593586790840E-004
 -8.106049724086323E-003
 -3.563157807657492E-004
 -5.724892284371926E-002
  0.225866541497378     
  0.233915959796148     
  2.660177051606918E-004
  2.940927370432881E-004
 -8.343871227887098E-002
 -2.791707795262006E-002
  8.770122806919143E-003
  0.328808939557772     
  2.948576496572237E-002
 -2.340271091727918E-002
  0.233915959796148     
  0.412224574224903     
  8.490991944701630E-005
 -7.407073889814414E-004
 -0.149921043297740     
 -5.095043112927563E-002
  2.497325033892047E-002
  0.612789886913435     
  6.724628299639437E-002
  1.791648467846996E-005
  2.660177051606918E-004
  8.490991944701630E-005
  1.288272897554469E-005
  2.398235690626430E-005
 -5.181673719808474E-005
  1.766761112745619E-005
 -8.280203521700219E-005
  1.697411677119036E-004
 -2.693724995708140E-005
  7.976105754122096E-005
  2.940927370432881E-004
 -7.407073889814414E-004
  2.398235690626430E-005
  3.705694640028780E-004
  2.348647300429218E-004
  1.539313057750331E-004
 -1.453765454647580E-003
 -1.040957532396749E-003
 -2.465724918514943E-004
  7.973344959032826E-003
 -8.343871227887098E-002
 -0.149921043297740     
 -5.181673719808474E-005
  2.348647300429218E-004
  7.565106098451038E-002
  1.192659520562571E-002
 -9.207072984529781E-003
 -0.286007904166257     
 -1.608256827140744E-002
  4.266567467393813E-005
 -2.791707795262006E-002
 -5.095043112927563E-002
  1.766761112745619E-005
  1.539313057750331E-004
  1.192659520562571E-002
  6.262056468440218E-002
 -3.200651175107386E-003
 -6.224053571484244E-002
 -8.255861461528675E-002
 -2.870593586790840E-004
  8.770122806919143E-003
  2.497325033892047E-002
 -8.280203521700219E-005
 -1.453765454647580E-003
 -9.207072984529781E-003
 -3.200651175107386E-003
  7.374866059585236E-003
  3.757569623860441E-002
  4.524018878237302E-003
 -8.106049724086324E-003
  0.328808939557772     
  0.612789886913435     
  1.697411677119036E-004
 -1.040957532396749E-003
 -0.286007904166257     
 -6.224053571484245E-002
  3.757569623860441E-002
   1.18195211050621     
  8.095702313911937E-002
 -3.563157807657492E-004
  2.948576496572237E-002
  6.724628299639439E-002
 -2.693724995708140E-005
 -2.465724918514943E-004
 -1.608256827140744E-002
 -8.255861461528675E-002
  4.524018878237302E-003
  8.095702313911937E-002
  0.112245589835362     
