  0.241307592234622     
 -3.690614259110452E-002
 -6.153399406287817E-003
  5.825614573432238E-004
 -1.453872491302763E-002
  9.542803246996070E-003
 -2.625580633740308E-002
  0.123512499937269     
  0.352537194736238     
  7.733243901838865E-002
 -3.690614259110414E-002
   1.61928471143272     
   1.75166691873587     
  4.958919037041077E-004
 -1.379357698599556E-002
 -0.558667751132614     
  0.141369724076652     
  0.139197451087673     
   2.44606366031607     
  6.103624252352263E-002
 -6.153399406289028E-003
   1.75166691873587     
   3.72826709692675     
 -3.147101136202698E-003
  0.110093936606224     
 -0.995592225865793     
  5.762449139853866E-002
 -0.887837267443893     
   3.77982823732383     
  0.213544951110621     
  5.825614573432246E-004
  4.958919037040759E-004
 -3.147101136202715E-003
  1.987090692141843E-005
 -6.692059152248080E-004
  9.184925219209264E-004
  1.451925815493713E-003
  5.704076050984786E-003
  1.706763445946002E-005
 -5.619419044554410E-004
 -1.453872491302760E-002
 -1.379357698599589E-002
  0.110093936606223     
 -6.692059152248063E-004
  2.281751163034574E-002
 -2.998718691802965E-002
 -5.348600762909048E-002
 -0.194432956362860     
  1.200502015331664E-002
  2.291515082093341E-002
  9.542803246995879E-003
 -0.558667751132617     
 -0.995592225865802     
  9.184925219209231E-004
 -2.998718691802984E-002
  0.370086651925199     
  6.165881125266099E-003
  0.244685548332533     
  -1.23139223121316     
 -9.733287526937898E-002
 -2.625580633740167E-002
  0.141369724076653     
  5.762449139853432E-002
  1.451925815493686E-003
 -5.348600762909109E-002
  6.165881125263931E-003
  0.670735160853580     
  0.455841642973452     
 -0.151884539371589     
 -0.608943474266846     
  0.123512499937269     
  0.139197451087674     
 -0.887837267443897     
  5.704076050984760E-003
 -0.194432956362858     
  0.244685548332526     
  0.455841642973448     
   1.65790520024815     
 -5.085782020130262E-002
 -0.189741984804332     
  0.352537194736239     
   2.44606366031608     
   3.77982823732386     
  1.706763445947167E-005
  1.200502015331732E-002
  -1.23139223121316     
 -0.151884539371597     
 -5.085782020130668E-002
   6.35383531638130     
  0.769858001014480     
  7.733243901838506E-002
  6.103624252351558E-002
  0.213544951110625     
 -5.619419044554260E-004
  2.291515082093428E-002
 -9.733287526937748E-002
 -0.608943474266848     
 -0.189741984804336     
  0.769858001014477     
  0.702297585783931     
