  0.253947792572666     
 -3.351393413570820E-002
  2.753298622381068E-002
 -3.631461197698308E-004
 -3.172894755813088E-003
 -1.458184265810392E-003
 -1.990322849604052E-002
  1.921812880423901E-002
  0.416997044321492     
  8.516798372069635E-002
 -3.351393413570581E-002
   1.59927286671111     
   1.67430425464927     
 -9.110572233368090E-004
 -1.836088715721797E-002
 -0.551343269245695     
  0.172159998025531     
  0.126867117468043     
   2.36458247702112     
  3.653761802362922E-002
  2.753298622381465E-002
   1.67430425464928     
   3.01922964285613     
 -6.974656238791814E-004
 -2.501869045329578E-002
 -0.790951967223253     
  0.311708603160562     
  0.192273457000715     
   3.22568089055846     
  2.423735139526166E-002
 -3.631461197698310E-004
 -9.110572233368001E-004
 -6.974656238791723E-004
  4.236240540097141E-006
  3.661997820939236E-005
  2.998842752090376E-004
 -6.555399392418744E-004
 -2.547127871088744E-004
 -2.863055079622790E-003
 -5.150289924565999E-005
 -3.172894755813400E-003
 -1.836088715721806E-002
 -2.501869045329588E-002
  3.661997820939258E-005
  4.981988684841838E-004
  8.597051926455910E-003
 -1.032092584946062E-002
 -3.361067388415291E-003
 -4.057713101149450E-002
  2.893330993608115E-003
 -1.458184265811159E-003
 -0.551343269245699     
 -0.790951967223255     
  2.998842752090402E-004
  8.597051926455886E-003
  0.315354441807164     
 -7.603655454150778E-002
 -5.887666877792738E-002
  -1.10994288947427     
 -4.534471808294249E-002
 -1.990322849604353E-002
  0.172159998025531     
  0.311708603160575     
 -6.555399392418717E-004
 -1.032092584946120E-002
 -7.603655454151158E-002
  0.580826022491619     
  6.396144494728358E-002
  8.162849036500429E-002
 -0.533034892898711     
  1.921812880424027E-002
  0.126867117468044     
  0.192273457000715     
 -2.547127871088721E-004
 -3.361067388415214E-003
 -5.887666877792715E-002
  6.396144494728168E-002
  2.475183615235101E-002
  0.288062309852724     
 -1.050156846063026E-002
  0.416997044321500     
   2.36458247702113     
   3.22568089055845     
 -2.863055079622822E-003
 -4.057713101149427E-002
  -1.10994288947427     
  8.162849036501106E-002
  0.288062309852724     
   6.09215543732396     
  0.660869450500224     
  8.516798372070059E-002
  3.653761802362743E-002
  2.423735139524694E-002
 -5.150289924564578E-005
  2.893330993608350E-003
 -4.534471808293810E-002
 -0.533034892898715     
 -1.050156846063083E-002
  0.660869450500220     
  0.661973643689944     
