  0.290763103960684     
 -7.373415525386569E-002
  1.313511576301725E-002
 -1.038381833639912E-003
 -1.089570667695499E-002
  1.025760897191850E-003
 -3.283962793539281E-003
  5.622579741066467E-002
  0.421185768727234     
  7.462673482129101E-002
 -7.373415525386666E-002
   2.02459762234404     
   2.46732251155341     
  3.864805154045014E-004
  2.361627768126123E-002
 -0.693951744978085     
  0.177447196684024     
 -6.298864092053671E-002
   2.72222890617409     
 -5.114535716295790E-002
  1.313511576301746E-002
   2.46732251155340     
   4.60359811614675     
  3.312176269738799E-003
  6.884924494809722E-002
  -1.11992453924623     
  0.331695238457742     
 -0.209311188505015     
   4.30182089744163     
 -4.876107311561351E-002
 -1.038381833639928E-003
  3.864805154046119E-004
  3.312176269738901E-003
  9.981792408967022E-005
  1.039672888936948E-003
 -4.500594232867761E-004
 -4.822582823926690E-003
 -5.355823584207579E-003
 -4.233799893188677E-003
  1.780067643694427E-003
 -1.089570667695503E-002
  2.361627768126207E-002
  6.884924494809858E-002
  1.039672888936950E-003
  1.153930926463027E-002
 -1.562476962944825E-002
 -3.936061661350539E-002
 -5.902810558743812E-002
 -1.178509294377941E-002
  1.138124120439248E-002
  1.025760897191766E-003
 -0.693951744978084     
  -1.11992453924623     
 -4.500594232867449E-004
 -1.562476962944804E-002
  0.374693999509021     
 -7.605504915237232E-002
  5.062215008371507E-002
  -1.27504844925080     
 -1.743596316841796E-002
 -3.283962793539097E-003
  0.177447196684027     
  0.331695238457741     
 -4.822582823926650E-003
 -3.936061661350479E-002
 -7.605504915237440E-002
  0.735062356453803     
  0.212286290958556     
  0.194753633419875     
 -0.629980904215176     
  5.622579741066430E-002
 -6.298864092053733E-002
 -0.209311188505008     
 -5.355823584207600E-003
 -5.902810558743823E-002
  5.062215008371489E-002
  0.212286290958559     
  0.308468326694332     
  0.183470889275921     
 -5.660093810392276E-002
  0.421185768727233     
   2.72222890617408     
   4.30182089744165     
 -4.233799893188636E-003
 -1.178509294377968E-002
  -1.27504844925080     
  0.194753633419859     
  0.183470889275909     
   6.61787167032122     
  0.472629536197017     
  7.462673482129117E-002
 -5.114535716295721E-002
 -4.876107311560518E-002
  1.780067643694346E-003
  1.138124120439177E-002
 -1.743596316841761E-002
 -0.629980904215177     
 -5.660093810392064E-002
  0.472629536197022     
  0.706416199324564     
