  0.978218784556961     
  -1.43986254940038     
  -3.19109793591116     
  2.628918293715456E-004
  2.682328078450254E-002
  0.461915742090142     
  0.297216414977574     
 -0.565000944106162     
 -0.431456335371408     
 -6.505305193865768E-002
  -1.43986254940039     
   10.4626359376109     
   12.0382494850667     
  1.710732903193532E-003
 -0.131444929372145     
  -1.69283714617835     
  0.225539360329256     
   1.63741629574517     
   4.75077178766341     
 -0.382391281849615     
  -3.19109793591118     
   12.0382494850668     
   24.7199495060731     
  1.831005279737105E-003
 -0.268718526495533     
  -3.26151428612469     
  -1.41653989869006     
   4.09105524057077     
   7.53789279138453     
  0.702086958806898     
  2.628918293715379E-004
  1.710732903193546E-003
  1.831005279736998E-003
  6.018961281757298E-006
 -1.966398573834195E-004
 -3.490041218768567E-004
  1.866845759960479E-003
  5.603754481878168E-004
  1.547554437964817E-003
 -9.555014791152259E-004
  2.682328078450313E-002
 -0.131444929372144     
 -0.268718526495527     
 -1.966398573834173E-004
  8.847843151481117E-003
  4.172847238933822E-002
 -3.725852957109987E-002
 -5.791510902650759E-002
 -9.598510922753717E-002
  1.844294055686635E-002
  0.461915742090145     
  -1.69283714617836     
  -3.26151428612468     
 -3.490041218768616E-004
  4.172847238933855E-002
  0.636541903429391     
  0.283181125739922     
 -0.528697369202343     
  -1.30983917040865     
 -0.172494592962685     
  0.297216414977573     
  0.225539360329262     
  -1.41653989869005     
  1.866845759960489E-003
 -3.725852957109921E-002
  0.283181125739920     
   1.84689238428213     
 -0.145962588509502     
  -1.01213609080709     
  -1.51661443188133     
 -0.565000944106166     
   1.63741629574518     
   4.09105524057075     
  5.603754481878194E-004
 -5.791510902650801E-002
 -0.528697369202339     
 -0.145962588509501     
  0.762353178630577     
   1.00169383338053     
  5.817297452317360E-002
 -0.431456335371421     
   4.75077178766340     
   7.53789279138445     
  1.547554437964775E-003
 -9.598510922753717E-002
  -1.30983917040864     
  -1.01213609080709     
   1.00169383338052     
   5.02468475762525     
   1.01932943371192     
 -6.505305193866029E-002
 -0.382391281849620     
  0.702086958806888     
 -9.555014791152380E-004
  1.844294055686624E-002
 -0.172494592962680     
  -1.51661443188132     
  5.817297452317227E-002
   1.01932943371191     
   1.42003080641675     
