 sig_xi =   2.999999999999987E-002
 size_data =         5000
 Ndraws =      1000000
 INFO_HESS =            1
 multiplier   100.000000000000     
 acceptance      413532
 acceptance_all           0        4076        8311       12380       16689
       20689       24989       29185       33412       37351       41433
       45663       49799       54119       58187       62285       66460
       70588       74733       78930       83014       87059       91160
       95359       99558      103829      107936      112085      116295
      120425      124531      128646      132973      137111      141268
      145322      149433      153553      157649      161726      166038
      170134      174332      178566      182625      186816      191060
      195156      199403      203615      207758      211759      215930
      220137      224337      228490      232789      236824      240987
      245172      249284      253336      257343      261610      265777
      269835      274004      278137      282080      286235      290265
      294402      298520      302655      306834      310889      314837
      318931      323051      327116      331304      335579      339640
      343830      347906      352089      356200      360410      364418
      368424      372459      376639      380609      384744      388856
      392936      397096      401087      405187      409335
 x0 =   0.691242340736396       0.470107473673527       0.156076833560004     
  0.685583509831532       0.774880676673852       0.777660550401905     
  0.775217567321377       0.958607477324090        1.23280776725150     
   1.05795791960042     
 Ln_x0  -3.69409635763586     
 Ln_xlast=  -3.23413644223463     
