 sig_xi =   9.999999999999995E-003
 size_data =         5000
 Ndraws =      1000000
 INFO_HESS =            1
 multiplier   1000.00000000000     
 acceptance      390559
 acceptance_all           0        4019        7887       11782       15700
       19614       23342       27255       31188       35082       38948
       42842       46728       50637       54515       58476       62363
       66262       70202       74090       77943       81798       85776
       89705       93600       97632      101579      105552      109452
      113195      117197      120988      124865      128779      132591
      136472      140447      144313      148177      151996      155835
      159670      163606      167566      171422      175266      179301
      183211      187230      191139      194996      198820      202796
      206721      210648      214649      218542      222370      226202
      230228      234117      237978      241921      245864      249816
      253727      257647      261583      265467      269268      273218
      277093      280916      284874      288779      292643      296628
      300552      304434      308435      312326      316242      320145
      324073      327974      331909      335811      339685      343601
      347578      351388      355310      359229      363159      367087
      370960      374884      378840      382806      386728
 x0 =   0.691242340736396       0.470107473673527       0.156076833560004     
  0.685583509831532       0.774880676673852       0.777660550401905     
  0.775217567321377       0.958607477324090        1.23280776725150     
   1.05795791960042     
 Ln_x0  -3.69409635763586     
 Ln_xlast=  -3.22089352576333     
