 sig_xi =   0.100000000000002     
 size_data =         5000
 Ndraws =      1000000
 INFO_HESS =            1
 multiplier   10.0000000000000     
 acceptance      408976
 acceptance_all           0        4323        8097       12218       16276
       20357       24561       28462       32549       36747       40997
       45317       49234       53323       57328       60957       65278
       69409       73608       77612       81740       85953       90172
       93886       97098      101281      105590      109696      113722
      118094      122069      126404      130606      134956      139178
      143405      147289      151311      155275      159306      163069
      167057      171317      175153      179310      183434      187243
      191448      195610      199874      204135      208167      212180
      216151      220126      224205      228449      232046      236363
      240135      244444      248603      252922      256674      260608
      264985      269080      272947      276825      280963      285246
      289581      293858      298109      302408      306665      310648
      314893      319222      323242      327644      331660      335784
      340127      344129      348006      352372      356764      360989
      364973      368924      373147      377060      380849      384880
      388986      393046      396943      401022      404843
 x0 =   0.691242340736396       0.470107473673527       0.156076833560004     
  0.685583509831532       0.774880676673852       0.777660550401905     
  0.775217567321377       0.958607477324090        1.23280776725150     
   1.05795791960042     
 Ln_x0  -3.69409635763586     
 Ln_xlast=  -4.08045600334656     
