 sig_xi =   0.499999999999961     
 size_data =         5000
 Ndraws =      1000000
 INFO_HESS =            1
 multiplier   1.00000000000000     
 acceptance      348841
 acceptance_all           0        3587        7022       10777       14407
       17940       21354       24950       28497       32109       35585
       38951       42501       45961       49529       52944       56415
       60041       62842       66261       69845       73051       76273
       79801       83339       86832       90472       93762       97205
      100884      104333      107849      111341      114764      118325
      121823      125384      128837      132187      135569      139156
      142755      146252      149868      153453      156813      160524
      163982      167374      170757      174183      177723      181209
      184719      188362      191893      194912      198318      201846
      205195      208720      212122      215820      219461      223053
      226001      229594      233168      236536      240172      243780
      247163      250743      254296      257833      261306      264819
      268386      272050      275476      278981      282545      286036
      289387      292959      296561      300098      303670      307388
      310689      314310      317896      321526      324958      328550
      331905      335255      338729      342073      345361
 x0 =   0.686680270525088       0.468820834610018       0.148544295281393     
  0.687948030490500       0.775037743339179       0.778001487316339     
  0.776054503905970       0.938153171498527        1.21795199500105     
   1.05730601495729     
 Ln_x0  -3.63592222707180     
 Ln_xlast=  -8.17015232872311     
