  0.111939858199670     
  4.441593667437901E-002
  0.112776314553228     
 -1.271990992943555E-002
  1.314448490682516E-002
 -7.263061351509737E-003
 -1.864188871058820E-003
  0.411133967329760     
  0.320749286897324     
 -5.206662128532740E-003
  4.441593667437901E-002
  8.916904779418229E-002
  2.720281602997715E-002
  6.488277015562548E-002
  4.994832969544146E-003
 -2.142089486803667E-002
  4.831646381777223E-003
  0.331712310112230     
  0.294632796343168     
  6.048330875991827E-002
  0.112776314553228     
  2.720281602997715E-002
  0.295875870693003     
 -0.224555384304357     
 -1.613878259487430E-002
 -6.601486359949287E-003
 -4.083647033134746E-002
  0.695658378967581     
  0.362889784074442     
 -0.116031636409939     
 -1.271990992943555E-002
  6.488277015562548E-002
 -0.224555384304357     
  0.305097440077381     
  2.581624850146004E-002
 -1.277236016147517E-002
  3.963231317609399E-002
 -0.220230908267912     
  5.552001855757779E-002
  0.217575234363532     
  1.314448490682516E-002
  4.994832969544146E-003
 -1.613878259487430E-002
  2.581624850146004E-002
  1.028301699277727E-002
 -5.615607738809047E-003
  7.319023968563124E-003
 -1.806877937460833E-002
  4.242747829280465E-002
  5.564502098365442E-003
 -7.263061351509737E-003
 -2.142089486803667E-002
 -6.601486359949287E-003
 -1.277236016147517E-002
 -5.615607738809047E-003
  2.064454603043052E-002
 -3.886860087869832E-003
 -5.944821849712785E-002
 -0.138979213641309     
 -1.191687903944760E-003
 -1.864188871058820E-003
  4.831646381777223E-003
 -4.083647033134746E-002
  3.963231317609399E-002
  7.319023968563124E-003
 -3.886860087869832E-003
  3.833398457702388E-002
 -6.526931855951759E-002
  2.282373365029522E-003
 -0.113609890762157     
  0.411133967329760     
  0.331712310112230     
  0.695658378967581     
 -0.220230908267912     
 -1.806877937460833E-002
 -5.944821849712785E-002
 -6.526931855951759E-002
   2.53845513341048     
   1.63974437151414     
 -1.864972052786915E-002
  0.320749286897324     
  0.294632796343168     
  0.362889784074442     
  5.552001855757780E-002
  4.242747829280465E-002
 -0.138979213641309     
  2.282373365029522E-003
   1.63974437151414     
   1.79704435181244     
  6.608542039670731E-002
 -5.206662128532738E-003
  6.048330875991827E-002
 -0.116031636409939     
  0.217575234363532     
  5.564502098365441E-003
 -1.191687903944760E-003
 -0.113609890762157     
 -1.864972052786915E-002
  6.608542039670731E-002
  0.785150719739264     
