   1.02262569774176     
  0.391252395620153     
  0.961018010194220     
 -3.439168232547021E-002
  0.122925882141255     
 -6.065606755588115E-002
 -1.489251112035537E-003
   3.60877594591895     
   2.84257839763678     
 -1.079456042382405E-003
  0.391252395620153     
  0.902855069709356     
  0.146605860205290     
  0.741920942388581     
  4.317976191991842E-002
 -0.214842819202867     
  5.571459987374722E-002
   3.10182190935899     
   2.83628773128244     
  0.689754810941728     
  0.961018010194220     
  0.146605860205290     
   2.69379944711916     
  -2.08423554166182     
 -0.165489090494617     
 -3.497787913067960E-002
 -0.376568953700386     
   6.02327159298702     
   2.92784096848602     
  -1.07506566703972     
 -3.439168232547021E-002
  0.741920942388581     
  -2.08423554166182     
   2.93622317015223     
  0.248000611826160     
 -0.150502122428200     
  0.371806925841668     
  -1.57831085926294     
   1.00803743731703     
   2.12696769199734     
  0.122925882141255     
  4.317976191991842E-002
 -0.165489090494617     
  0.248000611826160     
  9.896192069420440E-002
 -5.566498706786102E-002
  7.016525533565844E-002
 -0.211191020638551     
  0.395333241533865     
  5.240673372596973E-002
 -6.065606755588115E-002
 -0.214842819202867     
 -3.497787913067960E-002
 -0.150502122428200     
 -5.566498706786102E-002
  0.212598438475928     
 -4.165959597313792E-002
 -0.531624196943740     
  -1.38479482633085     
 -2.819266473965050E-002
 -1.489251112035537E-003
  5.571459987374722E-002
 -0.376568953700386     
  0.371806925841668     
  7.016525533565844E-002
 -4.165959597313792E-002
  0.384015615593715     
 -0.557764434786729     
  8.862397181850955E-002
  -1.17496330082202     
   3.60877594591895     
   3.10182190935899     
   6.02327159298702     
  -1.57831085926294     
 -0.211191020638551     
 -0.531624196943740     
 -0.557764434786729     
   22.8338289805006     
   14.6152975269083     
  0.234288126463224     
   2.84257839763678     
   2.83628773128244     
   2.92784096848602     
   1.00803743731703     
  0.395333241533865     
  -1.38479482633085     
  8.862397181850955E-002
   14.6152975269083     
   16.9611694937493     
  0.986481356213069     
 -1.079456042382407E-003
  0.689754810941728     
  -1.07506566703972     
   2.12696769199734     
  5.240673372596974E-002
 -2.819266473965050E-002
  -1.17496330082202     
  0.234288126463224     
  0.986481356213069     
   7.97228567860182     
