  1.091906715502593E-002
  4.384723142886897E-003
  1.078560731707289E-002
 -9.340232789813316E-004
  1.311185134498674E-003
 -7.493088156528405E-004
 -1.663099991623679E-004
  3.987238456716593E-002
  3.150983434876924E-002
 -1.829738264478319E-004
  4.384723142886897E-003
  9.107691470761662E-003
  2.657637359642707E-003
  6.766450233992387E-003
  4.327374137396906E-004
 -2.133599431246597E-003
  5.063819044709274E-004
  3.367075070564358E-002
  2.981048728994606E-002
  6.210805912060765E-003
  1.078560731707289E-002
  2.657637359642707E-003
  2.726648323102498E-002
 -2.050399705800562E-002
 -1.290273503471539E-003
 -8.297986561561915E-004
 -3.787232859420221E-003
  6.459117699487632E-002
  3.523550236738347E-002
 -9.981897761800055E-003
 -9.340232789813316E-004
  6.766450233992387E-003
 -2.050399705800562E-002
  2.909352166664769E-002
  2.214717604895645E-003
 -1.116184889143751E-003
  3.768649363868492E-003
 -1.713996636190112E-002
  6.800063398381885E-003
  2.030838727522609E-002
  1.311185134498674E-003
  4.327374137396906E-004
 -1.290273503471539E-003
  2.214717604895645E-003
  9.772161905432064E-004
 -5.562626958422652E-004
  6.552519567434528E-004
 -1.413501815364106E-003
  4.218809059460750E-003
  3.418671648545314E-004
 -7.493088156528405E-004
 -2.133599431246597E-003
 -8.297986561561915E-004
 -1.116184889143751E-003
 -5.562626958422652E-004
  2.114680788262397E-003
 -3.791470456507064E-004
 -6.196204784014796E-003
 -1.422589765720480E-002
  3.756926952798163E-005
 -1.663099991623679E-004
  5.063819044709274E-004
 -3.787232859420221E-003
  3.768649363868492E-003
  6.552519567434528E-004
 -3.791470456507064E-004
  3.819570831993553E-003
 -5.782025544266240E-003
  3.414326209607948E-004
 -1.164111852016446E-002
  3.987238456716593E-002
  3.367075070564358E-002
  6.459117699487632E-002
 -1.713996636190112E-002
 -1.413501815364106E-003
 -6.196204784014796E-003
 -5.782025544266240E-003
  0.245358841603664     
  0.162607324763815     
  1.650089311899517E-003
  3.150983434876924E-002
  2.981048728994606E-002
  3.523550236738346E-002
  6.800063398381883E-003
  4.218809059460749E-003
 -1.422589765720481E-002
  3.414326209607948E-004
  0.162607324763815     
  0.180866640679881     
  7.879569043156938E-003
 -1.829738264478318E-004
  6.210805912060765E-003
 -9.981897761800055E-003
  2.030838727522609E-002
  3.418671648545314E-004
  3.756926952798163E-005
 -1.164111852016446E-002
  1.650089311899517E-003
  7.879569043156938E-003
  7.762147701131046E-002
