   10.1614435528072     
   4.48267886249073     
   8.52003985442331     
  6.952563796961765E-002
   1.21321685600160     
  -1.02476948469261     
  8.437962627203439E-002
   35.5172152345765     
   26.9544260781825     
 -7.506787180263186E-003
   4.48267886249073     
   12.9300127664110     
 -0.904952869270998     
   9.82697826043015     
  0.504889246851859     
  -3.06086136947458     
  0.395147795770538     
   38.7361496120015     
   33.0374182661727     
   10.4506548293114     
   8.52003985442331     
 -0.904952869270998     
   28.7724196024191     
  -22.0028097546106     
  -1.66932225296318     
 -0.398857086123496     
  -3.04513065522669     
   55.3467105163049     
   23.0502699549425     
  -14.9905183316451     
  6.952563796961765E-002
   9.82697826043015     
  -22.0028097546106     
   28.3324641085623     
   2.13974182515813     
  -1.75448063557872     
   2.64305908340196     
  -9.85273022823495     
   12.8636692895985     
   24.2018540948531     
   1.21321685600160     
  0.504889246851859     
  -1.66932225296318     
   2.13974182515813     
  0.866900638754683     
 -0.575501316063936     
  0.531193838634134     
  -1.86252290572396     
   3.79774620577677     
  0.692916131259312     
  -1.02476948469261     
  -3.06086136947458     
 -0.398857086123496     
  -1.75448063557872     
 -0.575501316063936     
   2.77701318883809     
 -0.321629164146281     
  -8.29154034772985     
  -17.6259089074151     
 -0.947110881402092     
  8.437962627203439E-002
  0.395147795770538     
  -3.04513065522669     
   2.64305908340196     
  0.531193838634134     
 -0.321629164146281     
   3.56216636593331     
  -4.58821959262520     
  0.591305853124165     
  -11.9942062084839     
   35.5172152345765     
   38.7361496120015     
   55.3467105163049     
  -9.85273022823495     
  -1.86252290572396     
  -8.29154034772985     
  -4.58821959262520     
   241.522157227745     
   147.118988914881     
   5.78145418792546     
   26.9544260781825     
   33.0374182661727     
   23.0502699549425     
   12.8636692895985     
   3.79774620577677     
  -17.6259089074151     
  0.591305853124165     
   147.118988914881     
   176.349481290428     
   14.1799397252978     
 -7.506787180263182E-003
   10.4506548293114     
  -14.9905183316451     
   24.2018540948531     
  0.692916131259312     
 -0.947110881402092     
  -11.9942062084839     
   5.78145418792546     
   14.1799397252978     
   84.4248296445049     
