   2.55824107887520     
  -2.15150215277371     
   4.04870654337335     
  -3.14821144617967     
  0.677694017144240     
  0.912460191638528     
  1.437624944607486E-002
   2.71338748484769     
  -2.30752203873003     
  -2.91839802365358     
  -2.15150215277374     
   9.25626628204377     
  -11.8255777099728     
   12.5174592954683     
  0.271954133011762     
  -1.92624653927780     
   1.79114417251857     
   3.92139281417520     
   7.86531408055278     
   7.29740526197732     
   4.04870654337343     
  -11.8255777099727     
   20.8296347306632     
  -18.7780220346476     
  4.931456391348843E-002
   3.05791012000796     
  -2.37599869736732     
   6.03056282840024     
  -11.3392282898943     
  -12.9607614931718     
  -3.14821144617987     
   12.5174592954683     
  -18.7780220346481     
   22.1027167604385     
 -0.550019913455840     
  -3.60980681447936     
   3.51114694786482     
  0.544667746755390     
   17.2216745863960     
   11.8429547838060     
  0.677694017144225     
  0.271954133011692     
  4.931456391337585E-002
 -0.550019913455869     
  0.883706496976806     
  0.609669056783468     
 -3.050445627695480E-002
  0.446514094378852     
  -3.18770562953767     
 -0.163247286726128     
  0.912460191638490     
  -1.92624653927778     
   3.05791012000785     
  -3.60980681447930     
  0.609669056783486     
   1.42762328900953     
 -0.437019610794838     
 -5.127485550872462E-002
  -6.50475738265499     
  -2.24367651352759     
  1.437624944608321E-002
   1.79114417251855     
  -2.37599869736726     
   3.51114694786477     
 -3.050445627696477E-002
 -0.437019610794818     
   1.58480599696364     
  0.971015640374696     
   2.87945829701998     
  -1.12838978456947     
   2.71338748484794     
   3.92139281417536     
   6.03056282840045     
  0.544667746756331     
  0.446514094379142     
 -5.127485550830173E-002
  0.971015640375158     
   26.6728622786168     
   4.79078432265316     
  -3.79759508779699     
  -2.30752203873056     
   7.86531408055272     
  -11.3392282898957     
   17.2216745863971     
  -3.18770562953793     
  -6.50475738265492     
   2.87945829702037     
   4.79078432265008     
   38.1894953597276     
   8.77411853386459     
  -2.91839802365360     
   7.29740526197734     
  -12.9607614931718     
   11.8429547838059     
 -0.163247286726120     
  -2.24367651352762     
  -1.12838978456948     
  -3.79759508779694     
   8.77411853386503     
   18.2339227519809     
