   4.88493646382066     
  -7.63998221771740     
   17.6035874731212     
  -10.7240424877482     
   3.83977253619235     
  0.630317379812497     
 -0.687348563050867     
   10.4597780210668     
   1.89274097528444     
  -8.11544897721164     
  -7.63998221771757     
   59.7841013536186     
  -90.0213060672714     
   58.8235476673678     
  -9.78949036636739     
  -6.10291968165176     
   3.02206366638112     
   15.6745499451372     
   20.4148561868304     
   50.6199137584326     
   17.6035874731218     
  -90.0213060672720     
   158.105015541951     
  -98.6410126108572     
   21.6479483306313     
   7.42966975621676     
  -5.89527566779338     
   18.1328644566743     
  -12.5218805097472     
  -81.3020801136464     
  -10.7240424877487     
   58.8235476673682     
  -98.6410126108569     
   68.0958232694123     
  -13.0408445461436     
  -5.02609053408352     
   5.23671610624039     
  -5.49361506485462     
   9.96857887932843     
   51.1554667768297     
   3.83977253619245     
  -9.78949036636728     
   21.6479483306313     
  -13.0408445461433     
   4.74583180276919     
  0.690002025301435     
  -1.09635351348627     
   9.32781808284666     
   2.23382841726222     
  -9.23010450297980     
  0.630317379812486     
  -6.10291968165162     
   7.42966975621635     
  -5.02609053408367     
  0.690002025301528     
   1.33976797149501     
  3.474807447070205E-002
  -5.32428901890930     
  -6.14865869331675     
  -5.36116416064989     
 -0.687348563050946     
   3.02206366638101     
  -5.89527566779324     
   5.23671610624034     
  -1.09635351348628     
  3.474807447073136E-002
   1.85122511328516     
  -2.26132350983360     
  -1.81613619140752     
 -0.629857678009088     
   10.4597780210670     
   15.6745499451374     
   18.1328644566742     
  -5.49361506485518     
   9.32781808284711     
  -5.32428901890900     
  -2.26132350983317     
   87.3812211334207     
   43.0814997369458     
   4.55288829667834     
   1.89274097528448     
   20.4148561868327     
  -12.5218805097442     
   9.96857887933475     
   2.23382841726149     
  -6.14865869331687     
  -1.81613619140721     
   43.0814997369487     
   41.4457326904137     
   18.0743731429276     
  -8.11544897721157     
   50.6199137584329     
  -81.3020801136460     
   51.1554667768292     
  -9.23010450298013     
  -5.36116416064959     
 -0.629857678009046     
   4.55288829667830     
   18.0743731429249     
   55.8768119868865     
