   2.48393463761194     
  -1.09929863288561     
   2.71479361705934     
  -2.32520899167365     
  0.688488252012657     
  0.624674762577086     
 -3.323397369117898E-003
   3.21797058645830     
 -0.825229862154974     
  -2.20071241842481     
  -1.09929863288549     
   7.54050874819381     
  -7.88228315934991     
   9.11936056798083     
  0.977233860685677     
 -0.962589054909166     
   1.47589270857310     
   6.16121812299457     
   3.81392989518942     
   4.87499067165538     
   2.71479361705935     
  -7.88228315934993     
   13.7754541462034     
  -13.5117798118492     
 -0.788659346184607     
   1.36004071852342     
  -1.98140197215039     
   4.27505177434640     
  -3.98718806439581     
  -9.32521106089562     
  -2.32520899167343     
   9.11936056798124     
  -13.5117798118489     
   18.0370367011290     
  0.228484803478933     
  -2.04780560217524     
   2.90786014833570     
  0.678784110568907     
   9.76507997339723     
   10.1485592221180     
  0.688488252012622     
  0.977233860685650     
 -0.788659346184603     
  0.228484803478975     
  0.858010779376690     
  0.342631567423530     
  0.197513631071999     
  0.871523594376029     
  -1.80034441440242     
 -0.130748108122714     
  0.624674762577026     
 -0.962589054909213     
   1.36004071852321     
  -2.04780560217513     
  0.342631567423529     
  0.901566329271120     
 -0.127552838144880     
 -0.495425817733578     
  -4.19550448229563     
  -1.77541638163942     
 -3.323397369119660E-003
   1.47589270857311     
  -1.98140197215036     
   2.90786014833568     
  0.197513631071992     
 -0.127552838144890     
   1.46270811252743     
  0.633540257827983     
  0.891747199514601     
  -1.29271526383653     
   3.21797058645826     
   6.16121812299434     
   4.27505177434613     
  0.678784110566982     
  0.871523594376230     
 -0.495425817733418     
  0.633540257828133     
   29.2381700197239     
   7.06089031959810     
  -3.47984029623079     
 -0.825229862154534     
   3.81392989518945     
  -3.98718806439537     
   9.76507997339557     
  -1.80034441440214     
  -4.19550448229501     
  0.891747199514540     
   7.06089031959927     
   27.0938877220608     
   7.37074337611403     
  -2.20071241842473     
   4.87499067165538     
  -9.32521106089546     
   10.1485592221179     
 -0.130748108122746     
  -1.77541638163943     
  -1.29271526383655     
  -3.47984029623090     
   7.37074337611445     
   17.2093607850667     
