   2.20508615560968     
  -1.12204208412544     
   2.18921922442792     
  -1.80312132752034     
  0.526166093341784     
  0.424095673284411     
  1.795400545331948E-002
   2.20011679675397     
 -0.290769636707603     
  -1.69972948235994     
  -1.12204208412550     
   7.59576117426083     
  -7.00483562574703     
   8.65252070086867     
  0.655764914243466     
 -0.891386667147651     
   1.33875405924270     
   8.21329981154846     
   4.32518458621822     
   4.47071232546750     
   2.18921922442784     
  -7.00483562574696     
   10.4003039389962     
  -11.1998598961571     
 -0.431506645675829     
  0.961445422244281     
  -1.53154597730103     
  0.357114654256551     
  -3.90587213704589     
  -7.49890543760687     
  -1.80312132752049     
   8.65252070086876     
  -11.1998598961570     
   17.9007036046069     
 -0.159717012723186     
  -2.00558560794317     
   2.88734197118651     
   3.87515391245999     
   12.1917966590181     
   9.34012327543644     
  0.526166093341871     
  0.655764914243501     
 -0.431506645675785     
 -0.159717012723192     
  0.667476842678416     
  0.367441232413382     
  3.935478655205477E-002
  0.558969072604338     
  -2.22334231278939     
 -0.255310223909288     
  0.424095673284447     
 -0.891386667147605     
  0.961445422244331     
  -2.00558560794323     
  0.367441232413391     
  0.986285233349356     
 -0.190158049570385     
  -1.19157714199841     
  -5.19951268192576     
  -1.56893135895947     
  1.795400545338454E-002
   1.33875405924270     
  -1.53154597730095     
   2.88734197118647     
  3.935478655207118E-002
 -0.190158049570379     
   1.47229954988343     
   1.23108010970067     
   1.62429193767756     
  -1.49740233320899     
   2.20011679675386     
   8.21329981154885     
  0.357114654257089     
   3.87515391246152     
  0.558969072604458     
  -1.19157714199893     
   1.23108010970014     
   28.5275813531112     
   9.90257675814856     
  -1.42155728375265     
 -0.290769636707296     
   4.32518458621813     
  -3.90587213704499     
   12.1917966590176     
  -2.22334231278957     
  -5.19951268192566     
   1.62429193767738     
   9.90257675814975     
   35.3304025193888     
   8.31278118395501     
  -1.69972948236011     
   4.47071232546768     
  -7.49890543760700     
   9.34012327543633     
 -0.255310223909305     
  -1.56893135895949     
  -1.49740233320899     
  -1.42155728375195     
   8.31278118395575     
   16.6434223158080     
