  0.695603249510910     
  0.706213646387652     
  0.694338263251132     
  0.697994036900870     
  0.683683835797562     
  0.679607495811401     
  0.713371340789193     
  0.702926166996828     
  0.703329767568401     
  0.696576438232721     
  0.693895879613106     
  0.698289898283662     
  0.691137295216474     
  0.705761506829164     
  0.701747541935942     
  0.707625532477808     
  0.701257158428022     
  0.713004098679279     
  0.704384860611083     
  0.713511152842894     
  0.698477165733333     
  0.711793322215083     
  0.704275129912261     
  0.701117950627039     
  0.704817895745697     
  0.671688811123233     
  0.701148750522509     
  0.691947261827012     
  0.692686480225183     
  0.703293260798402     
  0.693703178719443     
  0.697233644043622     
  0.703973167257434     
  0.702704734027161     
  0.688717516182450     
  0.700346826231275     
  0.688332824330334     
  0.688033842012521     
  0.700062433348440     
  0.704303070990432     
  0.700133674033942     
  0.707479995717988     
  0.699947216966266     
  0.691974319685822     
  0.703401375229442     
  0.706857173990232     
  0.698000424405304     
  0.702635569463254     
  0.692550465196526     
  0.682667588607675     
  0.704015446245321     
  0.691267613935722     
  0.709257245644291     
  0.703650064526881     
  0.697296725466459     
  0.706363637121605     
  0.703489890540032     
  0.697414479060413     
  0.718106602786071     
  0.698818001532958     
  0.715573519660896     
  0.703898324718159     
  0.699680138028916     
  0.706647834812606     
  0.704256833705698     
  0.705000636934347     
  0.697218634983385     
  0.706103132740902     
  0.697859323299175     
  0.676557761045898     
  0.706316635005783     
  0.693629660370427     
  0.701798515763662     
  0.699021442562455     
  0.685123078305758     
  0.708978574365461     
  0.706053034387694     
  0.698837703923642     
  0.684159248366644     
  0.705403425381651     
  0.699870891577404     
  0.703879266723904     
  0.699769199026510     
  0.727769001909870     
  0.701641129855404     
  0.701945163351691     
  0.702784375156275     
  0.700741963927732     
  0.702937644191883     
  0.685940538299178     
  0.708036501990590     
  0.688011092146940     
  0.715968516329720     
  0.704323149654521     
  0.716121359880099     
  0.706093866590640     
  0.715858248488219     
  0.704153213339427     
  0.708475970823116     
  0.703062085504602     
  0.796251202362288     
  0.801410801468903     
  0.799880987454276     
  0.794850545754573     
  0.808020597193111     
  0.808524435209216     
  0.794307030478213     
  0.798328605832745     
  0.794816088237136     
  0.798634576430177     
  0.796895731065320     
  0.797505867155393     
  0.801887051612558     
  0.792924420617388     
  0.796508775483105     
  0.798968807259355     
  0.797137642095839     
  0.794554780063038     
  0.796953941456493     
  0.795799326751067     
  0.805928518979399     
  0.798750287433455     
  0.799649634626243     
  0.797420416674417     
  0.798544602224328     
  0.804815001175074     
  0.798486480525773     
  0.798609004203945     
  0.798320274070597     
  0.799873341010788     
  0.810129727992800     
  0.795506593160142     
  0.798754655755365     
  0.799093100809856     
  0.802810950341462     
  0.801393974338865     
  0.801638197377027     
  0.799015536095814     
  0.799029037269254     
  0.801624124041277     
  0.801978598003534     
  0.795703428796459     
  0.802505262373003     
  0.805308599359233     
  0.797436999049231     
  0.802294830042536     
  0.801066160028488     
  0.801260240533755     
  0.803014520376067     
  0.801358243049899     
  0.801267078006713     
  0.799092226445543     
  0.791894573321294     
  0.797210031779164     
  0.794591480096025     
  0.797925559421678     
  0.798727702280618     
  0.801554931649844     
  0.791400356156101     
  0.802980421703807     
  0.792977915681107     
  0.793019050495012     
  0.796983841912977     
  0.793558868247777     
  0.802108669022647     
  0.799936799672934     
  0.799779061839627     
  0.790774559946298     
  0.798244975027953     
  0.797154682698687     
  0.800942349703833     
  0.803367200577453     
  0.794694125618598     
  0.796057734966948     
  0.798915645106774     
  0.797089626131252     
  0.802680006951732     
  0.800638373707907     
  0.803131767010697     
  0.799318033887925     
  0.797913063718416     
  0.799905765884722     
  0.800323711467779     
  0.792173644053159     
  0.800752607059223     
  0.804183508427550     
  0.797896129054422     
  0.800876302956669     
  0.799967831041692     
  0.804749326952595     
  0.798801359115522     
  0.801896773809184     
  0.795215382425326     
  0.797251543903381     
  0.793994975266756     
  0.797309374643083     
  0.794559175216948     
  0.797511624279057     
  0.794573237826933     
  0.800675032656008     
  0.806102104648200     
  0.772899357158593     
  0.791096243138373     
  0.807652107916296     
  0.805319173274899     
  0.795814860920287     
  0.801695391572979     
  0.797096452317495     
  0.784580743910199     
  0.805586194714725     
  0.789101778819732     
  0.800350161870552     
  0.791874388810373     
  0.804070102460916     
  0.795278394891175     
  0.793291216946647     
  0.810333871356976     
  0.807569704031005     
  0.808390632961272     
  0.780250842388430     
  0.797277316901456     
  0.794582941918797     
  0.792102448222927     
  0.803567896502008     
  0.779008256312102     
  0.817430574981865     
  0.795512405274416     
  0.801177502295816     
  0.793388903493632     
  0.791066216458051     
  0.791131591540033     
  0.790675031369198     
  0.789593006278377     
  0.803862222264800     
  0.812210494684235     
  0.803566993131535     
  0.808048445086169     
  0.816278548470204     
  0.796641435320118     
  0.799410993266684     
  0.805182706646086     
  0.790651735626858     
  0.788483225783800     
  0.801759718686292     
  0.798999951443014     
  0.785543154185264     
  0.806256973344554     
  0.789226434012205     
  0.805901280842864     
  0.797988885178138     
  0.809965408951339     
  0.797770522235682     
  0.792801120367709     
  0.790970972458175     
  0.795805551736192     
  0.790792531272717     
  0.803762619166477     
  0.799790055317586     
  0.796880825387693     
  0.804941054294053     
  0.781651289728323     
  0.803214802162487     
  0.802576828166385     
  0.798555811660237     
  0.796784938589229     
  0.800285086766282     
  0.798934723248680     
  0.796762671910367     
  0.807234341903795     
  0.814273327629585     
  0.788422768217770     
  0.817314173733806     
  0.813969944340629     
  0.798954603148441     
  0.810959927771523     
  0.793188805358056     
  0.801077629036709     
  0.804942858515465     
  0.815259990287040     
  0.803430944031760     
  0.812060952357799     
  0.790706223039584     
  0.801131811349165     
  0.771532345242516     
  0.799589095791541     
  0.793794900079615     
  0.789000627559393     
  0.779055047318416     
  0.809130000099875     
  0.815746005749592     
  0.810711687704334     
  0.807650959727944     
  0.785269320762648     
  0.798721672642558     
  0.804769905931556     
  0.798467323096120     
  0.792026273521500     
  0.794548593445404     
  0.790238845939196     
  0.790415429485796     
  0.799258438244513     
  0.817467639706256     
  0.806022429516837     
  0.786854834277034     
  0.805272314666649     
  0.786961152273252     
  0.803770647217049     
  0.808971578656280     
  0.804481188082632     
  0.798940369783497     
  0.798017160298624     
  0.780172142358844     
  0.805596249526812     
  0.790135874157983     
  0.801092954462954     
  0.796995722302518     
  0.798817725351223     
  0.799157729852668     
  0.790235597002050     
  0.810151135092425     
  0.806419630886993     
  0.816527787404723     
  0.808796832205801     
  0.788167718747540     
  0.792903349019259     
  0.782641459617625     
  0.794640944484790     
  0.775551395270463     
  0.793810795105979     
  0.807910886359771     
  0.795223680733551     
  0.791736429440273     
  0.794895670518077     
  0.816877823191218     
  0.786600573111576     
  0.789761653449998     
  0.799039530257212     
  0.803659812069451     
  0.791012521284907     
  0.801948716809451     
  0.803558992791328     
  0.800082101718066     
  0.794121971840196     
  0.803723664908854     
  0.800981110886828     
  0.801113748920224     
  0.795997756498322     
  0.809442792631651     
  0.799791721992025     
  0.785704070733849     
  0.795049655006477     
  0.788597254681164     
  0.798609895991487     
  0.823344233247448     
  0.790492969304412     
  0.797827558325146     
  0.805412551889213     
  0.799680847928368     
  0.812330755587925     
  0.808748619426101     
  0.800493359987528     
  0.811868748876960     
  0.810094115501062     
  0.803626929601609     
  0.808497312894501     
  0.804114006884743     
  0.807216254393043     
  0.792606073842170     
  0.784856049258544     
  0.804418147246870     
  0.806069499216307     
  0.806516960315337     
  0.790443271213801     
  0.806035015003481     
  0.795378814662491     
  0.794530786068154     
  0.791322750532146     
  0.785185570332703     
  0.810219864554157     
  0.801040332666607     
  0.797934747791955     
  0.801275446147678     
  0.814276407083858     
  0.789200474310502     
  0.801447208089778     
  0.800645824182153     
  0.798753368079603     
  0.799192073717331     
  0.802634733241581     
  0.796172140647406     
  0.792939757732027     
  0.779999995522427     
  0.799184028103516     
  0.805064601870561     
  0.788056500549801     
  0.793735659690260     
  0.804274593931359     
  0.795367458696977     
  0.805605284545284     
  0.785478116807258     
  0.990299496472003     
  0.983724552541343     
   1.00156391198763     
  0.995795513195337     
  0.997431617710166     
  0.987512907773980     
  0.981439164097953     
   1.00521047368627     
  0.993054561122254     
  0.990562309731368     
   1.00756827624366     
  0.975990058677858     
   1.00423591489899     
  0.991959324845201     
   1.01200536796888     
   1.00880262607867     
  0.995739860671591     
  0.999400010593973     
   1.00003214968994     
  0.990551311747698     
  0.967670849887703     
  0.984101296775235     
   1.00401753752592     
   1.00125361099414     
   1.02136070636935     
  0.994636831385223     
  0.987494514810408     
   1.00085640297837     
  0.988738241127830     
  0.990442845910928     
  0.995288060541773     
  0.992292840066400     
   1.00606130850498     
   1.00637536668631     
   1.00629441053209     
  0.991845785424066     
  0.998480509824840     
  0.997464762989754     
  0.986230974923727     
  0.994013896427670     
   1.01022042644209     
   1.01292502973714     
  0.991489369464285     
   1.00291720198785     
  0.988151713257123     
  0.997557956233516     
   1.02055006560145     
  0.994028910845048     
   1.00733911642004     
  0.988332580761396     
  0.992352052262543     
  0.985400846911522     
  0.985199551204495     
   1.00722066518887     
  0.988445748366476     
  0.991346535801828     
  0.997314580683919     
   1.00149703274589     
   1.00769456606225     
   1.00261351072319     
  0.994953105041302     
  0.997450558302978     
   1.01257473570730     
  0.977744079068180     
  0.999028285694569     
  0.991813183374423     
   1.01561166652653     
   1.00074125234325     
  0.997315902426750     
   1.00407468967825     
   1.00321013772571     
   1.00522848640884     
  0.991148962516727     
   1.00451039546193     
   1.01385867986549     
   1.00067451685968     
  0.992236281531299     
   1.02437557993465     
   1.00483818732567     
   1.00279965240923     
   1.00987301862173     
  0.997623990016690     
  0.991486799066393     
  0.999698638888562     
  0.981144427912605     
   1.00067002934893     
  0.999603324592522     
  0.997674935992429     
  0.962689916046616     
  0.992870220868228     
  0.998484739853620     
   1.01317932407732     
   1.01045988438336     
  0.990139785125836     
  0.999348921444257     
   1.01414182400238     
   1.00369548484832     
  0.993823556534835     
   1.00184042703851     
   1.00507464804820     
  0.975201803755377     
   1.05420086742505     
   1.04510303585244     
  0.999752655562268     
  0.987858520949217     
  0.993486303072569     
  0.995749831323567     
  0.998570025464200     
   1.04142749403885     
   1.00478600601992     
   1.02790017738883     
  0.999313871323704     
   1.01615423403495     
  0.988399100269301     
   1.01859701909370     
   1.01891627571271     
  0.982770131260329     
  0.969035411517971     
  0.980517451893694     
   1.03629727428082     
  0.975374957806662     
   1.01149228205210     
   1.03147877341894     
   1.00455430589785     
   1.06806672476737     
  0.943014306212777     
   1.02633517160062     
  0.969771719688369     
   1.03773891897630     
   1.04473559265866     
   1.00073206871801     
   1.03157205763924     
   1.01690715053542     
  0.996282680792176     
  0.971244422152403     
   1.00020626232073     
  0.969689536105550     
  0.947934080357594     
   1.00814644329881     
  0.981781772418943     
  0.969290944362340     
   1.04482175391094     
   1.00660717264962     
  0.983259253177541     
  0.995191323486790     
   1.04390241020092     
  0.971041199905640     
   1.00860223488378     
  0.992410150528636     
  0.984573763094338     
  0.990804917065299     
  0.994888591150251     
   1.02451478269857     
   1.01518946179601     
   1.01381483787360     
   1.02220883861128     
  0.970370374548093     
  0.985238779429646     
   1.04204322213183     
  0.942077394694737     
   1.02841535991182     
   1.01872013158908     
  0.993588149899112     
  0.995714209771106     
  0.993982487916626     
   1.00037993528192     
   1.00078902191148     
   1.05741734817885     
  0.960645810845816     
  0.960826817682060     
   1.03771319743365     
  0.932159204439564     
  0.958883946443886     
   1.02807450946023     
  0.960971312500022     
   1.00898027385810     
  0.983682020688656     
  0.989587212590744     
  0.954356842096101     
  0.967423018055261     
  0.957162328169423     
   1.01172281745139     
   1.00241654173402     
   1.10712308794984     
  0.997207343408460     
  0.996203473913567     
   1.04711419666854     
   1.07342515952130     
  0.959102249895029     
  0.952629663237919     
  0.936870968307002     
  0.950983311941749     
   1.05695661486728     
   1.01316325939147     
  0.981619307188476     
   1.01615208987035     
   1.02262876254134     
  0.987585778143027     
   1.05371594795269     
  0.991737259589933     
  0.988767854668364     
  0.955675750888415     
  0.951656726212798     
   1.00114964858700     
  0.967713834683333     
  0.979299990867164     
  0.994201017656271     
  0.982758849712213     
  0.996159674136431     
  0.993334781559431     
  0.976179517672700     
   1.01273647708386     
  0.982297333580415     
  0.990021458266258     
   1.00159926969399     
  0.992264105333659     
   1.02813464757887     
   1.00756208434635     
   1.00406233193181     
   1.02123670021227     
  0.988679698319953     
  0.998721497229532     
  0.978335775227226     
   1.00743652987832     
  0.996413306719621     
  0.991116979127758     
   1.00960670003393     
   1.00899594819933     
  0.993499091752875     
  0.990684177619568     
   1.00099529013555     
  0.991712766851879     
   1.02671298641730     
  0.993190647753093     
  0.990691833948109     
   1.00460570703091     
  0.997301066441591     
  0.988207124652999     
   1.00812407940014     
   1.00875364537191     
  0.992389078246963     
   1.00791058274192     
  0.991658365970434     
  0.984373279481443     
  0.983049202377774     
  0.992396254261233     
  0.991667920497393     
  0.978445453827411     
  0.970311795029016     
   1.00161549779215     
  0.996063213946935     
  0.993024251141614     
   1.01812423342686     
  0.983108702437742     
  0.993943268715995     
   1.02202014015248     
   1.00430412172753     
   1.00292607812369     
  0.993581873828719     
  0.986137868978127     
   1.00759613072049     
  0.981122583097416     
  0.971327286102189     
   1.01800493099568     
  0.991318456608527     
  0.976291977754697     
  0.995912916004100     
   1.00247382366590     
   1.01592583599184     
  0.975290959702161     
  0.991152207596383     
  0.985045901707643     
   1.01990215769952     
  0.995333943056229     
  0.982012268132036     
  0.999273947610013     
   1.02782105328861     
   1.00416460656081     
  0.968005262054049     
  0.973212093613636     
   1.00164424384748     
   1.00180145004075     
  0.985213929425614     
   1.03946898208023     
  0.988607408341750     
  0.977698250969005     
   1.00742157608688     
   1.00208499642540     
   1.00472930016824     
  0.998113966650575     
   1.02505931978783     
   1.01994596158705     
   1.01369860454856     
   1.01033419120689     
   1.04122400939408     
   1.01103348086992     
  0.995415592044025     
  0.994540559812780     
  0.977873319328037     
   1.01920695474458     
