  0.710431739600122     
  0.708831741144120     
  0.712797491320430     
  0.691859833551840     
  0.703120646513969     
  0.703502969523660     
  0.687329892384958     
  0.694756379066497     
  0.692199033981988     
  0.709924615627603     
  0.704357511330381     
  0.701958714010560     
  0.692100219971009     
  0.691359833003808     
  0.712392929065811     
  0.703538299944827     
  0.706312710608641     
  0.694024743413254     
  0.706471272474187     
  0.683938332454655     
  0.713836832316457     
  0.714173333658500     
  0.685674316467215     
  0.700193929933595     
  0.708471605312053     
  0.719598484623037     
  0.691830597325405     
  0.690342277180977     
  0.710966783700361     
  0.706490697988705     
  0.707652097402060     
  0.705268439770235     
  0.695644127539160     
  0.703899208020471     
  0.706881229532771     
  0.702361096126256     
  0.697810674800325     
  0.711074829111595     
  0.703300053103462     
  0.706552069528368     
  0.719202009381262     
  0.700542641257550     
  0.691236533717106     
  0.685750748623985     
  0.692586007270351     
  0.688332948077312     
  0.685687274992042     
  0.702817795639361     
  0.696182592443920     
  0.719759300414660     
  0.697503302703298     
  0.673753890501602     
  0.701748385773091     
  0.689344281467217     
  0.708293806011507     
  0.683102626891874     
  0.700052423927026     
  0.690175227972103     
  0.700729258856789     
  0.709082974660942     
  0.715310272105679     
  0.709267787269385     
  0.700930524332610     
  0.691729176984500     
  0.706390431165546     
  0.687912750875131     
  0.696537529135212     
  0.704455941572900     
  0.690627664641017     
  0.699378948251365     
  0.698329237497790     
  0.698355234795489     
  0.700737538232373     
  0.693306757995654     
  0.685163924396125     
  0.694513860126415     
  0.698816013911725     
  0.698281230486560     
  0.714779725851578     
  0.698451216742935     
  0.692400465514023     
  0.701490450015789     
  0.694702021170864     
  0.721582981174710     
  0.697740587869063     
  0.715203937990586     
  0.689589058515159     
  0.688965918509304     
  0.700750192704987     
  0.699130497162399     
  0.701840514223287     
  0.702633520965554     
  0.706912119900655     
  0.704654544398514     
  0.704519667029888     
  0.721510150143501     
  0.691146452430517     
  0.695326433790551     
  0.708172418875769     
  0.713488940865098     
  0.802723442154420     
  0.801604626914808     
  0.796400343281131     
  0.802631191149381     
  0.799507675477567     
  0.803357875557157     
  0.806774094490997     
  0.796541282434928     
  0.804721825540075     
  0.797854288410197     
  0.800610209936342     
  0.802204244576409     
  0.807704044352532     
  0.801912010387796     
  0.799550183713032     
  0.795668938345595     
  0.796828743177659     
  0.804629841893511     
  0.794993384855343     
  0.804090869751282     
  0.792997399218607     
  0.800573051341475     
  0.801818138746246     
  0.800658279337980     
  0.799031063612882     
  0.801221135326220     
  0.799537149047793     
  0.803308752360201     
  0.799026982285952     
  0.795245774774837     
  0.790172656317704     
  0.799838165757954     
  0.803361102945425     
  0.801152579940548     
  0.794345314504410     
  0.800518465471956     
  0.802616412205901     
  0.798110584182181     
  0.802069512862792     
  0.800709160175256     
  0.799759539313199     
  0.798859678668366     
  0.800884171869781     
  0.798978725631496     
  0.797932316466286     
  0.801612187931631     
  0.805420773401204     
  0.799320108351043     
  0.803259145771242     
  0.797542450554763     
  0.794025512605865     
  0.804930583807907     
  0.800177446688346     
  0.804039805308277     
  0.803399252981507     
  0.799411506186177     
  0.802896247011127     
  0.795752973063650     
  0.801645265025733     
  0.799545229446814     
  0.793713480106798     
  0.798069947537397     
  0.800955833672143     
  0.803819509000636     
  0.798785397860836     
  0.802603014042458     
  0.799878773312070     
  0.804166757265855     
  0.802653620331205     
  0.801355168468787     
  0.799297442514183     
  0.795844619710506     
  0.795287140847459     
  0.804010026545304     
  0.802504898538811     
  0.802835413444998     
  0.797001429346182     
  0.801058706887517     
  0.799837932256569     
  0.800087490409740     
  0.796792449076355     
  0.796485543487224     
  0.798952136033143     
  0.797307000673910     
  0.804399208787758     
  0.798493862913050     
  0.805162391287079     
  0.798397384601612     
  0.804860350664487     
  0.803771752228390     
  0.800691776331439     
  0.798239565588732     
  0.795068275952455     
  0.800829501039189     
  0.793698500348166     
  0.792976362571875     
  0.800609602557671     
  0.798451330011655     
  0.801771375827629     
  0.797619786952519     
  0.790218157834285     
  0.794466252883270     
  0.812155876582355     
  0.791810899565846     
  0.799578527996396     
  0.803924659391273     
  0.804557732978688     
  0.779399206571325     
  0.803451137804246     
  0.793336781759071     
  0.792320849073834     
  0.793005531038290     
  0.820342602537983     
  0.798795453198291     
  0.792496836265058     
  0.789531305347140     
  0.798554045759111     
  0.796882910611364     
  0.793133993147749     
  0.793656255757671     
  0.787357885969027     
  0.794827949775275     
  0.815807869779719     
  0.801240651464841     
  0.802283429039044     
  0.783643448367683     
  0.801115225591733     
  0.792815497006260     
  0.792815906266584     
  0.795707827245283     
  0.785624065119265     
  0.795423951829548     
  0.794961045090650     
  0.813509493492898     
  0.788950868342221     
  0.793342994319718     
  0.797340144255688     
  0.803983478712716     
  0.799644206362861     
  0.802226837856680     
  0.789310061090943     
  0.784075064250780     
  0.804310631342650     
  0.812448981193595     
  0.794150578471063     
  0.803053114075341     
  0.787463845483218     
  0.791133861652821     
  0.803621864483181     
  0.783285706672587     
  0.781691421319490     
  0.804549792207998     
  0.799231847184853     
  0.798162704115896     
  0.806442452950491     
  0.796596700144091     
  0.784578007241588     
  0.805125934585187     
  0.806061789362869     
  0.784434204886297     
  0.803074120667877     
  0.798065734183636     
  0.795738931765476     
  0.795940160699816     
  0.802803841718245     
  0.801496773397476     
  0.814552506411497     
  0.798494836908692     
  0.810129010929847     
  0.794815586806592     
  0.792995889816711     
  0.791095429956156     
  0.790957781332845     
  0.796672797060929     
  0.812952001046558     
  0.789800675041771     
  0.794820435157968     
  0.798867526629355     
  0.790559225209091     
  0.799382354668094     
  0.802744555970827     
  0.804040851966253     
  0.788976246028317     
  0.784802587839087     
  0.802850917664595     
  0.784444990221896     
  0.809311442605793     
  0.792613023281655     
  0.800802107010817     
  0.789073097211411     
  0.786209478945883     
  0.772862743128214     
  0.795807119577554     
  0.801026001577367     
  0.805856717886360     
  0.786627384977739     
  0.811212066440021     
  0.802448129583991     
  0.781456099736209     
  0.784529383877983     
  0.795568072406290     
  0.792399028426098     
  0.798831662059718     
  0.797503958346585     
  0.806175361009142     
  0.796563582590270     
  0.794332016958886     
  0.812242498120715     
  0.813887110218536     
  0.789894293831384     
  0.805198193553423     
  0.787349399722736     
  0.787389521416301     
  0.789931968021524     
  0.805923119074854     
  0.806959780492285     
  0.798821511912362     
  0.808098776533925     
  0.782916948686792     
  0.793827028909676     
  0.802428245541081     
  0.786870346974208     
  0.802037960942446     
  0.809648023129040     
  0.781842372060746     
  0.802858754670958     
  0.802800765087049     
  0.807839999035610     
  0.789543637220455     
  0.793520419737729     
  0.800025103941990     
  0.796335930342665     
  0.796814484854831     
  0.802404372852490     
  0.800813950543131     
  0.795659566014682     
  0.789971290132879     
  0.797558342087611     
  0.809086224328927     
  0.804192652152433     
  0.795725074553518     
  0.810098456217380     
  0.790133641231225     
  0.784771190696056     
  0.812123574179653     
  0.790193678396489     
  0.794247856008563     
  0.819669115614962     
  0.797155729645750     
  0.809782029363426     
  0.808274694483249     
  0.805837730789396     
  0.795016331923891     
  0.795586437606580     
  0.803145577959883     
  0.800558501399772     
  0.794576100942479     
  0.798539011599466     
  0.790685815704055     
  0.788426260139095     
  0.793777863830516     
  0.803222192759079     
  0.796767677333951     
  0.793258043242017     
  0.785014141527681     
  0.795028416670268     
  0.796259981555044     
  0.795272264662808     
  0.790863970939248     
  0.781333616957681     
  0.786630869775390     
  0.800299568321210     
  0.804984166919831     
  0.787139089940684     
  0.777731444686879     
  0.799718138459685     
  0.791473401915968     
  0.807066723144658     
  0.789598333456594     
  0.804763702001313     
  0.796557032428473     
  0.796376714076503     
  0.794461757102302     
  0.795479710810650     
  0.797934669283182     
  0.807813308434808     
  0.782136690167242     
  0.794040594130062     
  0.792401222686006     
  0.802445502384395     
  0.808275408033688     
  0.813684234022059     
  0.785370863366537     
  0.789327757032395     
  0.799392736298153     
  0.784438376752099     
  0.802781958278352     
  0.787985931670256     
  0.796515351833918     
  0.801164561751282     
  0.985076305681315     
   1.00315595057130     
  0.973813510980434     
  0.997557434062843     
  0.974562090118591     
  0.969332158173591     
  0.994911384473927     
   1.00770626714857     
   1.01036041839650     
   1.00417293884304     
  0.995932206246525     
  0.982690866229298     
  0.993374610957556     
  0.987023112291794     
   1.00499971641221     
   1.02247457794279     
  0.996909476074811     
  0.995015322002309     
   1.00727145413307     
   1.00242906024618     
   1.00660380902037     
   1.01042793921232     
  0.984906296239307     
   1.00298578977249     
  0.992109879049358     
  0.982919861532520     
   1.00448803065085     
  0.985786322133795     
  0.988504718206310     
   1.01076487495515     
   1.00417025009145     
  0.991002290648815     
  0.991949023202176     
  0.998520346843100     
  0.991030986540072     
   1.00421854510784     
  0.992396277641693     
  0.989815201763929     
  0.995954501907228     
  0.994441555538646     
   1.01782561512460     
   1.00363946761525     
   1.00915890328079     
  0.984204650246233     
   1.00599818740893     
   1.00764811791982     
  0.973973236927213     
   1.00252510505987     
  0.998363775671535     
   1.01058975450647     
  0.971417335053290     
  0.996844428667944     
   1.00058011409220     
  0.983649249967108     
  0.999370323070016     
   1.00162211531030     
  0.987277071768122     
  0.997530815232194     
  0.990579915625988     
   1.00382266796980     
  0.982037055250375     
   1.00294443932511     
   1.01576788689965     
  0.995014405577146     
  0.991924083089523     
  0.989475807533233     
  0.996250571628635     
  0.980433870427242     
   1.00257267213143     
  0.999734761713919     
   1.00156334874459     
   1.01098181776090     
  0.998777390183635     
  0.998908688020623     
  0.976835991684556     
  0.994449574379704     
  0.987843033217033     
  0.997171386533096     
   1.00328010472189     
   1.00774138071776     
   1.00227389427784     
   1.00492142758643     
  0.991839606708127     
   1.00370775909218     
  0.984445946780315     
   1.00567686797080     
   1.00366063706086     
  0.983015120975217     
  0.983417220351943     
  0.980652682143145     
   1.00014134538795     
  0.991414488147393     
  0.997263320894947     
  0.989504815911890     
   1.00184352601089     
  0.969597494688793     
  0.996426587528984     
  0.994715273597278     
  0.994211411033025     
  0.998809651205173     
  0.992222243818078     
   1.02789307543372     
  0.954773746199024     
   1.00014253110637     
   1.00307144931180     
  0.978636317008236     
  0.981534859648785     
   1.05831225138712     
  0.992595768459397     
  0.995596371717799     
   1.02036989684657     
  0.991472156251355     
  0.927305876508239     
   1.00572979927506     
   1.01640604050138     
   1.04553692704674     
  0.992630052507277     
  0.971388103217484     
   1.03687220005007     
  0.995967899494376     
   1.04325266193701     
   1.00405366882384     
  0.954120225774885     
  0.973950749945941     
   1.01051629258829     
   1.03090965228264     
   1.01502823177060     
   1.01300519415526     
  0.991353069945528     
  0.981960390973367     
   1.06471263455261     
   1.00041849735008     
  0.990044248251663     
  0.961350037609378     
   1.03339664075732     
   1.03822018699647     
  0.996996477969269     
  0.948559983547244     
   1.00725189964826     
  0.971708853247510     
   1.02112764008964     
   1.02616572034679     
  0.973354450431412     
  0.966125092079485     
  0.995631925367198     
  0.995477598323474     
   1.02815330622757     
   1.02070268071154     
  0.999203661845081     
   1.05688390783585     
   1.04731929698837     
  0.984642851179729     
  0.998334404983333     
   1.00485756002305     
  0.965288268722658     
   1.01346013762355     
   1.02507942716293     
   1.00958648404807     
  0.961879000370533     
   1.04985806990711     
   1.00629849801318     
   1.02088416666098     
   1.02377584054707     
  0.984543066173299     
  0.984025997914989     
  0.993428655892623     
  0.950459525572368     
  0.991932816983951     
  0.979343294272194     
   1.01407042413259     
   1.01161202420554     
   1.02906424925797     
   1.03015605969880     
  0.995829315231108     
  0.954660024421627     
   1.00894967944842     
  0.994615238144693     
   1.00341824637283     
  0.998660622233350     
  0.987830646450736     
  0.990343435353626     
  0.977955615463509     
   1.02977646917725     
   1.04618051325767     
  0.976068954197680     
   1.05304049083492     
  0.953813590868034     
   1.03313133896040     
  0.979948493399268     
   1.02858117012808     
   1.05940228590781     
   1.07280740538057     
   1.01321296479818     
   1.00610294784261     
  0.964507131107451     
   1.04568482708637     
  0.949941058823391     
   1.00464604482786     
   1.05744377191498     
   1.04556747213485     
   1.00859759218302     
   1.01725936653331     
   1.02282008111344     
  0.987166138430478     
   1.00247743304867     
   1.01130967744451     
  0.996863356484449     
  0.954569598261850     
  0.955170857497394     
   1.01490310809136     
  0.995142008364230     
   1.02576392663518     
   1.01773223557869     
   1.01429069207652     
  0.998681102433495     
  0.983871796412881     
  0.998256887025953     
  0.977917666257541     
   1.03767308746198     
  0.996135049456105     
   1.00242804294998     
   1.01395904801744     
  0.984203070019346     
  0.985509725606125     
   1.00755514369280     
   1.01648627301991     
  0.974992499162663     
  0.980954262211291     
   1.03510181003592     
   1.00276756284769     
   1.00833802644204     
   1.01485302387748     
  0.995376021940520     
   1.00164885807998     
   1.00301633818376     
   1.00551826684898     
  0.995470615680059     
   1.01810217503993     
  0.966222185583258     
  0.994431977376431     
   1.01979799053671     
  0.984040128288947     
  0.999361520922335     
  0.994550452083292     
  0.987265365133732     
   1.00784964364935     
  0.995891681694714     
  0.962474986083407     
   1.02400825939907     
  0.994983557397571     
   1.00144074386025     
  0.943785583668297     
   1.00911094583314     
  0.990171545053931     
   1.00539755098133     
  0.972007095651935     
   1.00361690765131     
  0.985109234120656     
   1.00362189094292     
   1.02240541997517     
   1.01793456820975     
   1.00728905491397     
   1.01233350205350     
  0.985184329379814     
   1.02450018165883     
   1.00136515758537     
  0.998416290955285     
   1.01648377405403     
   1.00025101125663     
   1.01572830264066     
   1.00163126781532     
   1.00062361901397     
   1.00876412106219     
   1.01533590206495     
   1.00055073876580     
  0.973971137027889     
  0.978644533571610     
  0.996682634302041     
   1.03349488722478     
  0.996336989393958     
  0.996897004878165     
  0.990845088083458     
  0.979785054895668     
   1.02117695948158     
  0.994904822869212     
  0.979011998158069     
  0.991749356147447     
   1.00638695652272     
   1.00866283494076     
  0.992431455056015     
  0.970301743338743     
  0.984754056242382     
   1.01121549424024     
   1.01355465648509     
   1.01424636446666     
   1.04384338945311     
  0.991156457554072     
  0.999638787982133     
   1.01110029668592     
   1.00290628167662     
