  0.690046650211827     
  0.713043773576086     
  0.706475054990550     
  0.706146441137180     
  0.713822456518122     
  0.686791119160285     
  0.705611935768889     
  0.699150912995570     
  0.681309758501097     
  0.690402206818291     
  0.712139899220277     
  0.716623110805211     
  0.699642097126426     
  0.686413321644823     
  0.719102355652666     
  0.698870878426144     
  0.697971461521119     
  0.704887006977915     
  0.697329428369342     
  0.689428073058786     
  0.695652291832580     
  0.705832273090907     
  0.687534107653132     
  0.699327866085732     
  0.698134120946806     
  0.704446248408227     
  0.709161390613310     
  0.701279393036087     
  0.694857090469812     
  0.698164156672560     
  0.727517250515047     
  0.699150693831206     
  0.706008893616469     
  0.704186596432625     
  0.687753678578119     
  0.687835351886676     
  0.692084238822006     
  0.702588327732647     
  0.704615117364672     
  0.710987928382215     
  0.709005608380034     
  0.722643173420080     
  0.713920105022986     
  0.692956162780673     
  0.705013069332499     
  0.699408738347868     
  0.699203218779248     
  0.706964751995310     
  0.706106760921776     
  0.692699690899322     
  0.692251531194026     
  0.715009259375782     
  0.698251579221149     
  0.720899533997725     
  0.693718304186931     
  0.721196328348826     
  0.713514718850150     
  0.715846450897445     
  0.697464984317378     
  0.704634229644251     
  0.698272883899266     
  0.685072769210251     
  0.697156451628541     
  0.715962197587096     
  0.679665372810642     
  0.706107001593546     
  0.701439818599028     
  0.705735447594951     
  0.714153312524879     
  0.698022145667634     
  0.690695393050819     
  0.702913125615025     
  0.713052717937440     
  0.712275832055777     
  0.718674029544554     
  0.681993362620892     
  0.703189693390020     
  0.701109441143102     
  0.685295747495157     
  0.697964232462733     
  0.712469396110899     
  0.700251051697604     
  0.688990565677414     
  0.694159543594471     
  0.699029530272242     
  0.698231842939004     
  0.699085342260614     
  0.729532723193337     
  0.689012421743226     
  0.696507035004549     
  0.693907004767977     
  0.699652576757674     
  0.700526444679208     
  0.702812589358785     
  0.692106273383737     
  0.708036272249150     
  0.713221873865904     
  0.713905297354343     
  0.697429451358730     
  0.701743752753466     
  0.800865696825769     
  0.796979196861259     
  0.798112153354930     
  0.800517280477160     
  0.802013161045408     
  0.805490355962718     
  0.794673293497390     
  0.798919423507328     
  0.799530754284279     
  0.801695709877723     
  0.801058207382444     
  0.793776718641124     
  0.799321365091291     
  0.801614015654652     
  0.792880238493136     
  0.799965126269822     
  0.802014973541328     
  0.802666757184369     
  0.795820983346744     
  0.804668104524098     
  0.805063575009632     
  0.802256945577388     
  0.802376418480733     
  0.802910757051965     
  0.802601533054848     
  0.800377106081591     
  0.795329895325862     
  0.802657316349280     
  0.798186781718928     
  0.797597809583693     
  0.796212976937650     
  0.796837345638885     
  0.794649087195372     
  0.791731827461736     
  0.798204192313640     
  0.798468429098801     
  0.799865577462018     
  0.798160599064213     
  0.795402928559672     
  0.802839665413147     
  0.797761261825400     
  0.793224963870146     
  0.797049278594365     
  0.805038832970367     
  0.796964872119419     
  0.800072007766872     
  0.804011149295301     
  0.799188076137914     
  0.800058734919695     
  0.801354054824889     
  0.801681966822636     
  0.798381231895396     
  0.802654390730238     
  0.796445433434299     
  0.797403064563796     
  0.799922438352061     
  0.799614343568675     
  0.799656081541175     
  0.798769649051961     
  0.797372915727362     
  0.800489655290786     
  0.801886368531838     
  0.799492727832446     
  0.795100515957178     
  0.807017140395926     
  0.795626422811411     
  0.797814915230428     
  0.801498148535259     
  0.801752463238626     
  0.795720216440953     
  0.803075929826939     
  0.802358772995813     
  0.797425058868522     
  0.802062394897255     
  0.800027425364442     
  0.802746782811000     
  0.799992121603928     
  0.797231206826712     
  0.805578776415422     
  0.798835309124724     
  0.795344918693814     
  0.802235045165850     
  0.805993649719075     
  0.797584146233794     
  0.805534406960395     
  0.799794481591860     
  0.801024474726781     
  0.795463931482591     
  0.805109479039003     
  0.799608956614579     
  0.802669737616426     
  0.803052497354909     
  0.800136578724109     
  0.799354647877568     
  0.803112225405366     
  0.796383752713391     
  0.799000300320900     
  0.792953591627821     
  0.799600777521320     
  0.800654311113631     
  0.805247389333539     
  0.795278387454293     
  0.787914708245169     
  0.797216068492104     
  0.800543478976294     
  0.806669479016001     
  0.789144822722404     
  0.809575334665169     
  0.795723076324881     
  0.801399784940043     
  0.793435650052708     
  0.811816618075542     
  0.801854476214612     
  0.816627798502490     
  0.787469966934576     
  0.794114006972931     
  0.797703439037148     
  0.792442570878765     
  0.806167801374279     
  0.809459056782622     
  0.784711060228547     
  0.789349714573969     
  0.820892817507810     
  0.805664902117248     
  0.787503676650931     
  0.785768373967351     
  0.802588479225170     
  0.789901450223000     
  0.803860931903284     
  0.803855435786306     
  0.786435765213877     
  0.794742836332719     
  0.803468939979758     
  0.794833086623504     
  0.809394013545308     
  0.787442882527000     
  0.790378162553350     
  0.793332126156201     
  0.809408273306517     
  0.811580624478771     
  0.805702970574809     
  0.794503463088217     
  0.782068937153318     
  0.818534815164975     
  0.797284732490108     
  0.788851520943055     
  0.807451000061859     
  0.790161036372918     
  0.811808229363720     
  0.790223410118279     
  0.789445403169459     
  0.802127967404462     
  0.804515832847269     
  0.782609858927774     
  0.778842487669889     
  0.801188881026763     
  0.787234960621082     
  0.801700004976432     
  0.798584050344764     
  0.791225952949778     
  0.811014044765647     
  0.796911484709614     
  0.806629176656333     
  0.790460741658255     
  0.815015581407585     
  0.795081234906721     
  0.793989575132836     
  0.812079883735273     
  0.801650206067762     
  0.807302002298936     
  0.789806834390015     
  0.809136723061124     
  0.804272326881803     
  0.796842482499434     
  0.795139602110123     
  0.802394533955178     
  0.792320092203448     
  0.807409978981488     
  0.798487995441816     
  0.796984794590571     
  0.799191842255366     
  0.797334471847668     
  0.798637451445577     
  0.790260517576066     
  0.797488952639609     
  0.793311472089119     
  0.811537452391840     
  0.798834613732060     
  0.784480447926213     
  0.794876037027392     
  0.798013739865623     
  0.792947492918304     
  0.790800347446883     
  0.803648172573004     
  0.809406672478043     
  0.794314032223703     
  0.810649576043523     
  0.779439566294076     
  0.795494356410242     
  0.800926034877134     
  0.797665422697446     
  0.792580319316321     
  0.808526605148375     
  0.804000596990529     
  0.791433305888826     
  0.793415214933254     
  0.812138617448222     
  0.794751174883239     
  0.810156006591502     
  0.794550965414868     
  0.804228119386945     
  0.783674958303086     
  0.798948434723370     
  0.789761036992431     
  0.792568274086867     
  0.807427478412569     
  0.811466038646043     
  0.784042291996242     
  0.798556831250665     
  0.785309927174150     
  0.794954727193819     
  0.802289157000603     
  0.798388897931541     
  0.804236212951453     
  0.800819885283684     
  0.801152073197329     
  0.782103656844124     
  0.799386738342538     
  0.800382135235859     
  0.798341296451770     
  0.795231284821300     
  0.799014575732432     
  0.791028010789380     
  0.810380894385339     
  0.800810124274636     
  0.789127976937423     
  0.794260576711569     
  0.795782834366008     
  0.797166964352687     
  0.795979436575771     
  0.800646840166429     
  0.813636728786193     
  0.807181296435750     
  0.791044406082192     
  0.787049743166412     
  0.797621823541720     
  0.796468693598886     
  0.808611768086384     
  0.789755840203737     
  0.792064273469515     
  0.800266836320016     
  0.801213384185281     
  0.793941570889687     
  0.814158617348147     
  0.784636017656403     
  0.802786356433201     
  0.809899180844477     
  0.793875105079928     
  0.799155414778567     
  0.812468651228972     
  0.792807017993100     
  0.798384642968752     
  0.798537076303569     
  0.789966061026097     
  0.785414927705958     
  0.789567917321729     
  0.804655669813567     
  0.807834327905982     
  0.794990257420990     
  0.789539167151343     
  0.806192013189908     
  0.796952597463857     
  0.799625191752747     
  0.760426414555270     
  0.800911426137625     
  0.803637987197806     
  0.786963342140445     
  0.802688655365692     
  0.787409836850185     
  0.816228341529599     
  0.796905685885771     
  0.803887841211380     
  0.794523560228769     
  0.792333023761999     
  0.807583337836065     
  0.793862985139013     
  0.805706157161156     
  0.814514047215162     
  0.811517346847301     
  0.789470636760164     
  0.807377571813089     
  0.814520881421280     
  0.812343479937316     
  0.810118285569286     
  0.790691515783258     
  0.789672340042502     
  0.790331553467405     
  0.810264360718231     
  0.798371743751712     
  0.793431112511873     
  0.992521763394047     
  0.985684008976605     
   1.00025122233231     
   1.00498645852919     
  0.992182569646988     
  0.969323723212233     
  0.994477383922456     
  0.984104480855500     
  0.975523955965221     
  0.999458260734867     
  0.985301816171772     
  0.999161788240052     
  0.996673367931500     
  0.998328293649155     
  0.989215613624038     
  0.986680807793000     
  0.997477517767545     
  0.987712044864229     
   1.01089395625523     
  0.977463690826110     
   1.00065193186003     
  0.989071842182928     
  0.973708769493078     
   1.00934915165575     
   1.01659318122623     
  0.992263687178841     
  0.995292806489278     
  0.983258658339330     
  0.989598651997291     
   1.01793110439606     
   1.00499766121103     
  0.996320395588409     
  0.996049852750803     
  0.999499204941649     
   1.00425446195497     
   1.00163260077340     
   1.00655430457704     
   1.00203700984012     
  0.982989755500585     
  0.991782485882687     
   1.00902107915309     
  0.983552520573796     
   1.01415151792350     
  0.977288312923448     
   1.00102223361792     
  0.996485886049820     
  0.987502087313921     
   1.01929395564419     
  0.989729389345124     
   1.00910668652748     
  0.979720723846379     
   1.01238430444428     
   1.00028216918911     
   1.00227366290757     
  0.998481734392174     
  0.995521048538107     
  0.990841464278393     
   1.00175938520613     
   1.00921434235814     
   1.00305741231993     
  0.977560475457176     
   1.01412689172635     
   1.00639150475836     
   1.00611593184882     
  0.998123474327302     
   1.00407000394063     
  0.994686409856666     
  0.993100966649523     
  0.994560449422829     
   1.01308573352090     
  0.992123771783207     
  0.996278263009055     
   1.01077916370464     
  0.995693798694798     
  0.982717974074270     
  0.981187700192135     
   1.01152334986806     
  0.994981371353021     
  0.994933313711659     
  0.986729316453417     
  0.996656597386635     
   1.01291454047021     
  0.995972810109829     
   1.01167180483250     
   1.00388775388472     
  0.992126798425716     
   1.00999129914131     
  0.988413911459819     
  0.995769414583527     
   1.01041254005929     
  0.992951456318777     
   1.01372149840838     
  0.987780272695825     
  0.998680179645833     
  0.982514758508371     
  0.993051932074133     
  0.999578666491829     
  0.999544755581636     
  0.979989271726739     
  0.975563015199233     
  0.995442787995689     
   1.01666402032004     
   1.03935758668391     
   1.01584193317970     
   1.01163527041355     
  0.984940042003634     
   1.03829839521200     
  0.989136600228249     
   1.02671167748627     
  0.984223018272383     
  0.997357406280560     
  0.974864877736550     
  0.980901885941522     
  0.906112808423571     
   1.04599849909216     
   1.03271179877993     
   1.00806038237962     
   1.00538731119495     
   1.00546825914005     
  0.947993622500281     
   1.04479075417979     
   1.01666270136572     
  0.917946724507631     
  0.983178084217840     
   1.02443322519623     
   1.06129988292075     
  0.960069527474871     
  0.995936261641455     
  0.995591040322991     
  0.984797936260135     
   1.04888302561221     
   1.01831465330009     
  0.994099260389159     
   1.03433074410905     
  0.977447391160413     
   1.02879519073296     
   1.00984726998606     
   1.02059804086237     
  0.965008069166314     
  0.944983952023608     
  0.968444180680926     
   1.06523054057540     
   1.04586628809598     
  0.919563468828570     
   1.03873684366026     
   1.00924885175430     
  0.980046438116640     
   1.01121152980268     
  0.974960249981464     
   1.02176786711246     
   1.00727997716703     
  0.987124408081513     
  0.994784228586022     
   1.04187556909359     
   1.05631779425946     
   1.00297574160375     
  0.999266922379190     
   1.00845514366854     
   1.00551065475938     
   1.02542472259663     
  0.964332011691585     
   1.01461415462749     
  0.974138750664942     
   1.03782313790594     
  0.935409417823020     
   1.02054039652413     
   1.04977961600602     
  0.946127257301417     
  0.993164338631673     
  0.992210772595893     
   1.03922387686683     
  0.969877809848437     
   1.00128840623493     
   1.02119985238494     
  0.998734138625926     
  0.981664647567245     
   1.01825604524717     
   1.02421846323962     
  0.988268202326072     
   1.00161319185717     
  0.990786790775880     
   1.02074729749859     
  0.994383365074665     
   1.04634492677415     
  0.998944409031188     
   1.03075581297320     
  0.963040562010129     
  0.998454928727266     
   1.03246133364576     
   1.01630052834127     
   1.00093710611352     
   1.00440743492463     
   1.02973380789897     
   1.01246317171314     
  0.965200220036951     
   1.01686615483904     
  0.964930557295624     
   1.06923111268139     
   1.01203831061241     
  0.986573652411549     
   1.00917720946763     
   1.01481948787023     
  0.969972903971711     
   1.00043526114777     
   1.00940440510505     
  0.992038149640104     
  0.984756990127573     
   1.01136115244974     
  0.967533545086334     
   1.02176148092906     
  0.989779485043901     
   1.02473922035351     
   1.00189001684777     
  0.988276177357883     
   1.01122048383153     
  0.996978530170210     
  0.979765801459692     
   1.00622538706425     
  0.991954886733726     
  0.991565067986842     
  0.989972322698251     
  0.998192487034912     
  0.976446364174450     
  0.993030054502986     
  0.999910339628897     
  0.983623640967928     
   1.02056478063785     
  0.999498187881049     
  0.990614891922166     
   1.00667384421292     
   1.03541757572335     
  0.975746971038862     
   1.03043072407283     
  0.983142085351306     
  0.973324476854484     
  0.988215750644437     
  0.997186983421211     
   1.00768835169669     
   1.00356066531336     
   1.03235622831596     
  0.999714838635614     
  0.989045928625876     
  0.984577338800903     
   1.01469704849784     
   1.00980868990265     
  0.995120917279599     
   1.02072058758971     
  0.977340903589989     
   1.00280751865678     
   1.00959463595209     
  0.995346950007347     
  0.997316881664659     
  0.991993188302814     
  0.988543002325272     
   1.02138372077524     
   1.02456092866649     
  0.978908667302290     
   1.01436138416147     
  0.994890820337455     
  0.990759808126465     
  0.994436317278377     
  0.985593910415313     
  0.980469022758571     
   1.03291622330608     
  0.999459705205828     
   1.02188897879179     
  0.979046931577738     
  0.988273894880991     
   1.02580506916478     
  0.999058718144369     
  0.955540539921294     
  0.998098455855229     
   1.00077436936663     
   1.05104244586517     
   1.01363519377831     
  0.974662369716969     
   1.01685396735354     
  0.996073079857424     
   1.00863255189496     
  0.982202161454529     
   1.00873401279031     
  0.992381407677596     
  0.967876702081167     
   1.02159664565847     
  0.977922025162529     
  0.977296699324381     
   1.00261350828714     
   1.01989017290923     
  0.978537633165475     
  0.998787749700089     
  0.972613745977995     
  0.979874151668686     
  0.972596104662069     
  0.976940700423384     
   1.00807067689163     
   1.00299764516695     
   1.02320753281180     
  0.996899786343114     
   1.00433635914887     
   1.00372554671904     
