  0.691163728532085     
  0.689556744253337     
  0.691389061680984     
  0.696680443810132     
  0.723971753796255     
  0.706416872508709     
  0.719271658710474     
  0.703991344639702     
  0.684589780644576     
  0.681337083698578     
  0.714838349852702     
  0.707768694779514     
  0.671340557950512     
  0.713553064958729     
  0.702347527232775     
  0.702294593022872     
  0.708747121511282     
  0.708876108601444     
  0.711405557377800     
  0.698872457375936     
  0.689453006272683     
  0.703371453726071     
  0.707931563176396     
  0.704793472419318     
  0.693481651074101     
  0.696647995067122     
  0.688549364903044     
  0.682131914325691     
  0.700634292751755     
  0.679062226841479     
  0.698349635176203     
  0.688551652476257     
  0.712273429753866     
  0.670962583795161     
  0.694232033796229     
  0.703606488542515     
  0.687253734005139     
  0.677101171212328     
  0.676901543132470     
  0.701745403941884     
  0.678835121344496     
  0.698500323145490     
  0.703802962757900     
  0.695321357554173     
  0.711804101264751     
  0.710892194958342     
  0.693145103855771     
  0.701457712298442     
  0.684696671314340     
  0.694750844419013     
  0.692115572644389     
  0.696003557081660     
  0.692647231407127     
  0.702426456840896     
  0.698356176353190     
  0.701672780471082     
  0.707691063034018     
  0.682914123525662     
  0.708424789080920     
  0.712150479163022     
  0.712268888804366     
  0.687915099205307     
  0.695480285978383     
  0.685020012740993     
  0.693553375374919     
  0.695959002950005     
  0.708249527492675     
  0.694997842133788     
  0.704053831817465     
  0.717013883004868     
  0.704434329969732     
  0.700320533088965     
  0.701211109797229     
  0.700170347340858     
  0.709910697853016     
  0.690845849169196     
  0.703910108888461     
  0.696709557977010     
  0.705115346648884     
  0.720690294133444     
  0.696216591258261     
  0.714283128629169     
  0.690749926640489     
  0.700291772826116     
  0.684808944197063     
  0.685795634108654     
  0.712146211915094     
  0.714104134014435     
  0.707827639936801     
  0.686828968150256     
  0.733653902239496     
  0.716192778879846     
  0.706670140241806     
  0.704864664121343     
  0.701306670867369     
  0.701866648518141     
  0.725270239751429     
  0.707134173126185     
  0.696059453332572     
  0.700441713931257     
  0.804729560502070     
  0.799058109799597     
  0.799366891954767     
  0.799710379345613     
  0.797728602264245     
  0.798273473521735     
  0.801003596683850     
  0.795155185722809     
  0.801439297426307     
  0.803679582563961     
  0.798278522413998     
  0.800344360652913     
  0.804687236899015     
  0.794765662574998     
  0.796638048993447     
  0.798945039086567     
  0.799142741930141     
  0.801054409805708     
  0.798481967013594     
  0.797624071868486     
  0.806723644059002     
  0.800932328662895     
  0.794908709890918     
  0.800479465097329     
  0.802286021593579     
  0.797340041110735     
  0.801317643068748     
  0.801770126480693     
  0.797585179381825     
  0.806178926310085     
  0.798713819710813     
  0.801960654357013     
  0.795682704723466     
  0.807393791300772     
  0.804155430931916     
  0.802572846266396     
  0.799596155404351     
  0.807349565321732     
  0.806391598469845     
  0.798559594953695     
  0.804807972527726     
  0.801889845625689     
  0.803624010665242     
  0.801698361401421     
  0.798503922814685     
  0.798621147161893     
  0.799582972931215     
  0.803642354060025     
  0.807236555280923     
  0.801088781590502     
  0.799119208115028     
  0.799104347349529     
  0.797316072766852     
  0.799374038286525     
  0.799639774688803     
  0.797417325258667     
  0.802764139834004     
  0.806206418877558     
  0.797522286939375     
  0.796656775621613     
  0.795981955456344     
  0.805285503639589     
  0.797876378464003     
  0.801910312058300     
  0.800325728965049     
  0.800792118816685     
  0.798055362465018     
  0.802933535961436     
  0.793748598918134     
  0.798125998269783     
  0.799628341865765     
  0.799178384043042     
  0.802454633286541     
  0.795196831813535     
  0.797971601575603     
  0.806460676004925     
  0.803245607481435     
  0.800813074336700     
  0.799225102460749     
  0.792599215287777     
  0.797421425246162     
  0.794465671954640     
  0.802522884849799     
  0.802230281178332     
  0.801489220962120     
  0.804370656077649     
  0.798198610305219     
  0.795547230358951     
  0.799766013488368     
  0.805257717929200     
  0.795450627406090     
  0.794685887538477     
  0.800521193797407     
  0.804431009426158     
  0.794451537827114     
  0.798150006121821     
  0.792156667249438     
  0.791874963943854     
  0.799924974932406     
  0.801507526304693     
  0.796055705640903     
  0.799674573946597     
  0.809729366403303     
  0.780052072112967     
  0.798983944064297     
  0.799872939842697     
  0.805694033318430     
  0.792059707558684     
  0.818907397112220     
  0.799855788585007     
  0.794543982151887     
  0.808881573858913     
  0.809895979985492     
  0.788982854999768     
  0.807206958421600     
  0.776646285616978     
  0.797888542053307     
  0.794710612269979     
  0.782637277608310     
  0.794199471277948     
  0.796288502453326     
  0.795227658265925     
  0.811267789933357     
  0.807870466526236     
  0.802080179822388     
  0.813772505439352     
  0.791634918304200     
  0.798635372879985     
  0.805788279015140     
  0.819223501108965     
  0.793989955743639     
  0.805858729373388     
  0.798882240381474     
  0.823090606266760     
  0.803715734170234     
  0.787225126479126     
  0.796189406661581     
  0.804287138520325     
  0.810505092237035     
  0.798043369907081     
  0.794307223484168     
  0.805014182163410     
  0.803431574234687     
  0.810960593238453     
  0.794924424450654     
  0.793188651869610     
  0.791397599467526     
  0.820819925342466     
  0.812726501016017     
  0.794728297849567     
  0.803175812999716     
  0.786356461400210     
  0.797998553727122     
  0.808691017991586     
  0.815832359847996     
  0.790808156483685     
  0.783744200070544     
  0.793991159571836     
  0.795096727303801     
  0.799429936820135     
  0.807677175967483     
  0.808961861971814     
  0.808685602831974     
  0.796957505194329     
  0.803129911378944     
  0.800812962799686     
  0.796120580029460     
  0.806532632551599     
  0.794156138888275     
  0.797526305899328     
  0.793500051252685     
  0.807087057119627     
  0.792313204477676     
  0.815948203841421     
  0.793964214710619     
  0.805566947718999     
  0.801914926023099     
  0.800244214176538     
  0.800602776056727     
  0.799406205873604     
  0.787959088388209     
  0.784445588230730     
  0.795869575827335     
  0.800368090332087     
  0.803777915121607     
  0.793758275428858     
  0.798962363808412     
  0.783965233000215     
  0.779593953293187     
  0.795907482511553     
  0.801228873542780     
  0.804227436083623     
  0.799480034679201     
  0.802143679061099     
  0.803337396994584     
  0.806581060141964     
  0.778770273853022     
  0.795063894683399     
  0.808015305487833     
  0.806508408594973     
  0.824304340400785     
  0.792939604585843     
  0.787146802186632     
  0.808739622814981     
  0.797143397728846     
  0.803197100830088     
  0.772599117756250     
  0.803289088833768     
  0.783679804536030     
  0.795230931452111     
  0.799394482206098     
  0.805163394999185     
  0.800534722169318     
  0.795370266834591     
  0.801730236696801     
  0.791146455155177     
  0.807932652520751     
  0.797593756875150     
  0.793764535267848     
  0.791506339785264     
  0.796036738327811     
  0.807685228424413     
  0.778805782850167     
  0.818427905140964     
  0.805033358239046     
  0.810988973677071     
  0.801561087521276     
  0.782373340999633     
  0.796439390978820     
  0.807072151987132     
  0.804224040765922     
  0.806121747959821     
  0.801541487723139     
  0.789259761887854     
  0.801647534306245     
  0.811404538706655     
  0.803965007879334     
  0.798895304362483     
  0.796565199416660     
  0.817123046229882     
  0.808948768529134     
  0.792015028974612     
  0.786649416627387     
  0.785427881758600     
  0.791927851926797     
  0.801198303293066     
  0.804293779108787     
  0.810863823481926     
  0.792758327986844     
  0.785262378691303     
  0.791042876274655     
  0.796919227433259     
  0.791338382900998     
  0.799959545436334     
  0.795193256937247     
  0.810645023356416     
  0.802996823869876     
  0.789968339081420     
  0.808569115280183     
  0.799203203117823     
  0.795863358818169     
  0.816787968319790     
  0.802454316729289     
  0.798516517160154     
  0.807364803002579     
  0.781804114704301     
  0.794505315220545     
  0.804550655635992     
  0.793265533931487     
  0.820851255108446     
  0.796015143045669     
  0.806447469886620     
  0.801838386091887     
  0.788640577835493     
  0.780479493327917     
  0.792504399508766     
  0.788477736801233     
  0.800747372937362     
  0.793768382938748     
  0.800309581810026     
  0.786963529181710     
  0.801788180944723     
  0.807532517003692     
  0.813393651021110     
  0.782590079000424     
  0.808998830737014     
  0.792575739601195     
  0.817091519744956     
  0.805069781180778     
  0.807293206015047     
  0.783857662201748     
  0.798408696104662     
  0.795690985684370     
  0.808233745680307     
  0.788898301376029     
  0.807843118507714     
  0.810142710551525     
  0.789588427333750     
  0.786939682406677     
  0.800328018970921     
  0.984281338895251     
   1.00880675324081     
   1.00765927001990     
   1.01119329520439     
   1.00026540479033     
   1.01355423202311     
  0.997342385790761     
   1.01089672184289     
   1.00289292465366     
  0.995341774163848     
  0.980032952194499     
  0.991200029189805     
   1.01094976793228     
  0.977737040437932     
  0.989090294697905     
  0.985282416466138     
  0.996648072111840     
  0.997405349680466     
   1.00690060996801     
  0.995275110617726     
   1.00288404005659     
  0.994101664280378     
  0.992745883213782     
  0.988805551345581     
   1.01014217189115     
  0.995853224710192     
  0.999951193423591     
  0.992405308974226     
  0.991315663912803     
  0.981924720831872     
  0.999896851945777     
  0.982878588798855     
  0.995750227011685     
  0.987957903894612     
  0.992282816600533     
   1.00737380084571     
   1.02468111770983     
  0.986222218164403     
  0.992192811169216     
  0.970385968978252     
   1.00447901910196     
   1.01886781213408     
  0.977000606495022     
  0.967606471963252     
   1.00203320869569     
  0.995703420987677     
  0.989964305604006     
  0.995885939229078     
   1.00237342506297     
   1.01415924603746     
   1.00625899478509     
  0.988938981423863     
  0.981181359458723     
  0.995809486653855     
   1.00797954209544     
  0.990269945594464     
  0.992753561273944     
  0.986646299440175     
   1.02048449836804     
   1.02611191045876     
   1.01157273442987     
   1.00024186978118     
   1.00136273674846     
   1.01412422869533     
  0.988265418195348     
  0.994948710270793     
   1.00126554496498     
  0.989146612201290     
  0.977109985372601     
   1.00641096938239     
  0.990136471442120     
  0.997789987520462     
   1.00131223940857     
  0.992679933092695     
  0.995600503453796     
  0.966725683840370     
   1.00104948571060     
  0.993684337461323     
   1.00275805861329     
  0.980921677754663     
   1.00517266391532     
  0.997203821421891     
   1.00302660032718     
  0.983151361089561     
  0.993818613346994     
  0.988721435918150     
   1.00992366432298     
  0.999585686219976     
  0.985493050914072     
  0.983271468098355     
   1.00770085299793     
  0.989075696324616     
   1.00291077567372     
  0.982710743433341     
  0.993281983720704     
  0.981682222022208     
   1.00141852711020     
  0.996131277639589     
  0.985400570670037     
   1.00100296416247     
   1.00469227694469     
   1.00646323958632     
  0.952927044057860     
   1.06176981163904     
  0.998735722021901     
   1.00263879135681     
  0.981875392822459     
   1.04409806070781     
  0.951651845189076     
  0.969312703111386     
   1.03346056714868     
  0.952774352408855     
  0.932390082275031     
   1.06737711062296     
  0.972212329530063     
   1.04712277171211     
   1.01216203889626     
   1.01489848471899     
   1.04766436309462     
  0.999915301153575     
   1.00577964331275     
   1.01537413001665     
  0.963654498097934     
  0.974363367119742     
  0.965451707484387     
  0.964282515492078     
  0.993259683685129     
   1.01011113449026     
  0.989650672729576     
  0.946859115491117     
   1.03756879665430     
  0.964436758602732     
   1.03326518506010     
  0.881105155476747     
  0.972643851847998     
   1.04672053651385     
   1.01955293720270     
  0.964234667191152     
  0.953742868906669     
   1.01007072657016     
  0.991675615023976     
  0.978887140661196     
  0.970065280748463     
  0.950505036917958     
   1.02060127327165     
   1.02803011160222     
  0.980937498932347     
  0.909632223285864     
  0.941403572102437     
   1.01391568702400     
  0.987201011879463     
   1.03210106019523     
  0.980755618986387     
  0.981391098099034     
  0.963767706483507     
  0.998693862008578     
   1.03397471208965     
  0.992398178434305     
   1.01349760981329     
   1.02131307101760     
  0.982435742978738     
  0.947173818184296     
  0.954812899430570     
   1.01455416705991     
  0.984520742937579     
  0.998511490778542     
   1.01474726378852     
  0.980302778194451     
   1.04136192248915     
   1.02372716751347     
   1.04124469824338     
  0.956458461892661     
   1.01919020410172     
  0.963665436995850     
   1.00944283689915     
  0.943350613214891     
   1.01918796510039     
   1.00401662836080     
   1.00919343561841     
   1.04054089955772     
   1.02589546245031     
   1.06289458723365     
   1.00568004604057     
  0.986958678371835     
  0.971656031765471     
  0.991105964951353     
   1.00654423434408     
   1.06509329411198     
   1.02664164153450     
   1.00290606572894     
   1.00893879056437     
   1.01317692548682     
  0.977870227591846     
  0.978672034338154     
  0.998702182465775     
  0.993696513880274     
   1.05001227564330     
   1.03312933374532     
  0.963951126700918     
  0.987944224779586     
  0.972899319296454     
  0.991001308937778     
  0.986784248278940     
  0.969620582953159     
   1.03730165246306     
  0.997827973204279     
   1.04389380715747     
  0.969459428927785     
  0.993711176971701     
  0.988529987225227     
   1.00600729759489     
  0.996121797222574     
  0.958519660244712     
   1.02143364349087     
   1.01064909341619     
   1.00989727882014     
  0.987473593160089     
   1.01621714180665     
   1.00784783848264     
  0.978324842664176     
   1.01201694232910     
  0.992807081535244     
   1.02298628582141     
  0.994156344705911     
  0.994656044948671     
  0.978311972498829     
  0.973637683543970     
  0.986060555784737     
  0.980898285958284     
  0.976141493604334     
  0.984080259095323     
  0.993343055582927     
  0.986517135340626     
  0.992789679660768     
  0.986916581494834     
  0.968662792746524     
  0.965796489965371     
  0.962705839571632     
  0.988702387414380     
  0.972309649539777     
  0.975414270123018     
  0.988386558385257     
   1.02576689064352     
   1.01142673853272     
   1.00838120732971     
   1.00390283281752     
  0.986890462102276     
  0.994419154434217     
  0.972835357308183     
   1.00713653182213     
  0.994948982184806     
  0.998161888899806     
  0.992352384475980     
  0.999288658537020     
   1.01592871292002     
  0.981208772516589     
  0.988986539255808     
  0.992011713955611     
  0.978218422656697     
  0.997095740096154     
   1.01086802602314     
  0.978198265280771     
   1.00954558803612     
  0.985546425398323     
  0.960757528470678     
   1.02444631458948     
   1.02989444549824     
  0.983604392463167     
  0.991216597568174     
  0.972087261959822     
   1.02155872602539     
  0.987367114023736     
  0.980055832602917     
   1.00982514449999     
   1.01788064996967     
   1.01066839232143     
   1.00712279734569     
   1.00005301539962     
   1.01059656738485     
   1.01986247763300     
   1.00449412526388     
   1.00532533661709     
  0.978263218378825     
  0.972266676506331     
   1.01198112368184     
  0.974737140895079     
   1.03184730255479     
  0.996946213447918     
  0.977876858878892     
  0.963503593222201     
   1.01104306676877     
   1.00981864849190     
   1.01716925783242     
  0.976214573608714     
   1.00591890793207     
   1.00675045438178     
   1.01786163258291     
   1.00527847769848     
   1.01965686212832     
   1.00082020731776     
