  0.777983924557089     
  0.728668296173417     
  0.710207872223258     
  0.749791930238911     
  0.784721404164384     
  0.717183071205014     
  0.733638103052158     
  0.688255151905769     
  0.763059189838255     
  0.718339354925963     
  0.782588271353182     
  0.778815225139091     
  0.733227040248564     
  0.853016858875532     
  0.748229569156367     
  0.747487371117668     
  0.754740619991547     
  0.762797741593353     
  0.743028376428191     
  0.712370812018943     
  0.753195774162381     
  0.779912130839191     
  0.815286864142510     
  0.785271060832154     
  0.701568362280462     
  0.707991114418173     
  0.721304134356605     
  0.730927428444361     
  0.737895481987362     
  0.779178055734117     
  0.741515158208249     
  0.728208081286308     
  0.727274948434943     
  0.748236090631577     
  0.722365806458348     
  0.706604785934292     
  0.704241413845857     
  0.735405408688128     
  0.760108777509009     
  0.755088582284306     
  0.762495282961264     
  0.728306022251715     
  0.750061405473630     
  0.746803855925927     
  0.778863409801531     
  0.752370252267596     
  0.735565403909305     
  0.758778644979069     
  0.676352488590353     
  0.708873076489651     
  0.698232550630890     
  0.735198430358724     
  0.772738412897537     
  0.728823076691255     
  0.723625590158735     
  0.747731689343534     
  0.727859156115260     
  0.758467805568297     
  0.718047320580588     
  0.763626371226445     
  0.730825949062940     
  0.712709820511393     
  0.778227212604629     
  0.691321320341305     
  0.764579536255524     
  0.789562144226350     
  0.763051176108855     
  0.728494010764497     
  0.714306356389245     
  0.743770900582980     
  0.732954633049908     
  0.744150930771983     
  0.720487122498829     
  0.757522613465318     
  0.783772063085723     
  0.732176612057694     
  0.757131418474283     
  0.760544600897813     
  0.682460860848630     
  0.766884858364688     
  0.744574991512199     
  0.785738396468663     
  0.755474554869719     
  0.758302229774596     
  0.708003409652098     
  0.743667506476983     
  0.752690150217659     
  0.718982471033968     
  0.733175782492556     
  0.775814676890511     
  0.759657638590910     
  0.735943360434423     
  0.739123210765128     
  0.734694625408799     
  0.743027181147888     
  0.748609292029649     
  0.775140907875203     
  0.759921811346654     
  0.734031296653531     
  0.772040566923134     
  0.269671356785997     
  0.251442559670612     
  0.247217503334307     
  0.255329869411504     
  0.238913366809957     
  0.232466490636366     
  0.237699642635908     
  0.248898771028840     
  0.236009592416240     
  0.243134077755950     
  0.233286100844639     
  0.270575289557973     
  0.259856796737087     
  0.273014141042347     
  0.245635493648435     
  0.250211393030954     
  0.257327609721264     
  0.244634226492805     
  0.238059888943395     
  0.243790999215872     
  0.240416837835804     
  0.262615623578352     
  0.285776404432760     
  0.271293958529219     
  0.236804273009786     
  0.248657865266339     
  0.231640197350020     
  0.262959894466116     
  0.261411132106960     
  0.255210985748061     
  0.272405328216178     
  0.243840275328191     
  0.261666695284893     
  0.254303746481729     
  0.244965144224939     
  0.270258734320868     
  0.244739221016999     
  0.260357762132321     
  0.235139645124817     
  0.259737950361008     
  0.236584808309165     
  0.230906251466575     
  0.238534105257845     
  0.270402320116468     
  0.249786666368232     
  0.252130087605141     
  0.256959008450686     
  0.247980306204849     
  0.235142935960133     
  0.228364927247580     
  0.244917260889485     
  0.284402017163677     
  0.267310429326727     
  0.248126319175982     
  0.252473007018782     
  0.233252421349186     
  0.236729833037036     
  0.247682092285297     
  0.248156724246805     
  0.245141442446839     
  0.270609999624134     
  0.251955861682680     
  0.253125544664077     
  0.241135498703442     
  0.265753734424872     
  0.251669752774429     
  0.242391450537549     
  0.252208890005180     
  0.231590601150980     
  0.256125421241888     
  0.253723179580648     
  0.226077969856334     
  0.248631447052423     
  0.258578942794177     
  0.262844641911865     
  0.243684355994390     
  0.270043028670546     
  0.248530354059480     
  0.259418887724675     
  0.265661638325259     
  0.250379764667637     
  0.259359251848514     
  0.252148872404122     
  0.263638073263279     
  0.230524339403376     
  0.239981609672498     
  0.257035128527399     
  0.238031856922023     
  0.247329086922626     
  0.261084654323967     
  0.252164876805509     
  0.255547654396129     
  0.240716177772998     
  0.228075174107308     
  0.257018433622834     
  0.247798344740065     
  0.252044977508749     
  0.249460192479262     
  0.243894029947317     
  0.236237921440010     
  0.599059472949058     
  0.572872588250121     
  0.571472352557134     
  0.600970865458696     
  0.595701971232433     
  0.596409257926481     
  0.612179696793274     
  0.565082045720562     
  0.533357064177274     
  0.559125761052110     
  0.627274135321231     
  0.672503029532562     
  0.587388143473415     
  0.683810334161481     
  0.540866206350258     
  0.539774100904508     
  0.611197947791624     
  0.573059310029468     
  0.522369667312418     
  0.620318336424545     
  0.625987044093124     
  0.639831407006960     
  0.624381118142561     
  0.608822080268686     
  0.574519105667439     
  0.529200305409278     
  0.552140658022393     
  0.563774999987710     
  0.581346115913111     
  0.604086095899331     
  0.554516915336806     
  0.628599722582741     
  0.550257650057104     
  0.580092409311722     
  0.545996952835569     
  0.555888907962779     
  0.582374811761278     
  0.620239191003691     
  0.599849248039947     
  0.590320474286242     
  0.599408294386653     
  0.551917533554688     
  0.593256233194919     
  0.612389756481150     
  0.524476123049866     
  0.523417135568812     
  0.654628342657581     
  0.546498049382671     
  0.579873982996910     
  0.537022980385061     
  0.561831259818258     
  0.560327190623571     
  0.573404251071929     
  0.721032819700618     
  0.580931035670154     
  0.567176338075879     
  0.642506020340636     
  0.613325545490459     
  0.579229279617567     
  0.651301019686311     
  0.567771190158367     
  0.575466661450178     
  0.621981549603882     
  0.576721721506081     
  0.570459356274681     
  0.541012424219930     
  0.579274881684775     
  0.573675891068903     
  0.554557617047318     
  0.609305186338622     
  0.525009910144419     
  0.506666224768640     
  0.571770076629937     
  0.557106152968137     
  0.561423935123819     
  0.545375781423428     
  0.551646795717041     
  0.581542256790362     
  0.559698152125422     
  0.534240726622908     
  0.536544693375881     
  0.620971945680623     
  0.640630419928021     
  0.631495889191555     
  0.618748990160250     
  0.560698135782515     
  0.530594420186197     
  0.584798539244743     
  0.673196998980718     
  0.621685343500138     
  0.540090002845289     
  0.565208614661796     
  0.567413264073882     
  0.631281211711570     
  0.547743727918847     
  0.573490882732059     
  0.609791325845328     
  0.568517225268727     
  0.569462208164494     
  0.541746798992634     
  0.564639605249154     
  0.565415751271210     
  0.590298461994193     
  0.569914965238021     
  0.571281418276007     
  0.591117269641821     
  0.661584861842347     
  0.551291275352510     
  0.627870518105923     
  0.601922809090513     
  0.610546131197748     
  0.601238323092422     
  0.623982488566574     
  0.588764305281096     
  0.593846446132051     
  0.626499534250499     
  0.508665313633042     
  0.558072098015930     
  0.610350735194358     
  0.599092547865077     
  0.524077387503724     
  0.546469518766575     
  0.645370966778156     
  0.532221876181810     
  0.528586966931584     
  0.527601318622649     
  0.561229533377032     
  0.587286295242949     
  0.565645184236078     
  0.629863200088320     
  0.554863264463618     
  0.558854841880579     
  0.576400954895789     
  0.569726207748091     
  0.543065043308060     
  0.552519632946255     
  0.528146085510651     
  0.545020311531140     
  0.690826003182256     
  0.563678562582393     
  0.558877040268919     
  0.581951547648098     
  0.596118274978968     
  0.656092164025968     
  0.528135074038255     
  0.522318820508266     
  0.546192936233218     
  0.537237239658271     
  0.556264676914452     
  0.571581518881003     
  0.616508842013683     
  0.561293924362773     
  0.625670830843861     
  0.578343280693511     
  0.644614859710029     
  0.575601403437571     
  0.599601816471128     
  0.583329991662230     
  0.557660037330497     
  0.636160183298828     
  0.614249601633863     
  0.534334036706278     
  0.547894238657817     
  0.608068012797741     
  0.568705187404603     
  0.562185995627978     
  0.564977612546443     
  0.587228210837777     
  0.517528200538129     
  0.583868337157179     
  0.612596981000927     
  0.594857327496275     
  0.566849319059215     
  0.595481061740034     
  0.573009742314620     
  0.608239033155488     
  0.623659772786173     
  0.533762389274561     
  0.562680309472411     
  0.563576846200829     
  0.554456299564988     
  0.528355347380124     
  0.643477994551485     
  0.557748612243232     
  0.638074649471995     
  0.602619831885319     
  0.583435267549870     
  0.565844251803367     
  0.531376002391793     
  0.504581905562161     
  0.558076039209832     
  0.583999033538053     
  0.513680146820556     
  0.593092403601185     
  0.621321207105757     
  0.557793905592526     
  0.474037126154000     
  0.522553035645817     
  0.590404202508622     
  0.592884844036015     
  0.723670440376515     
  0.736632151224383     
  0.721436119823929     
  0.744114266934619     
  0.781751165619518     
  0.735637090582145     
  0.800163623228875     
  0.771084492140085     
  0.760147127293201     
  0.708001364041323     
  0.731757300914550     
  0.756763835413902     
  0.771922493662654     
  0.742642549437481     
  0.722575604954555     
  0.753765371929268     
  0.783550404489637     
  0.712516090866634     
  0.741250032118123     
  0.809050766102283     
  0.801913359797581     
  0.791768275124921     
  0.775165354208492     
  0.765367265320432     
  0.788564683981653     
  0.759324263419926     
  0.806351453342395     
  0.776665325419580     
  0.796528045152220     
  0.759263187150418     
  0.742849315412246     
  0.711898999150190     
  0.809032890211414     
  0.791733399874797     
  0.762607944292436     
  0.764449819138021     
  0.787926585010022     
  0.836567889302546     
  0.785835799830551     
  0.686322205862430     
  0.737432251815877     
  0.750970376353041     
  0.708232237815439     
  0.777789245880930     
  0.767968841578737     
  0.757926721515936     
  0.748360857036571     
  0.793239281797868     
  0.760237061482786     
  0.826063352903442     
  0.752472860921915     
  0.726350615103832     
  0.786460984489763     
  0.747519459145963     
  0.770632352580375     
  0.762766766292548     
  0.722354105736549     
  0.844371089349814     
  0.761710704774623     
  0.764996819694776     
  0.777523001322443     
  0.761313602894175     
  0.789164037253843     
  0.755900718065457     
  0.759854218798694     
  0.752331980236286     
  0.705400289787306     
  0.799834924309774     
  0.732129726355927     
  0.778452089080600     
  0.804002485247297     
  0.733212258432520     
  0.789421851437055     
  0.763169703507872     
  0.813940645124452     
  0.797183802592139     
  0.763907761572894     
  0.756181548850788     
  0.785881119374785     
  0.776541422539860     
  0.702525302568521     
  0.830708346915033     
  0.773677106641782     
  0.742450240095655     
  0.768576032790528     
  0.750974418090363     
  0.766608663192067     
  0.733375159286683     
  0.755478373679467     
  0.768083072783942     
  0.778694958233663     
  0.743569836682585     
  0.737571993447053     
  0.756209134084735     
  0.797894028538846     
  0.755660228504732     
  0.780224308599864     
  0.737073013331337     
  0.784097698436605     
  0.768306007512431     
   2.44811193907798     
   2.22077286218856     
   2.28539897396737     
   2.30013832493027     
   2.23957540397028     
   2.25533795044585     
   2.33832592663781     
   2.23778638334056     
   2.16079925240483     
   2.18322541211666     
   2.38934180810794     
   2.65002311597750     
   2.31438257318199     
   2.57836702474930     
   2.13002253374584     
   2.17082797227360     
   2.33131154921308     
   2.21798869632173     
   2.09490493416298     
   2.35706932043769     
   2.41112493428549     
   2.33013159463664     
   2.36858921195506     
   2.50130945797471     
   2.33286518739915     
   2.15864377191000     
   2.13128140689423     
   2.26686676942182     
   2.14103379999096     
   2.39950169234549     
   2.31297643312765     
   2.28856431349853     
   2.18485667036700     
   2.24475948374904     
   2.22706230976733     
   2.31236667446146     
   2.40669393138200     
   2.30658789027082     
   2.36365262925409     
   2.35748877608407     
   2.30990490578964     
   2.19381775473270     
   2.22900448973609     
   2.35632967228373     
   2.12878190279222     
   2.23763355797543     
   2.42593104821005     
   2.19725314486930     
   2.20271724141585     
   2.22942951519612     
   2.21418227350118     
   2.18587089865655     
   2.20417385962437     
   2.61433328058370     
   2.29124609596294     
   2.21910211521064     
   2.35452873257022     
   2.38747258152118     
   2.30371315587072     
   2.48726990005571     
   2.24770996506013     
   2.30435314099549     
   2.41740255721944     
   2.40599914623382     
   2.27030962387131     
   2.19300846493570     
   2.31261932614813     
   2.36609968084092     
   2.17967693548177     
   2.36637906511592     
   2.17402895557783     
   2.10650784691867     
   2.28414900245574     
   2.24908893541622     
   2.25334857517976     
   2.22025910527294     
   2.27495123381447     
   2.34149136316097     
   2.26945899299280     
   2.18184678964450     
   2.20236566205146     
   2.31822774802688     
   2.35851050983041     
   2.43608126025012     
   2.40659983679037     
   2.15214705024988     
   2.27091259060286     
   2.27078368645513     
   2.37181419727421     
   2.46237475821205     
   2.14152743447521     
   2.33436433339505     
   2.20446428425772     
   2.33569526073660     
   2.20266911887436     
   2.21426293780237     
   2.26364085924924     
   2.28638209383102     
   2.15193365105358     
   2.20661097572037     
   1.33199872547936     
   1.32159432686455     
   1.33588212761068     
   1.29569729914851     
   1.33904460903656     
   1.46587384264272     
   1.39032975775136     
   1.25917829084792     
   1.31083131307925     
   1.31745715602688     
   1.29449734537223     
   1.37310897798407     
   1.32423937487105     
   1.46436252085940     
   1.37214919036358     
   1.42310382513543     
   1.38237775494082     
   1.34338662989642     
   1.36915719120462     
   1.26468939959817     
   1.27847904075481     
   1.39112947121269     
   1.38331354472032     
   1.28469359887914     
   1.26505707695674     
   1.26516371319515     
   1.22114450919714     
   1.33063844669445     
   1.31860078782006     
   1.39242486804320     
   1.32098994997216     
   1.33321284825838     
   1.28718740949271     
   1.34285424917406     
   1.29799072789793     
   1.36340931515055     
   1.25327634359200     
   1.29468395591665     
   1.37362168855895     
   1.33130644624626     
   1.38308266415796     
   1.32635567569026     
   1.36404259282678     
   1.39579089213728     
   1.27065558437848     
   1.30948918058832     
   1.27363380757272     
   1.30451192024108     
   1.27585833460185     
   1.32619437373894     
   1.36444667894450     
   1.32745387068686     
   1.33580443188084     
   1.25741265453834     
   1.36970735465289     
   1.33123486528066     
   1.30579675180431     
   1.26428013710776     
   1.30903668186849     
   1.39041057784626     
   1.44477227811117     
   1.32505169136172     
   1.34916955837121     
   1.32321201094009     
   1.30370474530338     
   1.39480452511361     
   1.37669078987747     
   1.38599622013443     
   1.23649014055530     
   1.36424506542680     
   1.34263895925320     
   1.36269741777343     
   1.31681709104546     
   1.36449483289350     
   1.29832278690521     
   1.33715665816681     
   1.31993530992285     
   1.35130221863170     
   1.33425041260543     
   1.38903501511350     
   1.31601664271642     
   1.30506542194555     
   1.31918625525192     
   1.42316557587038     
   1.42183561052889     
   1.34370750573091     
   1.41440119205552     
   1.34476727763361     
   1.28398230530367     
   1.30872183560838     
   1.27834187626193     
   1.46524172300203     
   1.33279513375638     
   1.30715708066304     
   1.33885907842409     
   1.39456074971296     
   1.35537614768994     
   1.32892761200565     
   1.30819851852840     
   1.37749831053807     
