  0.769089023990862     
  0.747628466379540     
  0.799289854334734     
  0.739174211042306     
  0.753685118765167     
  0.730107336873305     
  0.756387769386320     
  0.758207273939924     
  0.739601296973836     
  0.774540027207337     
  0.768925420187659     
  0.811049714226825     
  0.706763349844153     
  0.739422838703383     
  0.822732152150268     
  0.748874215068011     
  0.742443749234326     
  0.682848079002772     
  0.735939816913543     
  0.758285324272466     
  0.721713056700801     
  0.760873769557147     
  0.747761786887860     
  0.731633475862194     
  0.747231121246247     
  0.745554589115152     
  0.760713163998679     
  0.722225611940020     
  0.730499043907245     
  0.742875109353216     
  0.766480650661462     
  0.717814200252707     
  0.788661189819093     
  0.752334192729885     
  0.731467968119817     
  0.784686588821523     
  0.762598003264400     
  0.774909953410576     
  0.738272005535702     
  0.756313973749092     
  0.762535810592064     
  0.831291147368433     
  0.717194550693203     
  0.756751715541252     
  0.722643178386254     
  0.726873052202273     
  0.758503412245163     
  0.706658065713245     
  0.724987687521133     
  0.771502848913290     
  0.780091713321375     
  0.687467541962717     
  0.723944031645441     
  0.776481529940081     
  0.745716415584837     
  0.692171915555340     
  0.744568181273053     
  0.688181595636384     
  0.746615955271572     
  0.796221480532754     
  0.748538907321047     
  0.762898381508802     
  0.713919864918518     
  0.762125171706624     
  0.750690734297195     
  0.731690622344939     
  0.763036693329093     
  0.766456345406439     
  0.741041872087249     
  0.741282465462860     
  0.739566364890359     
  0.745367765040980     
  0.774114623083361     
  0.736508697155166     
  0.723655101803347     
  0.765763226618543     
  0.706508509869998     
  0.749255575388800     
  0.805035439038323     
  0.709783329679044     
  0.714858247952082     
  0.761279225332236     
  0.707090852794591     
  0.772831667552649     
  0.724239075151931     
  0.766146752509245     
  0.697495362276735     
  0.735157835145957     
  0.746792095502003     
  0.711948540327990     
  0.751434242486360     
  0.746980466664620     
  0.755864509601194     
  0.706285461278706     
  0.725383182930132     
  0.814313873052944     
  0.770166862588836     
  0.737046456649176     
  0.772640891410649     
  0.810497216418055     
  0.235873832122640     
  0.236075378643059     
  0.262739264903834     
  0.227578547110704     
  0.250400642070320     
  0.249782723366961     
  0.258068418923029     
  0.262679353505971     
  0.257735436930962     
  0.274942857951603     
  0.219808574251660     
  0.287967417781416     
  0.245050686568535     
  0.247583004629543     
  0.266767902079977     
  0.256428130141289     
  0.272317052306835     
  0.230763503294173     
  0.232340866236973     
  0.261421631786921     
  0.241864500167867     
  0.246387713980251     
  0.249896521282725     
  0.254398609195194     
  0.246573299723540     
  0.255674655061081     
  0.236174420685935     
  0.258553021519616     
  0.244573923147584     
  0.244965549373292     
  0.245271187102452     
  0.232446521383487     
  0.238695517753208     
  0.235235140115443     
  0.254216079853478     
  0.244231284834817     
  0.243479974304802     
  0.238274859261412     
  0.241464899210581     
  0.239597155642957     
  0.258565447895512     
  0.245061085072081     
  0.244451602189476     
  0.261814015473126     
  0.242309646400328     
  0.262582269290897     
  0.252680732723118     
  0.223185664468170     
  0.272481378548167     
  0.245760836738349     
  0.249479859831466     
  0.255558460954615     
  0.231161166512223     
  0.266418581350727     
  0.229948794692622     
  0.238947928786493     
  0.236681323341980     
  0.241278530646509     
  0.262964215400122     
  0.245483755598909     
  0.252227920008830     
  0.245884066478246     
  0.246213496747425     
  0.254458838770537     
  0.228536789802876     
  0.242853222975212     
  0.247218870583177     
  0.241098102031229     
  0.260061690929071     
  0.241753050305870     
  0.244622093482244     
  0.233549887849136     
  0.261001182377889     
  0.233345159509904     
  0.242049378102810     
  0.233840624928859     
  0.242974973429347     
  0.240956874279531     
  0.244399840520141     
  0.236614208247412     
  0.245370968799402     
  0.256394252789967     
  0.244412039679527     
  0.241823206240793     
  0.240704507579194     
  0.265956228841048     
  0.224991776275027     
  0.245105520762270     
  0.227932608830658     
  0.237456101965391     
  0.241007974389116     
  0.235626332626705     
  0.236908094856714     
  0.247611437747300     
  0.233244122124026     
  0.274728875844845     
  0.248242577305895     
  0.259374178840153     
  0.255681468213448     
  0.270903600970122     
  0.625522561837876     
  0.547508025589055     
  0.612615400328702     
  0.680844541536606     
  0.592846593961418     
  0.566643001148175     
  0.579032196552585     
  0.658081868261212     
  0.512896837059525     
  0.668152417038216     
  0.629395824559127     
  0.641717079748706     
  0.580342421001201     
  0.531305591719334     
  0.647850274975500     
  0.554505286827527     
  0.570310314057190     
  0.669416726016003     
  0.573090574084926     
  0.614609218017103     
  0.654394472184506     
  0.674251796259387     
  0.595728193808490     
  0.569625588695793     
  0.605387202782928     
  0.611650091054709     
  0.550668076217122     
  0.596239428154685     
  0.664542733521629     
  0.576339522734463     
  0.593578214678947     
  0.602634022561284     
  0.568842746479992     
  0.502811528189038     
  0.582894726953842     
  0.546957953175677     
  0.614323807417156     
  0.571534183706541     
  0.566704980904897     
  0.542972034971067     
  0.550345179973397     
  0.677872092386538     
  0.589989457752043     
  0.525547225173607     
  0.569740190542935     
  0.570031452806140     
  0.559554554760569     
  0.564492648605535     
  0.628471925927735     
  0.567065204488726     
  0.586029770804101     
  0.537840840518572     
  0.658925276512347     
  0.575810134743817     
  0.572493670487576     
  0.605533326656696     
  0.591153572952588     
  0.550492890566868     
  0.534424099165971     
  0.631928463180804     
  0.592304217330778     
  0.587151279656842     
  0.575324873598799     
  0.581227047693553     
  0.581581480760874     
  0.536699578063846     
  0.554162973161755     
  0.566699465636219     
  0.560503358075379     
  0.657687840295163     
  0.586246697138419     
  0.648905658945928     
  0.682431115666854     
  0.605545669810794     
  0.580435743560520     
  0.642722001048758     
  0.600941892462716     
  0.573504039285386     
  0.611576891362952     
  0.573637894296798     
  0.619425550228343     
  0.578415124450074     
  0.535050799380896     
  0.602634538756010     
  0.606780864805716     
  0.568045558500294     
  0.597515399197805     
  0.616551566641114     
  0.633104158487785     
  0.569394921718960     
  0.582433973358526     
  0.616894746428855     
  0.644111065039179     
  0.564636735401137     
  0.536404430862760     
  0.575457320238589     
  0.577743089477183     
  0.531274994126237     
  0.677263132313895     
  0.667713357156388     
  0.558011811587663     
  0.629644825188811     
  0.599406625192812     
  0.575521475899174     
  0.620812413197113     
  0.559136574656306     
  0.682145290962582     
  0.570986158312093     
  0.534158400898638     
  0.553428197970602     
  0.628531038126986     
  0.614223480742952     
  0.614334126133844     
  0.560579596195945     
  0.619258479280212     
  0.520737202292329     
  0.545109488427675     
  0.580108254975446     
  0.605430262896897     
  0.799450501767337     
  0.619708690419530     
  0.612673465912693     
  0.540628347185289     
  0.601645876485412     
  0.658161988357432     
  0.648509575381873     
  0.659002991544406     
  0.587996827285221     
  0.525109531427481     
  0.617524829086170     
  0.571859626907279     
  0.655897386827200     
  0.661320687327626     
  0.556687359029358     
  0.568259650191623     
  0.618188668883429     
  0.565339905191031     
  0.632857339014493     
  0.612551564385253     
  0.530313893060768     
  0.642351151887774     
  0.617762277268406     
  0.552159307071877     
  0.735873387637525     
  0.533493293939840     
  0.683753089681321     
  0.568588701848194     
  0.541503799605763     
  0.597538359633578     
  0.565502758203877     
  0.564425873653111     
  0.581862711324115     
  0.584162506487324     
  0.681777726050545     
  0.576102004548996     
  0.565445679347094     
  0.556082636450372     
  0.537129015204394     
  0.528779574477785     
  0.588628779955403     
  0.627844354310031     
  0.560546013458991     
  0.614015318446984     
  0.555162706376349     
  0.640576648739750     
  0.603570949049967     
  0.605425628179677     
  0.580842242288284     
  0.631648842166417     
  0.633702136608266     
  0.541280363078379     
  0.540831704633142     
  0.509207457180762     
  0.607369392952714     
  0.547180293338977     
  0.571108059981668     
  0.684873277224884     
  0.488510664164232     
  0.568540916001815     
  0.503964508000415     
  0.619637361006438     
  0.622626256271763     
  0.532575429198006     
  0.601107054537370     
  0.546284925766595     
  0.581123001608680     
  0.679058346369315     
  0.547867934779489     
  0.545941532915815     
  0.572048675965776     
  0.569932775775736     
  0.521423916167407     
  0.607263852737125     
  0.548003203515738     
  0.581001769785056     
  0.585586912592280     
  0.650155078148474     
  0.580083034680978     
  0.687330957704212     
  0.597012009702462     
  0.711533860542018     
  0.730518615750903     
  0.731909357980989     
  0.799494400626514     
  0.799776068422348     
  0.770644487328720     
  0.805981626442144     
  0.761883824566347     
  0.761583706145291     
  0.742973104867695     
  0.761771360819330     
  0.764642752089561     
  0.761297902895901     
  0.752099656774702     
  0.744804761015499     
  0.723559580675873     
  0.778971217767174     
  0.794497648101086     
  0.745586353430474     
  0.732545898204629     
  0.802197975759082     
  0.788718019022776     
  0.724036108340425     
  0.773257199590243     
  0.735343336317264     
  0.741827955224040     
  0.744381192537747     
  0.790663548371544     
  0.715689331356086     
  0.821757681661627     
  0.761397060459844     
  0.766570909259628     
  0.778562135218117     
  0.763483848858051     
  0.776992595931991     
  0.749025192634049     
  0.723860123134201     
  0.758809374377451     
  0.729345591766449     
  0.744914572172009     
  0.798168671887441     
  0.758130308215760     
  0.771865741584431     
  0.741680281575105     
  0.745661855456425     
  0.786834276375999     
  0.732004563653436     
  0.779754337967909     
  0.823916817982413     
  0.711540134743294     
  0.715192959033720     
  0.730038111411518     
  0.756267541384521     
  0.825585093279512     
  0.744694428347405     
  0.777940775496780     
  0.760496500306606     
  0.778351077357452     
  0.754619264889764     
  0.792481454158681     
  0.730874452829221     
  0.749214200027722     
  0.803424525765404     
  0.783439823905622     
  0.717633486477859     
  0.773911522151388     
  0.725950320103218     
  0.764713539264071     
  0.761287534324835     
  0.747418533767295     
  0.807688078906390     
  0.825923965834073     
  0.781871007677757     
  0.789417645743799     
  0.774060795127175     
  0.772070571131707     
  0.708526054227223     
  0.758937443549444     
  0.831012306191422     
  0.807512544454691     
  0.750728652082143     
  0.737725567159629     
  0.775714880809127     
  0.816499472583020     
  0.794770577031260     
  0.778385737322064     
  0.750941729318421     
  0.757969666887448     
  0.773713812299973     
  0.785501135027027     
  0.790933065670549     
  0.815055610001096     
  0.749126875073977     
  0.761340318385107     
  0.756692485516746     
  0.755760752626510     
  0.797240565294546     
  0.747185240470687     
  0.705695531592295     
  0.809869992012044     
   2.29477909167626     
   2.12584295310618     
   2.28294225188381     
   2.42801092671316     
   2.24657032870604     
   2.25754790949729     
   2.42658308055731     
   2.44122649293359     
   2.14881511546205     
   2.49760462898427     
   2.25675767943134     
   2.32584868537108     
   2.31287888847819     
   2.17730176597189     
   2.47233654466408     
   2.26206194197716     
   2.35568379346059     
   2.49257561431282     
   2.20485805652518     
   2.35596474199465     
   2.43233556267021     
   2.29871838895817     
   2.34191444867534     
   2.26094474838089     
   2.24247335936222     
   2.39582978638445     
   2.22723233429015     
   2.26774008215213     
   2.33124191228458     
   2.26382163533602     
   2.20654701042001     
   2.21989965343781     
   2.14537039557494     
   2.06757344045513     
   2.34844417496919     
   2.34969379116667     
   2.23646431993936     
   2.13603061592356     
   2.30283697467721     
   2.15085424679848     
   2.35353465606279     
   2.49621121356284     
   2.31930508736088     
   2.20623189693486     
   2.30863460956971     
   2.20062408224854     
   2.23588880659530     
   2.16955023958514     
   2.38994264405940     
   2.35656161319779     
   2.31830841246753     
   2.22825604717818     
   2.44959216227787     
   2.24958251147861     
   2.32568076462325     
   2.35157653878019     
   2.32960803475969     
   2.21652458361166     
   2.22383950238014     
   2.35912013183879     
   2.20412335738473     
   2.36532958642306     
   2.32825402184070     
   2.24001283274071     
   2.23505172016251     
   2.15505522724423     
   2.21258561518390     
   2.14634898657038     
   2.31700037519007     
   2.45415818795089     
   2.25613953194507     
   2.39410696802872     
   2.52606995743900     
   2.25150347710336     
   2.25810320267645     
   2.40354241478494     
   2.26281078077005     
   2.27807626849046     
   2.34381698108468     
   2.22890819042543     
   2.26866511672858     
   2.20323903429943     
   2.07831328873868     
   2.17228419611590     
   2.33808220109125     
   2.36768611066411     
   2.33320513795875     
   2.33690695661701     
   2.25274678169392     
   2.28258189190296     
   2.39274441850527     
   2.35626595305443     
   2.35816135094862     
   2.18190462951625     
   2.17180163777843     
   2.30544919423331     
   2.28817648754069     
   2.19326681462926     
   2.41680517257522     
   2.43175178820946     
   1.30249673555088     
   1.34023962710316     
   1.41843738980203     
   1.34426142938952     
   1.38950435157053     
   1.35006252267557     
   1.40673276575683     
   1.27823129204639     
   1.27731885071372     
   1.39371683815555     
   1.34319785320953     
   1.31006110455917     
   1.36305438285286     
   1.35340500754331     
   1.40329558970533     
   1.30251846169378     
   1.24281156045853     
   1.29483294382599     
   1.36175165457087     
   1.52696466994652     
   1.32054436086503     
   1.35044551567831     
   1.29482784891034     
   1.30541583753938     
   1.40357476086600     
   1.45856256948677     
   1.36588583308775     
   1.31937682437642     
   1.20929413100166     
   1.36764020383162     
   1.36453301058887     
   1.41632105559973     
   1.38837815625245     
   1.37494039516538     
   1.34709549263542     
   1.29330007723613     
   1.26884449342314     
   1.43147994661992     
   1.33342442608539     
   1.36532325239162     
   1.35459765642435     
   1.35780146954000     
   1.27327753682963     
   1.49411833946262     
   1.30874390549915     
   1.38517865126259     
   1.33156030657764     
   1.26531958700494     
   1.44589046361748     
   1.34245694354207     
   1.40391287662407     
   1.29099548061253     
   1.31217472904618     
   1.38399245238263     
   1.26974073088679     
   1.32074978037737     
   1.35678165672794     
   1.25857430030068     
   1.23875565581409     
   1.32927896629517     
   1.34715372137614     
   1.28604329230686     
   1.35775568482647     
   1.36484553706183     
   1.34495799836894     
   1.37839814242502     
   1.38606225985520     
   1.35913084496615     
   1.34119708197156     
   1.37776952029018     
   1.39731237512333     
   1.31108315407259     
   1.36209278060569     
   1.30752869471314     
   1.24941462706256     
   1.34314832320477     
   1.36221088391977     
   1.30433441233986     
   1.30830905781588     
   1.35205872764704     
   1.37591696868752     
   1.42703508336887     
   1.20096704696051     
   1.32015229208536     
   1.26662828425950     
   1.30030333462797     
   1.30806929538914     
   1.28942674801051     
   1.31195740874040     
   1.33716946281945     
   1.33806699836004     
   1.28747624846305     
   1.35033365835584     
   1.26284966244767     
   1.36648110335121     
   1.43986713811216     
   1.37383665525117     
   1.33143590900164     
   1.48111932826035     
   1.40074509812104     
