  0.733975188151452     
  0.738282358618579     
  0.700747152094061     
  0.709330438613164     
  0.741400648007172     
  0.755086526684806     
  0.794986529756430     
  0.736417326663346     
  0.712960240565293     
  0.756185206327467     
  0.730512432710109     
  0.772442374120424     
  0.819921417762380     
  0.713491886145512     
  0.744602588791966     
  0.738311773925080     
  0.706458669151251     
  0.732866295811945     
  0.757393926186264     
  0.753055271600970     
  0.691657120305972     
  0.732520737055584     
  0.732260123630019     
  0.778056455602546     
  0.696470987196124     
  0.743267646791863     
  0.687512925355731     
  0.704178777998100     
  0.727986039243517     
  0.753181389134129     
  0.758793859036764     
  0.763142507356005     
  0.735832330464697     
  0.703081261628965     
  0.687503170029044     
  0.736213169565864     
  0.801401080757930     
  0.793665268855744     
  0.758351231420123     
  0.798415586972203     
  0.791218539108749     
  0.744564158624287     
  0.776836142470592     
  0.725080318141428     
  0.700742942635912     
  0.736663323674114     
  0.761357138671992     
  0.651533160786786     
  0.783796227588045     
  0.754516802976522     
  0.737714286060203     
  0.746484717727824     
  0.792304213060517     
  0.727420989984586     
  0.756116106419031     
  0.724078253600583     
  0.719268239295133     
  0.759128165553723     
  0.721873106896636     
  0.746270495951983     
  0.794817513685151     
  0.689386625988027     
  0.710938054508474     
  0.740937009594681     
  0.802399660247813     
  0.801189320645057     
  0.765951532930736     
  0.747731011453407     
  0.790854274198760     
  0.709663848876834     
  0.785799208814792     
  0.727581877748594     
  0.780425174636060     
  0.751502033859455     
  0.737886605797153     
  0.767162408657683     
  0.754429646520031     
  0.723058529528992     
  0.769902037185893     
  0.787025596697580     
  0.770486745908606     
  0.742770398770978     
  0.738673174649124     
  0.755284486500631     
  0.775381000612784     
  0.724142023957465     
  0.782017260966669     
  0.766873133109377     
  0.720158671350122     
  0.708174385479194     
  0.784356229198744     
  0.727534752866245     
  0.750641798956804     
  0.768300708070320     
  0.712888321817796     
  0.749433723388881     
  0.706743801534993     
  0.737622051390911     
  0.721314732071894     
  0.778358145092185     
  0.231374034508285     
  0.250172220332066     
  0.244846913596591     
  0.243577240711545     
  0.247270717912355     
  0.247737785693457     
  0.271856904646576     
  0.243894788807580     
  0.240602442757007     
  0.241022859620849     
  0.251026043522533     
  0.234145448461688     
  0.250364075859392     
  0.251669720072570     
  0.242639466195195     
  0.258197066825827     
  0.235571909994882     
  0.247724833349056     
  0.240955331754046     
  0.273982370156889     
  0.221121452387759     
  0.241728025859269     
  0.250823251556999     
  0.243520668128936     
  0.244791359357427     
  0.250596571727087     
  0.248181466565996     
  0.243822149703660     
  0.251831802041637     
  0.238686813121148     
  0.227922988225912     
  0.256748682315690     
  0.254771911681326     
  0.233225880007099     
  0.240046658851092     
  0.247534164879328     
  0.258504203717994     
  0.293787304536153     
  0.253143972362460     
  0.252724541589977     
  0.235949088151990     
  0.265821761141091     
  0.229027135255863     
  0.251423648136622     
  0.244749848244282     
  0.243574642833362     
  0.259378777772877     
  0.220194272592772     
  0.271469295374509     
  0.247278886666368     
  0.225105236922569     
  0.266713528185373     
  0.265181309146482     
  0.235050851398663     
  0.258557527283119     
  0.248978017602505     
  0.229412364500412     
  0.270068168466438     
  0.232500461177433     
  0.243461054591411     
  0.271034344926784     
  0.240671088583510     
  0.271039254789506     
  0.242727968649192     
  0.260948620069506     
  0.237263526347925     
  0.251840076707973     
  0.254927084341320     
  0.248258475652461     
  0.243617619916068     
  0.248412338940150     
  0.260290300839168     
  0.264835202293481     
  0.251304324936016     
  0.272471649204390     
  0.249305350380972     
  0.259591444564370     
  0.248059578911470     
  0.251106641858217     
  0.250956657893939     
  0.263266176270547     
  0.254447102461553     
  0.239258552469378     
  0.243914833241860     
  0.258061964586898     
  0.252410061694161     
  0.263337066594829     
  0.249889037667684     
  0.253431345494307     
  0.246075659279790     
  0.242894566452803     
  0.236791567176760     
  0.270178543380487     
  0.260527784834900     
  0.238753126448624     
  0.245700164413770     
  0.258235101997290     
  0.230030152072401     
  0.269921865260649     
  0.266922909953781     
  0.596155003585429     
  0.504588206405347     
  0.590106417371202     
  0.587466549945513     
  0.563697998497912     
  0.514744182739146     
  0.623496569642697     
  0.564148780724283     
  0.563151799998950     
  0.560277695701931     
  0.607928801698818     
  0.564099386606668     
  0.578578925167457     
  0.585033851257102     
  0.558983947636168     
  0.574806204840499     
  0.581196008144266     
  0.512990950950891     
  0.560635370760119     
  0.531104033508043     
  0.641853839592933     
  0.706287241269608     
  0.615065989756222     
  0.568524690394877     
  0.582723532462941     
  0.579685550691339     
  0.572250038641449     
  0.540579673931026     
  0.555946714059791     
  0.592997395929641     
  0.516619010029962     
  0.556900854308394     
  0.521014821477320     
  0.551405550927735     
  0.505256117747816     
  0.566645432309016     
  0.642536787749485     
  0.634499299625611     
  0.594863770229295     
  0.562204724974266     
  0.604570370582562     
  0.590940558738667     
  0.668729254958508     
  0.569460581801297     
  0.607805712594171     
  0.572558118571695     
  0.541783081917007     
  0.563310067570077     
  0.561056599310102     
  0.565552839118996     
  0.580902966317948     
  0.577792561438603     
  0.587853476682579     
  0.522824841498915     
  0.535174831421844     
  0.537555495767183     
  0.629770305844527     
  0.558342268142715     
  0.530373828551973     
  0.562155383046796     
  0.592950157021376     
  0.565160438541634     
  0.549503697555930     
  0.589160874190813     
  0.557631785880073     
  0.627351958474688     
  0.534530929666447     
  0.513583127895666     
  0.602290876926076     
  0.514989429768696     
  0.604637417111483     
  0.581953729789134     
  0.627323956063386     
  0.579218038182683     
  0.589177868451129     
  0.602851296272181     
  0.569360373203830     
  0.570685434044735     
  0.618304959862707     
  0.507680863638208     
  0.547902720967936     
  0.558556888170738     
  0.565272483014140     
  0.657051957179404     
  0.632086909565850     
  0.527027543382175     
  0.608525947120170     
  0.588006919232222     
  0.729175503684649     
  0.549132080393717     
  0.609714809280754     
  0.538229031735725     
  0.602598502992625     
  0.545888068743283     
  0.495728825225225     
  0.578892967200110     
  0.511860638030286     
  0.588349127426995     
  0.526117222226729     
  0.605877091565186     
  0.639964873404053     
  0.539065779620411     
  0.482900506322984     
  0.553808157370562     
  0.592573586873729     
  0.594168916923085     
  0.559144107494326     
  0.604371142353677     
  0.550055862795600     
  0.612172384968874     
  0.555689675269336     
  0.551059335516127     
  0.571150073924398     
  0.583367792792567     
  0.705007484605782     
  0.547815409547301     
  0.491929661396318     
  0.562096891427072     
  0.531330292830769     
  0.627146749724557     
  0.597917990742517     
  0.621643459672459     
  0.563632758623770     
  0.624354894621768     
  0.495160976058209     
  0.612088961965148     
  0.554348039440030     
  0.528916040801759     
  0.536885380394634     
  0.552733966779964     
  0.651785075068644     
  0.568281165092059     
  0.583841426973545     
  0.600201522890391     
  0.560281768651394     
  0.618580440597080     
  0.550685894934854     
  0.565726713787284     
  0.605289929235995     
  0.597598587572555     
  0.547411978773891     
  0.545407328594085     
  0.567702300461507     
  0.575182116348554     
  0.515177774048402     
  0.540043048283745     
  0.675376356788634     
  0.495297183628260     
  0.568382156369893     
  0.576061183613644     
  0.549718717378155     
  0.531418531234435     
  0.560412272707081     
  0.538964085611521     
  0.614153707396361     
  0.583280173629895     
  0.534748388868338     
  0.558557744125773     
  0.552517849022828     
  0.583882224083309     
  0.753397312979656     
  0.613571177353016     
  0.643260967111924     
  0.529549605259813     
  0.663769054773085     
  0.665678574529458     
  0.577598884780714     
  0.610605830786774     
  0.569278524883256     
  0.528286066700101     
  0.624710945010542     
  0.595301247680535     
  0.567054683175112     
  0.657787467102230     
  0.601309023020048     
  0.571461890560204     
  0.595497668669354     
  0.536390028304643     
  0.563540393789699     
  0.519842267891307     
  0.589115149933670     
  0.576590453566832     
  0.653699839074972     
  0.635271926261544     
  0.544313353223870     
  0.562573000156507     
  0.536573181323903     
  0.522169499234896     
  0.562737387378808     
  0.604989412692033     
  0.629232634136748     
  0.576568783197336     
  0.529549291979962     
  0.521262397862418     
  0.583993788367614     
  0.573307359827513     
  0.622070206117412     
  0.533669145922669     
  0.597681105187384     
  0.534097104779672     
  0.767472887557082     
  0.736371723101582     
  0.814136141182006     
  0.746731879045347     
  0.771198395186592     
  0.768379462887934     
  0.758166680517750     
  0.761893642160991     
  0.770358969790087     
  0.744664778969299     
  0.732715905490988     
  0.771203648988584     
  0.749927732915428     
  0.751332076361750     
  0.780965815005685     
  0.702594601587434     
  0.811311354627348     
  0.755363736360998     
  0.753931605629591     
  0.778251028907125     
  0.808122504947224     
  0.771297187288625     
  0.722299457817349     
  0.777622349574249     
  0.756350458723658     
  0.732058970117607     
  0.800525204338143     
  0.780382268337702     
  0.778024997677759     
  0.805324200747601     
  0.753982778997399     
  0.768240060283455     
  0.738426035337880     
  0.724592913118171     
  0.777628519585713     
  0.740598798076078     
  0.783280705102216     
  0.812330854599884     
  0.732033501070241     
  0.759061660379512     
  0.791762641302801     
  0.719895637663495     
  0.747468787378760     
  0.778489659255931     
  0.764847959863224     
  0.751974876460856     
  0.755427159240916     
  0.773128689525229     
  0.725496584236099     
  0.750278717023489     
  0.770095159714486     
  0.794689119865015     
  0.727993390279697     
  0.726318430578003     
  0.796917666579587     
  0.769899969611888     
  0.752499573100007     
  0.738911928892417     
  0.746182927023033     
  0.757462310694994     
  0.763362364210120     
  0.758168629829052     
  0.772001567559579     
  0.801646732503727     
  0.759376902361394     
  0.765595705059280     
  0.749340235567898     
  0.795822809761543     
  0.762506933634057     
  0.763293033649220     
  0.744094099011897     
  0.745566148491099     
  0.765934476793577     
  0.780396020884149     
  0.722804323491128     
  0.753558054698798     
  0.759297799276680     
  0.763585314080066     
  0.788576332273713     
  0.748546864947312     
  0.776310706544809     
  0.770216296343843     
  0.727568708988936     
  0.819013082452826     
  0.787234809245780     
  0.791933970536400     
  0.762643434111209     
  0.695887463460984     
  0.818083538351686     
  0.743396929812078     
  0.759005682369590     
  0.742595029353752     
  0.756094585777941     
  0.768849560921439     
  0.747682578508133     
  0.753760613307910     
  0.801556365853688     
  0.758705440373944     
  0.780016162127142     
  0.759813654089559     
   2.33159662421028     
   2.00103148397901     
   2.28202107206963     
   2.24361371287491     
   2.21237940780555     
   2.11491860753560     
   2.44007249405604     
   2.14952635481190     
   2.14657701320941     
   2.24171571269699     
   2.37618969497502     
   2.25786560531489     
   2.27906536026520     
   2.17346018105067     
   2.14158387699329     
   2.33048363634023     
   2.27038296067288     
   2.11321020798363     
   2.18386115602429     
   2.10021057391003     
   2.34664722475022     
   2.37479400466580     
   2.30161986545693     
   2.28098368755302     
   2.30089079320972     
   2.29878852549945     
   2.04968450056434     
   2.14175558790412     
   2.23189173978031     
   2.27360544484060     
   2.13044933039559     
   2.15677370605918     
   2.12462710123269     
   2.13562572542359     
   2.11071866263959     
   2.26349963871574     
   2.46894183860849     
   2.45451373323905     
   2.29691200966675     
   2.12010748323877     
   2.22206068378765     
   2.34226126633886     
   2.39070187980730     
   2.13297751563225     
   2.25052220467587     
   2.24699921273633     
   2.20579928990081     
   2.09249999721023     
   2.30158082013576     
   2.23486011918647     
   2.27026634271273     
   2.26864350816291     
   2.26649586775990     
   2.11523563882200     
   2.20587490897135     
   2.21147584213995     
   2.36657204942749     
   2.27586344996746     
   1.99989171946227     
   2.17698341619861     
   2.34568208898555     
   2.39194453554714     
   2.25457695594782     
   2.31467258642973     
   2.28156498127923     
   2.26727075637735     
   2.20530217511314     
   2.13822956053220     
   2.34625430617309     
   2.16158685641354     
   2.32011634925617     
   2.32570390322632     
   2.46928830750707     
   2.15430933958878     
   2.33057674402923     
   2.36057347864587     
   2.36849876711897     
   2.18000404533862     
   2.43882838176778     
   2.14658101708221     
   2.17733629712755     
   2.37054586341532     
   2.23692702926478     
   2.40056091777323     
   2.53176910516141     
   2.20893028560567     
   2.29159105437379     
   2.27385763666313     
   2.61305233693208     
   2.12734156741367     
   2.31472851954353     
   2.23022029322757     
   2.33131170426739     
   2.23166515236701     
   1.96208211427182     
   2.31665272468213     
   2.05626222180844     
   2.18886030624491     
   2.15038228511748     
   2.50222817971123     
   1.41380007926351     
   1.40846285665124     
   1.20878032462989     
   1.33683392063886     
   1.30203493062296     
   1.36519635827986     
   1.34847571605961     
   1.35494977676664     
   1.31211670935844     
   1.42683028758075     
   1.35767772371417     
   1.30091485055556     
   1.27109704163442     
   1.24012747475928     
   1.38991590960490     
   1.38228660511921     
   1.28284163574604     
   1.33916807617465     
   1.29958221013977     
   1.36295424527592     
   1.33582513829829     
   1.36479967934424     
   1.31533563235986     
   1.33873323497267     
   1.22002246407426     
   1.37972442725392     
   1.28250028626122     
   1.29551282909328     
   1.23893002501480     
   1.32659604238077     
   1.37777461380748     
   1.26184924938671     
   1.36758438728315     
   1.33814091122067     
   1.29959671904513     
   1.39064002977334     
   1.35047750839072     
   1.39021888952109     
   1.32753131484007     
   1.32762728519812     
   1.25721697488287     
   1.28200323428601     
   1.41802123073614     
   1.33540553785786     
   1.33528397573866     
   1.33166871238602     
   1.42684683552630     
   1.28952862547816     
   1.27009212415472     
   1.39297216236149     
   1.31170302346797     
   1.36585784571584     
   1.35415667058920     
   1.35692473276788     
   1.47019366038017     
   1.37950233419094     
   1.30986734279367     
   1.30880213777780     
   1.35082585200780     
   1.42234787466555     
   1.43173614708063     
   1.33418338836994     
   1.30345999133993     
   1.32044031667187     
   1.45730207178193     
   1.42990967929355     
   1.33637976579319     
   1.34569344298597     
   1.30323266764905     
   1.25640698818502     
   1.37172109918379     
   1.29163803816598     
   1.27971339341152     
   1.36916667585883     
   1.45721601803687     
   1.32499040413788     
   1.31479457978777     
   1.39599231288588     
   1.36912780995325     
   1.32031401067073     
   1.37121638214352     
   1.37464592873342     
   1.36163070223918     
   1.44149620443418     
   1.33515987009756     
   1.26124278668330     
   1.32081022459370     
   1.31957393411659     
   1.30391447208782     
   1.39201884296077     
   1.40955974277408     
   1.42214509579011     
   1.33679814542812     
   1.39766806695072     
   1.36994344769173     
   1.34164900194392     
   1.43733534561302     
   1.38953191747397     
   1.31729431729838     
   1.25535546240320     
