  0.760790738933692     
  0.743406028284175     
  0.703437082194201     
  0.716888847536176     
  0.743994729102688     
  0.695376929429987     
  0.812703812522230     
  0.716978648564996     
  0.771627246156664     
  0.816008522165438     
  0.743020540058003     
  0.742594683975953     
  0.658619290678135     
  0.751012912232931     
  0.745561414266569     
  0.772686295493393     
  0.768986698569643     
  0.772144695605007     
  0.784150663924682     
  0.834984609296242     
  0.784411067740337     
  0.787544780962317     
  0.753521599072697     
  0.704984076647672     
  0.674884340321919     
  0.725890751017882     
  0.779616333199650     
  0.764694277190055     
  0.745984130968212     
  0.760257974632077     
  0.727422583754259     
  0.722905095822401     
  0.756061016041096     
  0.767370028928294     
  0.722910245118992     
  0.738399874584692     
  0.761423212317176     
  0.709711994316745     
  0.762548697378324     
  0.765824696217280     
  0.717591796402368     
  0.726520531860858     
  0.748336844741417     
  0.773207027737629     
  0.719622125377934     
  0.741033330372640     
  0.712106961184542     
  0.802260970691814     
  0.705667393587351     
  0.684385301403621     
  0.748240321173478     
  0.722244316425047     
  0.767938332646438     
  0.741367550756384     
  0.745710474160893     
  0.781272151512629     
  0.724632266482648     
  0.742104523386743     
  0.736937829798589     
  0.743035658265661     
  0.748502334269197     
  0.770509042922387     
  0.731775768748406     
  0.742766816056310     
  0.749864553184523     
  0.757486115886326     
  0.761625209588499     
  0.781748100971506     
  0.804066714919760     
  0.749918651059406     
  0.731360817872458     
  0.752194434736622     
  0.712343463790246     
  0.732602355479842     
  0.669087152230125     
  0.706544543690116     
  0.773086460157307     
  0.691912594255465     
  0.739299917685158     
  0.736990154112584     
  0.762247627523411     
  0.747551224363636     
  0.753220929328549     
  0.742891529304478     
  0.753096913475593     
  0.778236965886591     
  0.827612636680198     
  0.760682887119078     
  0.765159768993320     
  0.696185127473631     
  0.795616124938240     
  0.731455219050195     
  0.765577054518246     
  0.772599674011245     
  0.738339763086275     
  0.735096904393692     
  0.760527891416882     
  0.698115647667884     
  0.749617883686085     
  0.734933422966507     
  0.257394696188076     
  0.244327633267483     
  0.228579044298008     
  0.245994743821776     
  0.258477146275450     
  0.216642887703624     
  0.251405973373491     
  0.252323237853662     
  0.242801468790639     
  0.246614373298931     
  0.262202334551104     
  0.254537625328495     
  0.243761537721745     
  0.245360889128058     
  0.255312231601978     
  0.263933397417843     
  0.254640354712749     
  0.271698805525242     
  0.266335344816402     
  0.242921013699481     
  0.271617788165274     
  0.261696786531649     
  0.272801204985831     
  0.241468469692800     
  0.234536860238935     
  0.242701445315871     
  0.247062142489959     
  0.246311120343602     
  0.250607838157481     
  0.252026761129636     
  0.222790397046597     
  0.236528524673966     
  0.235097786688516     
  0.249457108928036     
  0.268309200769137     
  0.257784042074018     
  0.232578243929057     
  0.254777815896702     
  0.283857682814100     
  0.250690315263939     
  0.251984733851477     
  0.262116173036821     
  0.245360742379887     
  0.238202707544923     
  0.277467502104259     
  0.257175181646946     
  0.246346627394547     
  0.260189725969751     
  0.227218813085919     
  0.206303085207288     
  0.259732145432404     
  0.242075764317899     
  0.276127303999276     
  0.235231029750442     
  0.260669576548317     
  0.250759984963427     
  0.264499716875588     
  0.229115919193789     
  0.252580646202292     
  0.255222481589336     
  0.258190953626491     
  0.270665786125696     
  0.243217496265033     
  0.263891975860127     
  0.225822279688351     
  0.258769320510115     
  0.237652671509149     
  0.268025085848701     
  0.242353372412951     
  0.253571650033357     
  0.258664916576475     
  0.262827733306427     
  0.270864560012768     
  0.256885353838906     
  0.236545146173279     
  0.245865431608071     
  0.254849207884242     
  0.221047043702043     
  0.254516996859217     
  0.255907160380271     
  0.244543208076555     
  0.246794808164721     
  0.246234485688036     
  0.247630079761421     
  0.263410996006432     
  0.267368242593716     
  0.249327710235996     
  0.258268773026185     
  0.247573276704533     
  0.262844223779001     
  0.266299051826458     
  0.224349278215528     
  0.244278884197090     
  0.263065541364654     
  0.230720061732544     
  0.243760913210282     
  0.251056481685648     
  0.221182752040628     
  0.265896947018309     
  0.222755718835477     
  0.570314499445288     
  0.662057150919572     
  0.602481125048412     
  0.476654766681388     
  0.543775088878167     
  0.535240632256759     
  0.566258878289146     
  0.606306757984119     
  0.563520106083002     
  0.560940835624378     
  0.577802505068961     
  0.555685829666622     
  0.562406682843343     
  0.642368154309008     
  0.598825211930043     
  0.557624966148811     
  0.532263298570253     
  0.526303939579598     
  0.606113340687956     
  0.662728045120415     
  0.602361217610504     
  0.658009719904115     
  0.545690082720365     
  0.549471546960385     
  0.611401271623875     
  0.552034712687756     
  0.570712388076394     
  0.533689742166913     
  0.554789737497790     
  0.525093384891724     
  0.674331496185464     
  0.573210431108950     
  0.598101735029142     
  0.712252447404998     
  0.530728788782954     
  0.578492201739561     
  0.582452924687244     
  0.518052821174401     
  0.582276742117859     
  0.594426789371464     
  0.564706399750995     
  0.578420567586375     
  0.518788616631367     
  0.558463381138582     
  0.597765987204896     
  0.610422600706777     
  0.548853520089294     
  0.659257786038143     
  0.605341695741761     
  0.552501778167815     
  0.612331369365684     
  0.522806240783488     
  0.555903565776613     
  0.612366423733432     
  0.626610078314661     
  0.599968772422237     
  0.561607215816553     
  0.609776737245370     
  0.600866752740237     
  0.640740527132644     
  0.604020253886324     
  0.649103635976018     
  0.550280915111528     
  0.606540051343537     
  0.555444186657633     
  0.615084870268519     
  0.613269907957694     
  0.572996200866971     
  0.524415650681689     
  0.607470404851099     
  0.593331858977573     
  0.567824124089531     
  0.592487039067300     
  0.574088170783293     
  0.588767424756813     
  0.574778495663775     
  0.556268994900606     
  0.536337873842782     
  0.589385489667910     
  0.546340370654812     
  0.523989959203637     
  0.600748516990143     
  0.589125639119231     
  0.703627133573324     
  0.608396037354029     
  0.579335166058305     
  0.657976900109932     
  0.764567504432684     
  0.525097077407933     
  0.555939692354876     
  0.670381782199615     
  0.601896488412243     
  0.599821139160771     
  0.573422466412104     
  0.522614979864158     
  0.569158515659332     
  0.632316669252594     
  0.561700445273589     
  0.601244451826238     
  0.582775877970922     
  0.538592639532240     
  0.519008038006023     
  0.599363627412604     
  0.553044845158237     
  0.635001744470554     
  0.500192327782559     
  0.649097111943292     
  0.587817157131087     
  0.605337515244714     
  0.575870556096282     
  0.621696784460463     
  0.650765526810611     
  0.540300674226128     
  0.615169897079275     
  0.582898769011820     
  0.587914312537166     
  0.584633311220953     
  0.756136341275499     
  0.615429419243956     
  0.556383354620504     
  0.614844327193140     
  0.580309997380339     
  0.613396111476609     
  0.613448435488314     
  0.584181682028472     
  0.579590649925994     
  0.607904628879571     
  0.547964744070928     
  0.547664008398050     
  0.540803365994959     
  0.660697179768913     
  0.587671791834422     
  0.579082798595348     
  0.582188771990519     
  0.583614556651790     
  0.586005570225759     
  0.610818520536265     
  0.577646776753078     
  0.618240879666749     
  0.551722062739362     
  0.612038957043065     
  0.545833169078065     
  0.509122123826156     
  0.605631693288112     
  0.603341089793258     
  0.554862747357227     
  0.691009544542742     
  0.549965304190682     
  0.537589845664737     
  0.681363733290290     
  0.568021784270047     
  0.537288354210230     
  0.599023222840514     
  0.600558237495946     
  0.589848473900199     
  0.624064111637632     
  0.603012542252743     
  0.566701003080450     
  0.539823735562778     
  0.487364848078147     
  0.583901090450852     
  0.608211369766760     
  0.610492270108529     
  0.513844010016040     
  0.563045327006068     
  0.506937604084373     
  0.606643797077393     
  0.548429488360211     
  0.586225863789089     
  0.563840950072377     
  0.560752792333490     
  0.537371170055414     
  0.547062001972044     
  0.558034024001157     
  0.557522705563928     
  0.566639643891873     
  0.720610235497916     
  0.586944036514839     
  0.627900283058203     
  0.591484872527436     
  0.626837297471135     
  0.533766474832543     
  0.501441899518843     
  0.581178927765857     
  0.613672464885216     
  0.574105024382824     
  0.530978262494909     
  0.590121503548475     
  0.558596492349581     
  0.543101597729875     
  0.626863546035667     
  0.537305752238545     
  0.591291659934869     
  0.546037968978412     
  0.565432347228107     
  0.547620612225954     
  0.607392306276125     
  0.612518170887742     
  0.658559500308935     
  0.637108664292453     
  0.752073712140315     
  0.763195945902428     
  0.724137399220244     
  0.729321085205198     
  0.803203413133474     
  0.723012316541251     
  0.807759395628519     
  0.728263822609785     
  0.725392565310650     
  0.756671687022500     
  0.774134401771984     
  0.719095568092754     
  0.679651296626762     
  0.793544388867155     
  0.782825844058296     
  0.766248266986783     
  0.694565289812167     
  0.756619960763616     
  0.786940076590088     
  0.756070137713933     
  0.738883186106538     
  0.739374640134824     
  0.802986678164313     
  0.794393945375967     
  0.736357549705684     
  0.767796996513429     
  0.734973540568395     
  0.759865122528028     
  0.771074515450447     
  0.788800365138660     
  0.734555992738802     
  0.752357233105220     
  0.731027631865069     
  0.745741449893820     
  0.812270722735160     
  0.794615686196535     
  0.795220332796052     
  0.777257720252795     
  0.831006531860864     
  0.781823948817872     
  0.760391078790525     
  0.784703084803430     
  0.777748288628413     
  0.758840466280309     
  0.714138343567240     
  0.823569173182119     
  0.797071997517044     
  0.815794542634905     
  0.793612537335940     
  0.756390315973217     
  0.740270520195235     
  0.737176138823012     
  0.758342491656322     
  0.730970986913272     
  0.763233028205170     
  0.795041339275376     
  0.689058714376802     
  0.821664331449688     
  0.785391383474570     
  0.792391356880056     
  0.783233991876396     
  0.734832143868024     
  0.780249147819140     
  0.705162636852939     
  0.724723792576547     
  0.767595568864212     
  0.742002637878512     
  0.774867785894702     
  0.776974878074263     
  0.791797946442635     
  0.744922419771036     
  0.773814058336082     
  0.800153153945834     
  0.808228713311573     
  0.802558042071091     
  0.720007960386436     
  0.786844066021261     
  0.752740172780541     
  0.772378801402250     
  0.753636003451399     
  0.775972234436828     
  0.760855709614104     
  0.813783191212851     
  0.751597736528708     
  0.735583371871983     
  0.784196830363700     
  0.770973569942695     
  0.766389109528722     
  0.759790870426061     
  0.746299017463185     
  0.779037107461866     
  0.717626532648117     
  0.762164103438840     
  0.767873012740961     
  0.744715498041719     
  0.806901204759506     
  0.801700462552666     
  0.734173196816233     
  0.751006081598599     
  0.775318448993224     
   2.29391860622976     
   2.44667585397876     
   2.21712144874870     
   2.09097433600881     
   2.25400402894616     
   2.16368112465997     
   2.30446282665675     
   2.25883117253233     
   2.26660178125435     
   2.18704808619535     
   2.28782243241019     
   2.18684162627520     
   2.22062138352737     
   2.44944592590099     
   2.32960603611736     
   2.30109145964118     
   2.25415093825008     
   2.12642743732492     
   2.37700487800933     
   2.47566860500333     
   2.38157624142186     
   2.54243953564851     
   2.32178044096301     
   2.10041388360939     
   2.30136690639686     
   2.15566945197257     
   2.32864734116795     
   2.20055857950372     
   2.16022165460239     
   2.23678904588227     
   2.40490481779668     
   2.21922312486183     
   2.25240591544334     
   2.66136728396318     
   2.27509650132702     
   2.18016293424355     
   2.33936321269997     
   2.08527950104240     
   2.40279426020769     
   2.31621395743837     
   2.15160477428537     
   2.26095419232514     
   2.18678861202807     
   2.25468198013697     
   2.36729717270930     
   2.38013871826769     
   2.11944308951046     
   2.49722972007876     
   2.39412381445059     
   2.11155640737221     
   2.38251991762225     
   2.06570506444544     
   2.31876233820141     
   2.34778774645120     
   2.33408306589006     
   2.31105626533514     
   2.42713475549369     
   2.24110670063260     
   2.33928538478981     
   2.27520720320725     
   2.31238794941358     
   2.46098139414849     
   2.19153394708722     
   2.38792592341002     
   2.22654054713884     
   2.31671591070013     
   2.19842614889178     
   2.32673117555418     
   2.15017091631851     
   2.22391916815065     
   2.32819081481232     
   2.22926763815996     
   2.28899802703724     
   2.33652566356940     
   2.26718496932953     
   2.22926767242906     
   2.26710796867149     
   2.14632488036517     
   2.34740496642847     
   2.31291168406745     
   2.05907132875492     
   2.38331359828414     
   2.43107982717533     
   2.56319258497293     
   2.42459492885301     
   2.32617648805004     
   2.35606898875222     
   2.73720022634502     
   2.15182594489909     
   2.20955844295819     
   2.39245346795605     
   2.32195015061321     
   2.30927310221807     
   2.27427768030022     
   2.01564077002060     
   2.26647307682668     
   2.36915994327464     
   2.09022870617477     
   2.35835474194632     
   2.19180584219885     
   1.28504232051948     
   1.28422044693158     
   1.29781897970491     
   1.31466531336922     
   1.41893221855682     
   1.26936093136635     
   1.35404108069339     
   1.42004985845619     
   1.29277080247138     
   1.35134107272713     
   1.43126357100353     
   1.43772053957111     
   1.34651424248845     
   1.30294202314274     
   1.32006006168578     
   1.40009010605110     
   1.34382562282793     
   1.46604501041527     
   1.26681716720741     
   1.38689341907690     
   1.40545691153246     
   1.34948846308705     
   1.50666645624962     
   1.33981294997211     
   1.33525339907534     
   1.24855711289713     
   1.39438225106641     
   1.27747054333790     
   1.35564499967858     
   1.34430879337190     
   1.36144156344085     
   1.34474442818100     
   1.40665933863698     
   1.44112698539564     
   1.22531795824606     
   1.36405361932849     
   1.36606818574575     
   1.37436687367411     
   1.28387898057222     
   1.24398826777256     
   1.32602059245787     
   1.29928731690401     
   1.33790623277643     
   1.41659309754355     
   1.35934782375962     
   1.26833383155318     
   1.37623355528206     
   1.34204258287025     
   1.33240201536425     
   1.35390402877356     
   1.34373310705655     
   1.35044137758577     
   1.38854196823577     
   1.30515242232830     
   1.30476475613947     
   1.44219838468483     
   1.35925811053425     
   1.35037614566799     
   1.33147823178268     
   1.32737865074210     
   1.41472195764260     
   1.43399689981469     
   1.34769937484281     
   1.28953875314094     
   1.37363819434679     
   1.36916166972073     
   1.41573564122210     
   1.31428962094732     
   1.32260904468038     
   1.36279111958350     
   1.39240395789584     
   1.29999655083227     
   1.37371937142165     
   1.30976763473396     
   1.30510276311225     
   1.37936993915896     
   1.43036217580789     
   1.27645643454974     
   1.37073681771186     
   1.25896093171700     
   1.34808607549703     
   1.31606678185328     
   1.29548500870799     
   1.26514711990856     
   1.31458369772034     
   1.37907573040770     
   1.38804909634614     
   1.41776584187696     
   1.27992453035436     
   1.26985083847859     
   1.42276051089909     
   1.31715674996015     
   1.33846802878132     
   1.36141244283336     
   1.28250237417935     
   1.36731079933450     
   1.38113673012358     
   1.34699077788035     
   1.36440377740055     
   1.33014682440870     
