 sig_xi =   1.999999999999993E-002
 size_data =          225
 Ndraws =      1000000
 INFO_HESS =            1
 multiplier   1000.00000000000     
 acceptance      395235
 acceptance_all           0        3983        7894       11855       15810
       19775       23720       27689       31632       35568       39529
       43597       47588       51542       55498       59419       63374
       67258       71280       75250       79229       83161       87157
       91103       95042       99056      103048      107058      110973
      114870      118800      122743      126738      130692      134600
      138558      142462      146413      150325      154258      158240
      162178      166011      170034      173973      177907      181938
      185958      189924      193822      197806      201738      205655
      209650      213656      217581      221573      225544      229388
      233284      237303      241183      245092      249012      252968
      256954      260835      264788      268687      272675      276735
      280688      284649      288630      292560      296485      300291
      304192      308084      312018      316040      320057      324022
      328018      331843      335774      339813      343758      347751
      351725      355607      359563      363548      367505      371476
      375355      379303      383215      387206      391243
 x0 =   8.959224331328499E-003   1.14966898690375        1.87533621459663     
  4.465340925370455E-003  0.624907367401647       0.790895771047328     
  0.728404738326364       0.963897042945577       0.574140224720862     
  0.124769093171139     
 Ln_x0  -31.8160788637869     
 Ln_xlast=  -31.8135389019990     
