 sig_xi =   0.199999999999994     
 size_data =          225
 Ndraws =      1000000
 INFO_HESS =            1
 multiplier   10.0000000000000     
 acceptance      392016
 acceptance_all           0        3957        7979       11919       15932
       19811       23710       27694       31640       35584       39496
       43375       47286       51123       55034       59033       63021
       67036       70988       74842       78785       82738       86668
       90482       94348       98345      102278      106210      110114
      113985      117965      121844      125746      129599      133588
      137604      141496      145395      149379      153354      157291
      161210      165131      169099      173017      176943      180805
      184731      188652      192507      196440      200496      204435
      208442      212384      216451      220375      224242      228146
      232015      235857      239812      243668      247513      251415
      255444      259420      263430      267357      271351      275302
      279176      283110      287137      291086      295031      298999
      303010      306955      310917      314855      318731      322628
      326598      330447      334338      338130      341996      345891
      349718      353533      357408      361337      365167      368971
      372688      376481      380290      384137      388007
 x0 =   1.753010397911879E-003   1.15648715371004        1.88558838824639     
  5.069794502952649E-003  0.625784460143177       0.791498379742702     
  0.728318242869716       0.967916428792429       0.573142887479112     
  0.124949276331088     
 Ln_x0  -31.8108672372281     
 Ln_xlast=  -32.3354458371722     
