 sig_xi =   0.499999999999961     
 size_data =          225
 Ndraws =      1000000
 INFO_HESS =            1
 multiplier   1.00000000000000     
 acceptance      489225
 acceptance_all           0        4996       10097       14991       19881
       24932       29909       35005       39963       44690       49527
       54391       59388       64438       69456       74382       78982
       84116       89069       94084       98947      103945      109044
      114083      119356      124313      129503      134272      139388
      144449      149477      154515      159421      164424      169405
      174138      179005      183914      188804      193839      198814
      203943      209052      214218      219161      224197      229262
      234284      239176      244064      249294      254235      259230
      264290      269235      274314      279417      284518      289484
      294489      299430      304534      309519      314136      319014
      323887      328927      333940      338817      343894      348939
      353692      358621      363604      368552      373402      378286
      383341      388206      393339      398052      402795      407919
      412829      417775      422639      427565      432196      436700
      441101      445413      449420      453578      457771      462415
      466781      471386      475814      480382      484556
 x0 =   1.753010397911879E-003   1.15648715371004        1.88558838824639     
  5.069794502952649E-003  0.625784460143177       0.791498379742702     
  0.728318242869716       0.967916428792429       0.573142887479112     
  0.124949276331088     
 Ln_x0  -31.8108672372281     
 Ln_xlast=  -37.2742060163409     
