 sig_xi =   5.000000000000041E-002
 size_data =          225
 Ndraws =      1000000
 INFO_HESS =            1
 multiplier   100.000000000000     
 acceptance      498552
 acceptance_all           0        5018        9963       14936       19844
       24862       29773       34807       39734       44754       49713
       54711       59711       64747       69648       74659       79682
       84653       89664       94610       99561      104565      109455
      114441      119380      124368      129364      134320      139274
      144198      149227      154232      159236      164292      169214
      174143      179224      184105      189129      194093      199096
      204091      209087      214082      219056      224091      229065
      234060      239123      244112      249148      254176      259174
      264203      269126      274132      279136      284112      289133
      294094      299154      304104      309108      314055      319091
      324111      329117      334123      339108      344065      349048
      354004      358989      364015      368980      373986      378949
      383986      389011      393971      399031      404038      409048
      413946      418896      423826      428716      433682      438639
      443619      448520      453555      458553      463569      468618
      473658      478626      483672      488619      493568
 x0 =   1.251064723574168E-002   1.13014135774041        1.85957520851624     
  1.799448738521224E-003  0.624140605110342       0.790060182288776     
  0.729641708564804       0.955014211655305       0.574569457366922     
  0.123593870462663     
 Ln_x0  -31.8226308708386     
 Ln_xlast=  -31.8598195858592     
