   3.49025477540979     
  -2.67109648707249     
  -7.08963171127420     
 -4.418427233614548E-002
  0.764773526200069     
  0.212943638141351     
  4.936359932128273E-002
  -3.81316119671524     
 -0.643462526538819     
 -0.156971641629539     
  -2.67109648707249     
   43.4565065858251     
   36.7730405329416     
   1.25147296520944     
   2.19945851439350     
  -2.29503694558917     
  -3.07843378674762     
   17.2018784702674     
   4.30046772451115     
   1.92454650094321     
  -7.08963171127420     
   36.7730405329416     
   79.2528542348511     
  0.348871871275951     
  -4.24609772548473     
  -5.14417178192857     
  -2.02115342816692     
   43.1337445504578     
   10.9119847762339     
   1.64755854602874     
 -4.418427233614548E-002
   1.25147296520944     
  0.348871871275951     
  0.150003813952073     
  0.195986225996005     
  7.088215559129400E-003
 -0.175430688058417     
  0.139135648865478     
 -5.855855599486268E-002
  0.110083289582290     
  0.764773526200069     
   2.19945851439350     
  -4.24609772548473     
  0.195986225996005     
   4.32575020133959     
  0.544398673378361     
 -0.428305752480354     
  -3.81512996085281     
  -1.80000421430817     
  3.335875456643887E-002
  0.212943638141351     
  -2.29503694558917     
  -5.14417178192857     
  7.088215559129400E-003
  0.544398673378361     
  0.709356788137015     
  0.132060001846260     
  -3.08335416668962     
  -1.34084101020987     
 -0.137938900323645     
  4.936359932128273E-002
  -3.07843378674762     
  -2.02115342816692     
 -0.175430688058417     
 -0.428305752480354     
  0.132060001846260     
   1.44576941279650     
 -0.851796234002588     
 -0.124839073350265     
 -0.718587531018588     
  -3.81316119671524     
   17.2018784702674     
   43.1337445504578     
  0.139135648865478     
  -3.81512996085281     
  -3.08335416668962     
 -0.851796234002588     
   26.2715365584432     
   6.84064823268781     
  0.870297374921341     
 -0.643462526538818     
   4.30046772451115     
   10.9119847762339     
 -5.855855599486271E-002
  -1.80000421430817     
  -1.34084101020987     
 -0.124839073350265     
   6.84064823268781     
   3.06136952974752     
  0.213982691600342     
 -0.156971641629539     
   1.92454650094321     
   1.64755854602874     
  0.110083289582290     
  3.335875456643889E-002
 -0.137938900323645     
 -0.718587531018588     
  0.870297374921341     
  0.213982691600342     
  0.417813401990319     
