  5.591766405113191E-004
 -6.475548554368336E-004
 -9.132690811616281E-004
 -5.846847833933499E-005
 -4.010603035701704E-005
 -4.157235307976380E-005
  2.885743126901352E-005
 -3.548270595363542E-004
  6.228636096083499E-005
 -2.721492562240000E-005
 -6.475548554368336E-004
  1.921204339774717E-002
  7.883633388315436E-003
  1.096028980764810E-003
  1.366085004964219E-003
  1.037787422985342E-004
 -2.414226417453461E-004
  2.913499696998649E-003
  3.321976837956944E-004
  4.296174687212657E-004
 -9.132690811616281E-004
  7.883633388315436E-003
  2.889518624328860E-002
 -7.154877286225368E-004
 -1.946646287471140E-003
 -2.427821012684082E-003
 -3.434856376474713E-004
  1.784027553078377E-002
  5.968291501950124E-003
  1.743729311723518E-004
 -5.846847833933499E-005
  1.096028980764810E-003
 -7.154877286225368E-004
  3.058380752791267E-004
  2.219576355729704E-004
  2.505181285863916E-004
 -9.088722853761375E-005
 -5.631871736653783E-004
 -4.596065600705895E-004
  9.103730749105705E-005
 -4.010603035701704E-005
  1.366085004964219E-003
 -1.946646287471140E-003
  2.219576355729704E-004
  2.382077858962813E-003
  4.718483409109905E-004
  9.425894005832580E-005
 -2.671397678292693E-003
 -1.410745201874443E-003
 -1.041149995766440E-004
 -4.157235307976380E-005
  1.037787422985342E-004
 -2.427821012684082E-003
  2.505181285863916E-004
  4.718483409109905E-004
  6.196015982801445E-004
  3.932960297204167E-005
 -1.900053333256656E-003
 -1.207955866091409E-003
 -2.416805210902705E-005
  2.885743126901352E-005
 -2.414226417453461E-004
 -3.434856376474713E-004
 -9.088722853761375E-005
  9.425894005832580E-005
  3.932960297204167E-005
  6.092249116208136E-004
 -3.005351710471174E-004
 -3.648953310792424E-005
 -3.754071711283053E-004
 -3.548270595363542E-004
  2.913499696998649E-003
  1.784027553078377E-002
 -5.631871736653783E-004
 -2.671397678292693E-003
 -1.900053333256656E-003
 -3.005351710471174E-004
  1.325198221955458E-002
  4.712632745053347E-003
  2.040714815717670E-004
  6.228636096083497E-005
  3.321976837956945E-004
  5.968291501950124E-003
 -4.596065600705897E-004
 -1.410745201874443E-003
 -1.207955866091409E-003
 -3.648953310792425E-005
  4.712632745053347E-003
  2.757309283124385E-003
  3.403031406472386E-005
 -2.721492562240000E-005
  4.296174687212657E-004
  1.743729311723518E-004
  9.103730749105705E-005
 -1.041149995766440E-004
 -2.416805210902705E-005
 -3.754071711283052E-004
  2.040714815717670E-004
  3.403031406472386E-005
  2.543919751972064E-004
