  0.195793659839263     
 -0.174894007323170     
 -0.393447346893448     
 -4.361382858808974E-003
  4.280660083470804E-003
  3.745741212243223E-003
  1.044982080657332E-002
 -0.184821079643221     
 -1.242550172456648E-002
 -8.585233753547370E-003
 -0.174894007323170     
   1.77229753703425     
   1.20033366252749     
  4.461774438118084E-002
  8.841442173249828E-002
 -5.471498266550759E-002
 -2.398688859042979E-002
  0.551548009130927     
  0.152189364806737     
  3.695543328644853E-002
 -0.393447346893448     
   1.20033366252749     
   3.26323718428131     
 -1.790962461541602E-002
 -0.176172846915511     
 -0.207924110946866     
 -6.945644287101560E-002
   1.92020862709794     
  0.534939876923040     
  4.786236676135819E-002
 -4.361382858808974E-003
  4.461774438118084E-002
 -1.790962461541602E-002
  1.123190365600478E-002
  9.657168325080966E-003
  8.049987851898515E-003
 -4.218256900055350E-003
 -1.573363855386621E-002
 -1.561653547786821E-002
  3.978885716078437E-003
  4.280660083470804E-003
  8.841442173249828E-002
 -0.176172846915511     
  9.657168325080966E-003
  0.242079283886232     
  3.640054112221288E-002
  1.005567790540013E-002
 -0.249258747853777     
 -0.123149003729954     
 -1.284989646425326E-002
  3.745741212243223E-003
 -5.471498266550759E-002
 -0.207924110946866     
  8.049987851898515E-003
  3.640054112221288E-002
  4.837007635289008E-002
  8.705384586843003E-003
 -0.159562662642515     
 -9.629747253225546E-002
 -7.282362090325181E-003
  1.044982080657332E-002
 -2.398688859042979E-002
 -6.945644287101560E-002
 -4.218256900055350E-003
  1.005567790540013E-002
  8.705384586843003E-003
  6.213411396164730E-002
 -4.942776457591559E-002
 -1.197964375931664E-002
 -3.752185756232528E-002
 -0.184821079643221     
  0.551548009130927     
   1.92020862709794     
 -1.573363855386621E-002
 -0.249258747853777     
 -0.159562662642515     
 -4.942776457591559E-002
   1.35108592407839     
  0.415909481739179     
  3.831451220373534E-002
 -1.242550172456648E-002
  0.152189364806737     
  0.534939876923040     
 -1.561653547786821E-002
 -0.123149003729954     
 -9.629747253225546E-002
 -1.197964375931663E-002
  0.415909481739179     
  0.231632167327145     
  1.209007958389505E-002
 -8.585233753547370E-003
  3.695543328644853E-002
  4.786236676135820E-002
  3.978885716078437E-003
 -1.284989646425326E-002
 -7.282362090325181E-003
 -3.752185756232528E-002
  3.831451220373534E-002
  1.209007958389505E-002
  2.488129886211005E-002
