  1.240517213901298E-002
 -1.124900683300462E-002
 -2.404297636361290E-002
 -3.529013313262013E-004
 -5.206404970655871E-004
 -1.399637540157754E-004
  2.865763197929207E-004
 -1.049165321062217E-002
  6.007970772064756E-006
 -3.057677613747712E-004
 -1.124900683300462E-002
  0.173752411783965     
  0.109226770578078     
  4.097483342677519E-003
  9.483236702366692E-003
 -4.610650679159986E-003
 -7.839932291432783E-004
  4.856997531150078E-002
  1.373830115719733E-002
  2.578677297430740E-003
 -2.404297636361290E-002
  0.109226770578078     
  0.303416122089087     
 -2.168461163911725E-003
 -1.479492056253881E-002
 -2.043912320559194E-002
 -5.231006876713891E-003
  0.180618329295708     
  5.257882914974106E-002
  3.598700234864387E-003
 -3.529013313262013E-004
  4.097483342677519E-003
 -2.168461163911725E-003
  1.074320177112160E-003
  8.596250595125608E-004
  8.907626822606022E-004
 -2.973503474797274E-004
 -1.857475766131126E-003
 -1.633798868837515E-003
  3.085680543483472E-004
 -5.206404970655871E-004
  9.483236702366692E-003
 -1.479492056253881E-002
  8.596250595125608E-004
  2.302594580380675E-002
  3.499589914441865E-003
  1.462593723385642E-003
 -2.340040417638922E-002
 -1.183372390806018E-002
 -1.503679942698989E-003
 -1.399637540157754E-004
 -4.610650679159986E-003
 -2.043912320559194E-002
  8.907626822606022E-004
  3.499589914441865E-003
  4.857791771098205E-003
  9.302223433658086E-004
 -1.594064954623622E-002
 -9.625859955036719E-003
 -7.419530874762423E-004
  2.865763197929207E-004
 -7.839932291432783E-004
 -5.231006876713891E-003
 -2.973503474797274E-004
  1.462593723385642E-003
  9.302223433658086E-004
  6.055536398315266E-003
 -4.432984972020415E-003
 -1.366712460116389E-003
 -3.670079731441630E-003
 -1.049165321062217E-002
  4.856997531150078E-002
  0.180618329295708     
 -1.857475766131126E-003
 -2.340040417638922E-002
 -1.594064954623622E-002
 -4.432984972020415E-003
  0.130139015268004     
  4.145834008488607E-002
  3.424612799545769E-003
  6.007970772064756E-006
  1.373830115719733E-002
  5.257882914974107E-002
 -1.633798868837515E-003
 -1.183372390806018E-002
 -9.625859955036719E-003
 -1.366712460116389E-003
  4.145834008488607E-002
  2.307390430937954E-002
  1.273967009986053E-003
 -3.057677613747711E-004
  2.578677297430740E-003
  3.598700234864386E-003
  3.085680543483472E-004
 -1.503679942698989E-003
 -7.419530874762423E-004
 -3.670079731441629E-003
  3.424612799545769E-003
  1.273967009986053E-003
  2.427448696045377E-003
