  0.306526866704320     
 -0.497009265797165     
 -0.930715725627176     
  4.818783128262632E-003
  7.908001726395117E-002
  1.724180130403324E-002
 -1.025369902824697E-002
 -0.521763925856600     
 -7.388948902355083E-002
 -2.595776647741533E-003
 -0.497009265796942     
   16.9010787271910     
   11.0354367081715     
  0.169497525223822     
   1.57692040383921     
 -0.590130766844736     
 -0.493137003360476     
   4.62721878654934     
   1.37717275169608     
  0.449932568299165     
 -0.930715725627069     
   11.0354367081722     
   35.4061780731989     
 -0.610334690253288     
  -3.78001163008478     
  -3.18044744677595     
 -0.811520269377334     
   23.0301835972036     
   8.00655825808367     
  0.569170214826986     
  4.818783128285027E-003
  0.169497525223781     
 -0.610334690253408     
  6.899515834797415E-002
  0.218655781740641     
  0.128372801314332     
 -1.022769450564409E-002
 -0.528876486695934     
 -0.287826846292701     
  8.044096724413760E-003
  7.908001726401256E-002
   1.57692040383886     
  -3.78001163008546     
  0.218655781740636     
   4.32293854667998     
  0.733003241851825     
  0.246275188817115     
  -4.91072983186245     
  -2.38607683474273     
 -0.257130400237343     
  1.724180130405159E-002
 -0.590130766844728     
  -3.18044744677593     
  0.128372801314328     
  0.733003241851771     
  0.602044384792532     
  0.129037001335601     
  -2.49096679726004     
  -1.30537749928700     
 -0.101410424338566     
 -1.025369902825676E-002
 -0.493137003360489     
 -0.811520269377109     
 -1.022769450564055E-002
  0.246275188817186     
  0.129037001335606     
  0.657175623614004     
 -0.640638540698255     
 -0.239417625314904     
 -0.404131580885587     
 -0.521763925856737     
   4.62721878654959     
   23.0301835972044     
 -0.528876486695906     
  -4.91072983186230     
  -2.49096679726012     
 -0.640638540698255     
   17.7493388497544     
   6.49937241767736     
  0.504412130773492     
 -7.388948902358995E-002
   1.37717275169623     
   8.00655825808387     
 -0.287826846292693     
  -2.38607683474250     
  -1.30537749928700     
 -0.239417625314881     
   6.49937241767712     
   3.29076033502033     
  0.209174735687067     
 -2.595776647733024E-003
  0.449932568299180     
  0.569170214826797     
  8.044096724409552E-003
 -0.257130400237389     
 -0.101410424338576     
 -0.404131580885578     
  0.504412130773467     
  0.209174735687104     
  0.268051113996220     
