   1.03918734379104     
  -1.35467222208104     
  -3.05720992588522     
  1.789666476323825E-002
  0.368246924940969     
  0.127055831187588     
  7.146557226982091E-002
  -1.88078723332135     
 -0.245109546951823     
 -0.111355709335420     
  -1.35467222208077     
   18.3068720268541     
   13.3483830433148     
  0.205352535230507     
   1.40173991366324     
 -0.754252003804297     
 -0.763810617105100     
   6.09197960861910     
   1.65169000720948     
  0.666942774039454     
  -3.05720992588513     
   13.3483830433151     
   40.7037996817265     
 -0.617806654419744     
  -4.65523289966750     
  -3.37199691661518     
 -0.981937470583055     
   26.2243021771196     
   8.31955786762367     
  0.798665752383205     
  1.789666476322489E-002
  0.205352535230502     
 -0.617806654419730     
  7.316850610854229E-002
  0.252599835014065     
  0.121167681047841     
 -2.941205690686970E-002
 -0.521976478750520     
 -0.285180219250514     
  1.943972126828577E-002
  0.368246924941134     
   1.40173991366266     
  -4.65523289966817     
  0.252599835014082     
   4.72008179719853     
  0.783849934508039     
  0.121359572746755     
  -5.42375940865248     
  -2.55417208728471     
 -0.199269886986503     
  0.127055831187544     
 -0.754252003804276     
  -3.37199691661507     
  0.121167681047851     
  0.783849934507980     
  0.601578184664992     
  0.111434242710056     
  -2.57042544574377     
  -1.31118704801085     
 -9.699531610396805E-002
  7.146557226983072E-002
 -0.763810617105073     
 -0.981937470582794     
 -2.941205690685439E-002
  0.121359572746779     
  0.111434242710067     
  0.668067206172282     
 -0.645304336104118     
 -0.179425372116063     
 -0.409153372266537     
  -1.88078723332101     
   6.09197960861909     
   26.2243021771189     
 -0.521976478750550     
  -5.42375940865180     
  -2.57042544574373     
 -0.645304336104100     
   19.5190352545614     
   6.64380426046181     
  0.575556564654346     
 -0.245109546951784     
   1.65169000720934     
   8.31955786762369     
 -0.285180219250554     
  -2.55417208728462     
  -1.31118704801086     
 -0.179425372116056     
   6.64380426046211     
   3.32367726509362     
  0.186262643624717     
 -0.111355709335447     
  0.666942774039351     
  0.798665752383100     
  1.943972126826908E-002
 -0.199269886986553     
 -9.699531610399119E-002
 -0.409153372266525     
  0.575556564654453     
  0.186262643624767     
  0.273249255513465     
