  6.976089082014575E-002
 -0.350578325414430     
  0.193438712744775     
 -6.891780065009420E-002
 -4.746885763499174E-002
 -7.984321831642721E-002
  1.734360884870702E-002
  0.171106557985019     
  0.141958306833150     
 -1.708102170804142E-002
 -0.350578325414398     
   20.7472781318214     
   2.90249768898793     
   1.70082357555081     
   3.52157810692070     
   1.14540060112485     
 -0.824494173599536     
  -1.56186936044618     
  -2.08118692673370     
  0.756535861579994     
  0.193438712744809     
   2.90249768898716     
   40.9353647685943     
  -2.69127983231649     
  -6.07914417369564     
  -5.17791041761362     
 -0.192266843150405     
   27.9983645827526     
   11.8811840747077     
 -3.614265096192593E-002
 -6.891780065008876E-002
   1.70082357555110     
  -2.69127983231647     
  0.563316076766145     
  0.847036696494901     
  0.665783571202593     
 -0.147873923313451     
  -2.20064155139090     
  -1.35180958673223     
  0.132049893653487     
 -4.746885763494951E-002
   3.52157810692046     
  -6.07914417369622     
  0.847036696494971     
   4.92969212318555     
   1.36855560365991     
  3.641962277232903E-002
  -6.72142441802137     
  -3.61800921020310     
 -7.073083789802431E-002
 -7.984321831641858E-002
   1.14540060112514     
  -5.17791041761366     
  0.665783571202618     
   1.36855560365982     
   1.15639319701821     
 -3.165259647068697E-002
  -4.11548430355532     
  -2.38793460049396     
  4.229138146210162E-002
  1.734360884872180E-002
 -0.824494173599635     
 -0.192266843150294     
 -0.147873923313433     
  3.641962277240691E-002
 -3.165259647068222E-002
  0.660153723224230     
 -0.112734069408528     
  8.396463533973332E-002
 -0.414328648035330     
  0.171106557985002     
  -1.56186936044729     
   27.9983645827527     
  -2.20064155139103     
  -6.72142441802124     
  -4.11548430355536     
 -0.112734069408608     
   21.9989528814385     
   9.64638205035942     
  9.112732714518870E-003
  0.141958306833149     
  -2.08118692673398     
   11.8811840747077     
  -1.35180958673230     
  -3.61800921020293     
  -2.38793460049400     
  8.396463533975937E-002
   9.64638205035924     
   5.40060817032647     
 -8.187114049480362E-002
 -1.708102170803970E-002
  0.756535861580168     
 -3.614265096205026E-002
  0.132049893653491     
 -7.073083789806388E-002
  4.229138146210389E-002
 -0.414328648035341     
  9.112732714436085E-003
 -8.187114049479977E-002
  0.282250711403504     
