   3.80140952136850     
   2.44305209487560     
  -5.68335042609532     
  0.276287287596111     
   3.27186083616862     
  0.359383828908011     
  -1.21579512727332     
  -4.60780812326688     
  -1.66225868917981     
  0.185947032868720     
   2.44305209487675     
   96.4313680176471     
   72.8537454601872     
   2.67761755675222     
   11.0772371267173     
  -4.91900410772350     
  -12.2562529094834     
   31.4685450681504     
   6.83562331620264     
   6.08426555397735     
  -5.68335042609451     
   72.8537454601935     
   155.861191885591     
  0.536608616252535     
  -11.4407143525201     
  -11.2760282245687     
  -2.73454252009961     
   86.3137056068235     
   23.0228034805034     
   3.25446557813700     
  0.276287287596101     
   2.67761755675200     
  0.536608616252153     
  0.143439924733646     
  0.829133125050955     
 -4.418710897662437E-003
 -0.534406604497848     
 -5.835953504083058E-002
 -0.185173145088096     
  0.229964268060031     
   3.27186083616875     
   11.0772371267153     
  -11.4407143525238     
  0.829133125050980     
   13.9943525047812     
   1.40710816443405     
  -2.77869213503021     
  -9.69755436026114     
  -4.93103737917340     
  0.741556520371571     
  0.359383828907937     
  -4.91900410772386     
  -11.2760282245687     
 -4.418710897689651E-003
   1.40710816443380     
   1.13350423896864     
  0.133751751722095     
  -6.45533629229530     
  -2.23113100012179     
 -0.232755272037020     
  -1.21579512727328     
  -12.2562529094832     
  -2.73454252009791     
 -0.534406604497861     
  -2.77869213503028     
  0.133751751721940     
   3.49999333095759     
  9.006824574642369E-002
  0.352760751511333     
  -1.49124588287101     
  -4.60780812326634     
   31.4685450681523     
   86.3137056068233     
 -5.835953504078628E-002
  -9.69755436026028     
  -6.45533629229534     
  9.006824574599648E-002
   52.1599042946085     
   13.9660813164651     
   1.25032516587604     
  -1.66225868917982     
   6.83562331620338     
   23.0228034805045     
 -0.185173145088077     
  -4.93103737917299     
  -2.23113100012189     
  0.352760751510957     
   13.9660813164654     
   5.26142788243247     
  0.239067619065166     
  0.185947032868707     
   6.08426555397685     
   3.25446557813602     
  0.229964268060022     
  0.741556520371498     
 -0.232755272036967     
  -1.49124588287090     
   1.25032516587594     
  0.239067619065082     
  0.737176783701657     
