  0.500593480382443     
  0.491370278181466     
  0.482642022558500     
  0.442185727746572     
  0.539075929866560     
  0.522221207087422     
  0.506198126923152     
  0.434887759993369     
  0.553980348722954     
  0.494310979974149     
  0.505772939771786     
  0.471850932268061     
  0.498096569851873     
  0.539409359727770     
  0.493208978141978     
  0.551220683528385     
  0.559580722991567     
  0.468317958268638     
  0.477193264852199     
  0.556345807766418     
  0.497125333679223     
  0.565938760446553     
  0.481052498805069     
  0.470015999813914     
  0.414419492796437     
  0.485945226144429     
  0.532960151144034     
  0.464548250120510     
  0.546175499502712     
  0.475593489218831     
  0.517937699222891     
  0.489055674070498     
  0.593866051058060     
  0.522005235916855     
  0.512669161942170     
  0.456717958651095     
  0.437872854672300     
  0.488691096817557     
  0.612515502287271     
  0.443877154690107     
  0.518194137487862     
  0.496152705581006     
  0.491394834514553     
  0.471444827699918     
  0.473527871044466     
  0.473566769935115     
  0.533006474086526     
  0.495559204624835     
  0.566842527002735     
  0.500041673417159     
  0.483992605726709     
  0.566385623946691     
  0.491018663894948     
  0.502728001233530     
  0.470271906269287     
  0.432057904555389     
  0.533307613819755     
  0.462482011155700     
  0.494958405649687     
  0.497760649323181     
  0.530914314822845     
  0.489430997889501     
  0.469410440256590     
  0.556000453699064     
  0.531130784521675     
  0.551263766117341     
  0.495866107132738     
  0.524426250333862     
  0.521996988816060     
  0.501265009840305     
  0.422863928634556     
  0.504730168953521     
  0.539216924741754     
  0.524631018643516     
  0.486394648841983     
  0.491187111879871     
  0.509572641292858     
  0.511851674748763     
  0.530079084972109     
  0.578841929274544     
  0.493464338572735     
  0.454993634975143     
  0.493163739848506     
  0.513870021236314     
  0.464723848791734     
  0.482670386583522     
  0.577987467643958     
  0.426041318703221     
  0.508917311540312     
  0.470014118294826     
  0.466846565699905     
  0.494643224413666     
  0.478899310821306     
  0.549648663351516     
  0.472962101865352     
  0.523305740038504     
  0.492401012301408     
  0.542227407259722     
  0.526718194014233     
  0.494248918649444     
  0.475578675586552     
  0.458941764387226     
  0.600911231381978     
  0.523911662008854     
  0.528280359648035     
  0.537426896974143     
  0.469004605861749     
  0.458540612066490     
  0.504727360073846     
  0.462625764639068     
  0.513015745673517     
  0.454968305422901     
  0.465004105275236     
  0.538339048648302     
  0.603578644467049     
  0.458280592435992     
  0.493220540399173     
  0.434538713779623     
  0.542098889568396     
  0.554739398285028     
  0.510003454416880     
  0.535966624503836     
  0.507425846136937     
  0.530828012695446     
  0.491932491632764     
  0.462918234133058     
  0.529757726337548     
  0.526944658775286     
  0.433928848979879     
  0.451490553322177     
  0.468827043071208     
  0.498870228932106     
  0.497504514318385     
  0.456685878088459     
  0.488659593135103     
  0.452743999262234     
  0.591004499818215     
  0.535487637718883     
  0.461114844371307     
  0.489094553344223     
  0.459736514199239     
  0.409705376598629     
  0.545179824912499     
  0.475270714465482     
  0.499128870987761     
  0.502303104702805     
  0.484637631422276     
  0.451503874625300     
  0.494431599288713     
  0.575397786263138     
  0.471201779330571     
  0.420988113537970     
  0.528698965396919     
  0.454953568074618     
  0.515843271846999     
  0.493680115892668     
  0.563431626907818     
  0.440492233798752     
  0.492519698944601     
  0.490819227993813     
  0.549368990000670     
  0.441324276439746     
  0.529461700381980     
  0.502065437845673     
  0.496239370663685     
  0.434221042328673     
  0.441904871609698     
  0.469821888696083     
  0.485308258801103     
  0.577958037491636     
  0.494677999742885     
  0.478016845442900     
  0.534578929091834     
  0.460191802484865     
  0.548035841187331     
  0.516103710532272     
  0.476177314037445     
  0.502598251504215     
  0.479522863466692     
  0.549045833388208     
  0.525049978553343     
  0.571616228751819     
  0.470554235356792     
  0.472919094051175     
  0.486135056134308     
  0.502533575725258     
  0.466864351253012     
  0.561706077836929     
  0.478149738919917     
  0.546062241483998     
  0.498523553935822     
  0.540129802922191     
  0.460598344817449     
  0.571819604234767     
  0.472822531004292     
  0.455093656418870     
  0.457490165703237     
  0.463209034119883     
  0.480339463531430     
  0.465450267703525     
  0.529045574430737     
  0.545509020014199     
  0.503726828167989     
  0.549021401162971     
  0.503500115038745     
  0.531155522832241     
  0.527028802029952     
  0.505817158043324     
  0.511268708303226     
  0.444115787144412     
  0.467326967174285     
  0.535995565022862     
  0.485379035468401     
  0.456138519854294     
  0.467447753847768     
  0.437258245358335     
  0.521270324543038     
  0.514049248390460     
  0.509035752129275     
  0.520246496392210     
  0.503920556039542     
  0.457204489704937     
  0.466688311047666     
  0.545065976268360     
  0.524653338176445     
  0.521285082170634     
  0.477205443792472     
  0.450383811573602     
  0.484964955773065     
  0.511794363816854     
  0.476423756481450     
  0.553111380651906     
  0.561884138645406     
  0.435693508053636     
  0.400896544832789     
  0.447028569345425     
  0.441707720763305     
  0.469611998444336     
  0.437695986469460     
  0.512834455692752     
  0.510322238804004     
  0.541451007991521     
  0.443433619756370     
  0.533249989239477     
  0.537970871055206     
  0.483057354213646     
  0.471662333519775     
  0.503299459142738     
  0.455818400326325     
  0.475498844601783     
  0.446079087247112     
  0.513379974069328     
  0.539058227222344     
  0.549124963374684     
  0.541084857396178     
  0.514477845810451     
  0.517220312876346     
  0.532316803216964     
  0.518941666454507     
  0.498404887473044     
  0.580591846288762     
  0.489256292142802     
  0.443883438061586     
  0.508581018684936     
  0.447171760401993     
  0.501481663394717     
  0.480347500071097     
  0.548432181283245     
  0.476088663214484     
  0.522128031355230     
  0.521683799475109     
  0.482840654412790     
  0.498421159016099     
  0.503280445454680     
  0.474556293850043     
  0.485769681551321     
  0.505769234890215     
  0.520804176358041     
  0.516827486180082     
  0.536546923192410     
  0.513368149565261     
  0.517366919495969     
  0.502218722044826     
  0.482612229606887     
  0.485891662214279     
  0.481287806598250     
  0.518402187639834     
  0.507017150912626     
  0.519649543251434     
  0.522116149743358     
  0.466124210961112     
  0.523925418651948     
  0.496081828733182     
  0.454678829946457     
  0.529226666994587     
  0.510053030439279     
  0.478344542849476     
  0.538991566832845     
  0.450331757869053     
  0.486844595487263     
  0.510078687303396     
  0.489167257397199     
  0.452181000689344     
  0.501056885526603     
  0.532936998600339     
  0.458823686205753     
  0.512550167399474     
  0.508376221664852     
  0.545345606743048     
  0.490891465851170     
  0.521383836909716     
  0.459172878508881     
  0.513277271935092     
  0.522917794465383     
  0.458346134527942     
  0.513207944210467     
  0.557702689969923     
  0.516502069918586     
  0.470941153662674     
  0.483421158930053     
  0.500204235795697     
  0.502748932128901     
  0.461788299592007     
  0.538683544987493     
  0.531720699505080     
  0.506691130361030     
  0.518673831796238     
  0.527788877389499     
  0.537961934863614     
  0.486848208283468     
  0.530401557943663     
  0.488388029280284     
  0.509690822935787     
  0.502760560698988     
  0.501208102285310     
  0.562309007241020     
  0.518419434354614     
  0.476070212622403     
  0.515956543800933     
  0.524991489848908     
  0.494487706606917     
  0.526168329096230     
  0.482936462906950     
  0.503592131904807     
  0.505712894302809     
  0.482779685223836     
  0.537903131017612     
  0.465914180766339     
  0.521008185004504     
  0.485948048891787     
  0.473484551234473     
  0.532174133164686     
  0.484547912484039     
  0.454768096042068     
  0.474714070229275     
  0.492903227566145     
  0.485086813061452     
  0.452828689936381     
  0.518761726967383     
  0.496000975912935     
  0.502645125127884     
  0.491862513158058     
  0.554947595165620     
  0.503227521338949     
  0.486926778833765     
  0.470473382742408     
  0.485476671360793     
  0.483822550840574     
  0.506398370868790     
  0.537206629722296     
  0.523681147453683     
  0.448621727830942     
  0.480235974890268     
  0.481032711289182     
  0.455515542060863     
  0.515737570139035     
  0.547176962754942     
  0.479780637625279     
  0.496196396168569     
  0.508382173406913     
  0.492478071567172     
  0.529481686527891     
  0.574742093231086     
  0.475997238357953     
  0.514523878478264     
  0.480653215814011     
  0.536614335994259     
  0.493900602134160     
  0.516036065408520     
  0.508227046835729     
  0.468159255247480     
  0.493153536695497     
  0.491216502716608     
  0.475328474567941     
  0.511943782641368     
  0.439304861188978     
  0.440683665686227     
  0.550510077778022     
  0.444133717597333     
  0.458219700470993     
  0.494815301565112     
  0.450752884917091     
  0.475336709464761     
  0.487655111223960     
  0.458862052476085     
  0.442677054931026     
  0.551272913648217     
  0.396337666328768     
  0.484628546179884     
  0.522808241235382     
  0.470646968186087     
  0.509184980628460     
  0.540954288369931     
  0.475185004825407     
  0.546658409431230     
  0.502738998467689     
  0.518493099507741     
  0.463485957729472     
  0.606891381473151     
  0.494033252802594     
  0.504428580841931     
  0.524028042212771     
  0.498986744944625     
  0.504339341068353     
  0.532179387518239     
  0.534766822986796     
  0.493683500557304     
  0.464779581947573     
  0.524994011664039     
  0.522656666483384     
  0.528912051119541     
  0.506604630120432     
  0.431823564048794     
  0.520795394283363     
  0.533141344246703     
  0.533056398635773     
  0.462923207705552     
  0.509488557798538     
  0.567538677529619     
  0.566582974705685     
  0.561859375896570     
  0.494509964343985     
  0.454206091255520     
  0.487024865604331     
  0.484202936619493     
  0.538027701446108     
  0.469621708518475     
  0.578786177337854     
  0.524679920639899     
  0.441607737379254     
  0.472113175893396     
  0.470206017862061     
  0.508507815367149     
  0.554388072316627     
  0.494113375028198     
  0.472448004905049     
  0.458080642757568     
  0.540617084862960     
  0.553180686623004     
  0.462499546307700     
  0.457463574720620     
  0.467774419148254     
  0.464088406631798     
  0.462843302365347     
  0.497791335198646     
  0.498676864592244     
  0.506677369493791     
  0.487640133126865     
  0.533148065853333     
  0.491680597151552     
  0.524672713821389     
  0.522240809686525     
  0.499110257692820     
  0.492242695040628     
  0.497794475980518     
  0.498988647588797     
  0.524310213690084     
  0.559650840910942     
  0.510049238026465     
  0.504452889678269     
  0.530837286076452     
  0.506914619976562     
  0.543714349682613     
  0.552115425027315     
  0.506171980179279     
  0.509390595792784     
  0.434802180333684     
  0.487389408067246     
  0.510575804429823     
  0.569851291776271     
  0.499218116957521     
  0.531787983849504     
  0.480581769361339     
  0.488311417425541     
  0.594286370615327     
  0.494602103357089     
  0.520253311437759     
  0.484997527812757     
  0.469310787352320     
  0.451744389655501     
  0.530877622332408     
  0.467518959704926     
  0.498236252957031     
  0.490517069641135     
  0.514510785262108     
  0.527504192603567     
  0.484057919541520     
  0.509710554916904     
  0.543090908389393     
  0.475555864181185     
  0.520947588482427     
  0.427653517254993     
  0.438448237679658     
  0.522344528478038     
  0.458978034034263     
  0.464306008066617     
  0.504285927427930     
  0.443776524947546     
  0.423981553147666     
  0.511484794590609     
  0.529831220182966     
  0.504476523643119     
  0.480199560399820     
  0.486000707086464     
  0.472081655364107     
  0.481645156918677     
  0.514186090407677     
  0.534565039347404     
  0.545748200041519     
  0.412310941137416     
  0.510880074370364     
  0.493934384424222     
  0.549189064657525     
  0.474453862728257     
  0.511634950436449     
  0.458291498488068     
  0.490739647505394     
  0.451563928217601     
  0.524211472653534     
  0.484947905495712     
  0.479090091653710     
  0.585386373830322     
  0.572840243458357     
  0.492029926125842     
  0.488317328741336     
  0.489966191812176     
  0.542207244306031     
  0.512055762571558     
  0.528208272561023     
  0.536451899807972     
  0.518272181214338     
  0.451024416288549     
  0.467528241797498     
  0.472671743953124     
  0.454736768971859     
  0.460584265462611     
  0.497923391415087     
  0.477791733509881     
  0.502581017749789     
  0.516478275713580     
  0.454399998794408     
  0.550949935430671     
  0.494762386950275     
  0.455705699345909     
  0.442081177627909     
  0.503947445953773     
  0.533850814152208     
  0.520666146345866     
  0.570975378035285     
  0.500072039520118     
  0.505773531428477     
  0.502006948915881     
  0.523515096620151     
  0.564244800991305     
  0.484661406712170     
  0.503829797137751     
  0.523064525832480     
  0.517644488378928     
  0.521029001048204     
  0.490993030981849     
  0.497638617656039     
  0.489359030590284     
  0.428460337796032     
  0.446486246283162     
  0.452538456299528     
  0.478067160351338     
  0.471275229315262     
  0.513577665441502     
  0.502311560538474     
  0.500431172516358     
  0.479268896173726     
  0.516836725071486     
  0.459243444111980     
  0.556129621094399     
  0.471342997603118     
  0.503039194388317     
  0.471860547973489     
  0.442927513039103     
  0.518363021204902     
  0.505086045706465     
  0.483647541618178     
  0.423643796135908     
  0.533973598250164     
  0.465907260434278     
  0.499291855242754     
  0.450177190434301     
  0.538976645728965     
  0.519691650991899     
  0.460068400111323     
  0.502301557757724     
  0.462279247072466     
  0.507701762782499     
  0.528118176683953     
  0.534472319283067     
  0.533103081766001     
  0.490753560741148     
  0.509361883041143     
  0.531650064150790     
  0.528349823339178     
  0.514415744212784     
  0.532409490291351     
  0.543906162554281     
  0.534189923526714     
  0.535485495333541     
  0.455102075646177     
  0.470671110976763     
  0.537033806203520     
  0.509633232012102     
  0.529344225422306     
  0.453719716314748     
  0.531834308708143     
  0.530523853381326     
  0.452416411667896     
  0.523414576202048     
  0.502945409388575     
  0.474102907962869     
  0.516056493596459     
  0.477061363501026     
  0.468481535387596     
  0.514185121951613     
  0.519284826969829     
  0.476179209740342     
  0.471240011934552     
  0.483660300727572     
  0.474567637089730     
  0.502792554958655     
  0.479008363265106     
  0.506716917178974     
  0.489609486382687     
  0.591609118721141     
  0.568597203277770     
  0.541060391546820     
  0.480876220755479     
  0.522946758939686     
  0.563157376457745     
  0.548928911429650     
  0.521336552104775     
  0.575815184415717     
  0.459121144218875     
  0.439850411766113     
  0.451211205969232     
  0.493405707353881     
  0.555855616962589     
  0.497588748920586     
  0.511941060100507     
  0.524975831101105     
  0.570227126058116     
  0.511939966420769     
  0.507021530050358     
  0.517747715414168     
  0.509158150695847     
  0.544493352016626     
  0.517462780757053     
  0.473006834466714     
  0.416345259842511     
  0.524002574059805     
  0.482439713647236     
  0.503680128354752     
  0.583497857956635     
  0.518080474034401     
  0.543335890506761     
  0.540959262202831     
  0.419093884714052     
  0.521806011080096     
  0.582410189784821     
  0.515832790261107     
  0.418610554185097     
  0.497858857999354     
  0.426321203307449     
  0.556689442598145     
  0.506728393209518     
  0.546987435874708     
  0.540646804612948     
  0.416031951530215     
  0.481971444660433     
  0.531555654005559     
  0.492444944277423     
  0.446443357220660     
  0.555612022097677     
  0.528859881596428     
  0.473224716716348     
  0.550432434670330     
  0.577658861004717     
  0.531336295364753     
  0.478210509769680     
  0.515565267482054     
  0.531795423371792     
  0.508960505566082     
  0.520500805066457     
  0.531692739314653     
  0.528072134954734     
  0.483173058236840     
  0.575886635704681     
  0.487596082697617     
  0.496937918708775     
  0.531185541685419     
  0.453525581210564     
  0.476443759202265     
  0.476452748166547     
  0.520848442242252     
  0.465255713075215     
  0.498421430664425     
  0.479365403041301     
  0.488024992382870     
  0.539878331223245     
  0.452216499996652     
  0.509481967038151     
  0.518847560333271     
  0.488717428467288     
  0.476674987248383     
  0.469298771253965     
  0.552611697242506     
  0.388668415480606     
  0.523997663318544     
  0.485767478990133     
  0.583456816669145     
  0.561513660884321     
  0.473857472395764     
  0.488000646681382     
  0.464055444827590     
  0.545895572364128     
  0.547901492276277     
  0.543955797310508     
  0.508962384869703     
  0.475047656583704     
  0.439347358006751     
  0.501463063917684     
  0.523949848106328     
  0.476081119602576     
  0.491339815372396     
  0.489691123423092     
  0.499264718913654     
  0.452741311795862     
  0.499511033131492     
  0.414693696242621     
  0.472115516038260     
  0.466480603481938     
  0.463540656061412     
  0.554530873709862     
  0.581101518377245     
  0.483292054501226     
  0.545316157414178     
  0.528805917669142     
  0.528171180097997     
  0.541881113695759     
  0.504888146542685     
  0.480525395289289     
  0.414890559213326     
  0.468478841488255     
  0.506247025910395     
  0.511246537366396     
  0.484229881158002     
  0.542977917698036     
  0.486924438587000     
  0.465678586681743     
  0.466785739774608     
  0.535127891129521     
  0.484063941046478     
  0.545358097168871     
  0.492977038656686     
  0.444203096048974     
  0.490046395868188     
  0.447130692701902     
  0.504720440613752     
  0.494941654895848     
  0.563888672193266     
  0.510644143099924     
  0.532716933532849     
  0.506739198681452     
  0.524625312727541     
  0.463007743879129     
  0.441088268531504     
  0.501041560354835     
  0.531843699160405     
  0.509454991462669     
  0.455097693831318     
  0.511375766375669     
  0.521438987624659     
  0.423021069237364     
  0.479625460537012     
  0.488267033660587     
  0.472515362389126     
  0.520623889255415     
  0.507185813529687     
  0.461074797077001     
  0.539915144366484     
  0.499608303424271     
  0.534474518961201     
  0.488755844484259     
  0.517109981154398     
  0.522532302190640     
  0.568272195729545     
  0.489865246007791     
  0.543607900275995     
  0.515367988664801     
  0.476938602831253     
  0.504513696196561     
  0.496351430084594     
  0.500103238505721     
  0.484790147401261     
  0.517970057710148     
  0.463800717765702     
  0.465919498535707     
  0.508463493637134     
  0.444003843540328     
  0.535149039986587     
  0.611902941003440     
  0.445236070889655     
  0.573152827023049     
  0.592613519737743     
  0.464848135877312     
  0.513536137008269     
  0.476313441143991     
  0.468546151029542     
  0.510998371219817     
  0.470429737722967     
  0.462944204813980     
  0.520982943724182     
  0.514447533558475     
  0.463804503921707     
  0.485492703504224     
  0.452458716238856     
  0.581314418854112     
  0.516029325768233     
  0.441966916977733     
  0.503284031785033     
  0.495411468356197     
  0.492800907740115     
  0.422821422953637     
  0.488936438766081     
  0.447111427912764     
  0.481231937818146     
  0.483552145105885     
  0.480190427373812     
  0.529341940422212     
  0.482468583548537     
  0.504570782739322     
  0.520024673711737     
  0.481026952177725     
  0.484658980358903     
  0.540339980094733     
  0.486936293371916     
  0.484585733445666     
  0.540158560631606     
  0.466138985580028     
  0.495931788188503     
  0.561211229284560     
  0.500847155002229     
  0.525401239918674     
  0.458696814882066     
  0.459593420415463     
  0.483129401942178     
  0.528981495471648     
  0.527507826075552     
  0.508757629824473     
  0.484042594923526     
  0.514898925095033     
  0.474179995740716     
  0.515427085212872     
  0.530998239867857     
  0.537132400441368     
  0.562813804603794     
  0.510287585837599     
  0.535149744422576     
  0.464544446398317     
  0.466555794505217     
  0.456271523849563     
  0.479169612135924     
  0.451728832359183     
  0.551531175836521     
  0.535932488340333     
  0.486568266572890     
  0.526299358731092     
  0.554722237065636     
  0.541007264690363     
  0.512265038085720     
  0.494183450577629     
  0.502359154577727     
  0.455231121831786     
  0.512383235442432     
  0.505106108263617     
  0.464858424934630     
  0.555950641945470     
  0.481771115071042     
  0.482067769959027     
  0.530696251831897     
  0.481907861449875     
  0.509656898121150     
  0.468513190734007     
  0.536515187808025     
  0.493402653943693     
  0.491166739263040     
  0.481784647680956     
  0.542811013032725     
  0.449041378694959     
  0.491928727802509     
  0.500567461325070     
  0.575870860256216     
  0.473053918128725     
  0.517281359977931     
  0.525435741709456     
  0.489333937057939     
  0.478568408332830     
  0.517864194514244     
  0.485373226027815     
  0.553405087786336     
  0.461580328731398     
  0.485366088548807     
  0.432916100654830     
  0.464181933969353     
  0.493246406407408     
  0.476228194981990     
  0.509151662891500     
  0.489090707600592     
  0.484701363470364     
  0.475383318264662     
  0.434996460614168     
  0.493737079352538     
  0.481962821563217     
  0.505285150027055     
  0.540395947005395     
  0.519808904461765     
  0.451414754265878     
  0.524127319707794     
  0.425259555778236     
  0.517519394201030     
  0.496679988296677     
  0.472374943981863     
  0.464439543565970     
  0.432687564649845     
  0.516570729290884     
  0.493225137895133     
  0.478061884052889     
  0.532658262776942     
  0.472236169589025     
  0.542052094083961     
  0.522498600130611     
  0.497705674036480     
  0.521249691844543     
  0.496726033550873     
  0.460759027691180     
  0.567341649840930     
  0.501852235378371     
  0.545127442833156     
  0.466373188451164     
  0.504900851659825     
  0.521981911405419     
  0.540243630945817     
  0.476714093941521     
  0.447891775164208     
  0.535212218016691     
  0.520254760601316     
  0.463857666070955     
  0.472525611314619     
  0.541985085056730     
  0.518135379491884     
  0.509494867309317     
  0.493411304503447     
  0.520800420222046     
  0.472799968648245     
  0.474704003298708     
  0.537877728202036     
  0.523009322406376     
  0.483974314657035     
  0.512023259913619     
  0.526755824287311     
  0.489772855209685     
  0.444806983221572     
  0.552572077471135     
  0.508440444077219     
  0.545681812652817     
  0.496001325590265     
  0.495778325480571     
  0.505036168666237     
  0.531334447563542     
  0.534597030488374     
  0.530245881011423     
  0.454683577377511     
  0.500187988467322     
  0.500191085784386     
  0.231932045903252     
  0.249841807492684     
  0.256335317815125     
  0.209618302817858     
  0.219299726230410     
  0.231959204578130     
  0.257062573898092     
  0.305086031772917     
  0.254881890454505     
  0.276319641122612     
  0.255886786945012     
  0.295491409675452     
  0.232424198473495     
  0.249105390063382     
  0.233141871963329     
  0.219023993033434     
  0.203056110775218     
  0.259852029436855     
  0.225329065685200     
  0.250075008526165     
  0.233055989093050     
  0.245331501226304     
  0.231882715840915     
  0.324909236396110     
  0.261168304885672     
  0.257041155193181     
  0.207409594248216     
  0.246746948095595     
  0.219008644363571     
  0.214118143841944     
  0.243290961011346     
  0.255263947030916     
  0.254910926263388     
  0.243519106976193     
  0.244182312253059     
  0.209195805725302     
  0.270832412336302     
  0.250221494764229     
  0.244170803035263     
  0.244922171631707     
  0.244447306184479     
  0.298299935183092     
  0.264073665034677     
  0.273208175542874     
  0.238489248129124     
  0.247024510232132     
  0.257641441183485     
  0.252205895112994     
  0.251958572875197     
  0.246123987197078     
  0.242537791724567     
  0.228308814043527     
  0.245817201909434     
  0.311957131908938     
  0.225799887556692     
  0.234876741572832     
  0.249646916178462     
  0.228548821593387     
  0.262205767383916     
  0.237595124522613     
  0.300293567270829     
  0.208914837660672     
  0.207244689249566     
  0.238307590243856     
  0.248860278520179     
  0.231902301968175     
  0.203261133922026     
  0.242176531935172     
  0.292515480773769     
  0.223862699020633     
  0.270978083433321     
  0.254574930782291     
  0.225650966933709     
  0.250986148226998     
  0.277434880070784     
  0.251345233489482     
  0.265066149354027     
  0.223085100120862     
  0.238158319265078     
  0.252886410994238     
  0.269563144532080     
  0.206564045856962     
  0.243470693306975     
  0.265960545078904     
  0.258582997450014     
  0.232363005297380     
  0.251511612935564     
  0.275681944766374     
  0.240242329580529     
  0.278431390498045     
  0.269625762181817     
  0.227864204125632     
  0.252159976053108     
  0.277764222608015     
  0.244127536175243     
  0.245148488515859     
  0.238713813692249     
  0.230551977085734     
  0.217982368680136     
  0.272533072114586     
  0.220811967406256     
  0.205802297491267     
  0.249259846573312     
  0.220974307455305     
  0.251504631880078     
  0.234507187621977     
  0.235381382232750     
  0.277276400048651     
  0.221833896489012     
  0.278561002036991     
  0.202566624260101     
  0.242048947767687     
  0.287613791889346     
  0.276943402835231     
  0.254871439545278     
  0.251167582985749     
  0.272574966128280     
  0.266817733674990     
  0.226979111061914     
  0.253467767907648     
  0.243424536533008     
  0.290258764737250     
  0.213685057378208     
  0.276526675196944     
  0.304581269799781     
  0.261970394970748     
  0.266180248436796     
  0.234732182803179     
  0.237796549609987     
  0.238896734486729     
  0.258952074969470     
  0.248222366886008     
  0.266681640089667     
  0.230782984291975     
  0.242351625142773     
  0.248395086304387     
  0.292405392332965     
  0.281358334746323     
  0.255427791683592     
  0.277241068453661     
  0.254837992578649     
  0.229232962948110     
  0.216428424442510     
  0.255121728115890     
  0.230261535479854     
  0.236705711757747     
  0.234641090212375     
  0.247627789580855     
  0.277007904720181     
  0.231921350160270     
  0.242226106478816     
  0.235558903008486     
  0.265706810010921     
  0.251963153558513     
  0.311322978448809     
  0.211388267565982     
  0.212669251012402     
  0.229456411958970     
  0.233113265499036     
  0.232089334686099     
  0.260836561791086     
  0.242386516066130     
  0.230737466138056     
  0.256876602589751     
  0.211118429513079     
  0.206277140757538     
  0.236167929728471     
  0.239737576077602     
  0.218884110056711     
  0.225593995321960     
  0.247587085324629     
  0.259819317866137     
  0.198474315209461     
  0.237875460966587     
  0.216955187126354     
  0.253017980844806     
  0.258220283426510     
  0.231184773253608     
  0.240193258446395     
  0.254204467317072     
  0.246572633084025     
  0.240638168318499     
  0.222296752965514     
  0.252117862242987     
  0.258822062274763     
  0.255558446412750     
  0.244237402145900     
  0.263528970200453     
  0.219354740100936     
  0.219525954932354     
  0.222552366007719     
  0.258568947432513     
  0.208277190708565     
  0.266477825851063     
  0.221802656061365     
  0.287412783804366     
  0.248239073905225     
  0.243405232296997     
  0.234863034335942     
  0.249597162798755     
  0.237367480344244     
  0.211650825527407     
  0.241314552568909     
  0.253753550201841     
  0.248329854099463     
  0.218598772372307     
  0.290762768937210     
  0.216960198633633     
  0.231196584408896     
  0.230122864097494     
  0.225510833471226     
  0.255752496189471     
  0.270325167035188     
  0.249950698897815     
  0.205051719203390     
  0.265331486198853     
  0.275609846064549     
  0.219996644655068     
  0.250887680374807     
  0.237670597378831     
  0.281344303373490     
  0.262523272565170     
  0.265577747785955     
  0.259812073516849     
  0.226354037541155     
  0.215556342090430     
  0.239237830856925     
  0.242386696400156     
  0.263804964864929     
  0.280621913298688     
  0.255556454994426     
  0.219269594814586     
  0.293005785773062     
  0.253179412838098     
  0.256277693571207     
  0.235517019338530     
  0.239133472280231     
  0.261079628964754     
  0.252887927418492     
  0.276743728831398     
  0.219682606774293     
  0.231748169499584     
  0.285795639108367     
  0.232180334894262     
  0.261772368743998     
  0.284186754986380     
  0.232329732086557     
  0.253745879458389     
  0.242891327532151     
  0.218662413826230     
  0.242955444211589     
  0.233508439750760     
  0.244217632403103     
  0.252271099791956     
  0.286129220090400     
  0.256708450788547     
  0.253522422903241     
  0.263024214590243     
  0.234447414461160     
  0.294024318422458     
  0.244612354777928     
  0.253869335086807     
  0.291106102489156     
  0.197090553136324     
  0.231702208314367     
  0.278700734612774     
  0.241940517858194     
  0.221982457194814     
  0.259265070272432     
  0.212955125278011     
  0.283587689248144     
  0.221196940572720     
  0.272201922415128     
  0.247044033816751     
  0.241065458534831     
  0.228754211163428     
  0.276614959717767     
  0.229020196427898     
  0.251839747774179     
  0.260155302020258     
  0.203744958574647     
  0.263441173487528     
  0.218863615438486     
  0.228898607241225     
  0.263785351017036     
  0.210197718071660     
  0.229884126421686     
  0.218380033593672     
  0.230446539031376     
  0.180311058484843     
  0.225658933365514     
  0.243133468523374     
  0.236723795857479     
  0.243933896870970     
  0.278153947589315     
  0.243287109584903     
  0.230024647897234     
  0.225747023728632     
  0.203787225948754     
  0.227890042166007     
  0.175736465017568     
  0.225710701681061     
  0.249107008072812     
  0.257831465280146     
  0.263620321959172     
  0.284935939231356     
  0.217427357015757     
  0.227476141573128     
  0.232146888059365     
  0.195695875174972     
  0.196418381947101     
  0.280897538610756     
  0.220902837438746     
  0.246365134453006     
  0.228434589865430     
  0.263473381110373     
  0.291827159892550     
  0.238411287573150     
  0.250398668675708     
  0.245860172250645     
  0.251617930481893     
  0.254418859845334     
  0.237338515254510     
  0.252162629617064     
  0.233031168683669     
  0.223862982320533     
  0.264725816156108     
  0.258920279280046     
  0.201367583828081     
  0.270772961992838     
  0.244367958083733     
  0.247742035653475     
  0.244660964802721     
  0.255506510948143     
  0.275861788805733     
  0.225274685976384     
  0.252819999148567     
  0.264742111466691     
  0.261865898708012     
  0.228815074457065     
  0.236647243225604     
  0.261655625565733     
  0.238893807969944     
  0.246965507302543     
  0.240418514528116     
  0.219431533527594     
  0.244855136591567     
  0.247657736930209     
  0.218115400294359     
  0.260306493543702     
  0.244621920129884     
  0.242389246842114     
  0.282339772632312     
  0.289227099225599     
  0.264537177805795     
  0.220826301463384     
  0.225918759007564     
  0.271796631897497     
  0.248894224837827     
  0.289535623973595     
  0.273205455033515     
  0.257733162200468     
  0.227618483334336     
  0.242212038067658     
  0.256058576324974     
  0.246075678090633     
  0.286134273843328     
  0.226217006639087     
  0.210465407786139     
  0.230818218107199     
  0.316539720600165     
  0.221647561082360     
  0.232470346464540     
  0.299660672789750     
  0.268607259345292     
  0.233414530630625     
  0.248170357989780     
  0.275397305004455     
  0.228857778139363     
  0.240961367465542     
  0.199267142218838     
  0.243067293503608     
  0.229714805442799     
  0.238430950470965     
  0.220284428039236     
  0.228126234159153     
  0.239488232970993     
  0.244498143882400     
  0.238023981779122     
  0.191920245385683     
  0.256732093739635     
  0.224225691022268     
  0.288103119691190     
  0.253776879397883     
  0.245550830472311     
  0.242635799396490     
  0.269725877441139     
  0.250085682815498     
  0.249542074051682     
  0.231257659940370     
  0.213134169312695     
  0.263158256666368     
  0.252049612410273     
  0.214986035595883     
  0.234669795432328     
  0.257018534133129     
  0.251385293283445     
  0.222384788798065     
  0.278886208560683     
  0.234634799610362     
  0.230651902028357     
  0.240600082866973     
  0.229784277466311     
  0.231315750933008     
  0.282711032838563     
  0.227884806851812     
  0.211650752224278     
  0.262247652921766     
  0.231698261451270     
  0.273129170253005     
  0.205358754109068     
  0.237562021421716     
  0.294728001964735     
  0.284228035813377     
  0.241903183495361     
  0.267375220512370     
  0.236869089494644     
  0.259803526699347     
  0.266479129383195     
  0.271241792282225     
  0.279814965365000     
  0.234744594210612     
  0.250403654816409     
  0.222856675737445     
  0.296382856077226     
  0.200044872217213     
  0.250664296873803     
  0.257561833157725     
  0.228940923889249     
  0.241680182666605     
  0.260563371465241     
  0.255406368278484     
  0.238121762064897     
  0.230914040892912     
  0.240320278346635     
  0.238895761214095     
  0.257115521669760     
  0.285283924955134     
  0.231084596045308     
  0.245487201593532     
  0.241175107439076     
  0.208661419037339     
  0.212006020867260     
  0.244151805771999     
  0.231453422827408     
  0.249316703106194     
  0.287664471211020     
  0.273120694801630     
  0.242561138229843     
  0.252876403585786     
  0.267642340876843     
  0.257491397345412     
  0.249698501134962     
  0.267369378605956     
  0.251693648840452     
  0.227322183746338     
  0.260256008848796     
  0.288676074966640     
  0.246076669267183     
  0.283124340509179     
  0.234461519016006     
  0.259484677083959     
  0.225033764320846     
  0.240736538812827     
  0.261686375797962     
  0.265139919430618     
  0.276826422515600     
  0.203021855139700     
  0.240673281540489     
  0.246032760010055     
  0.229942359632971     
  0.228822549681979     
  0.242188222908939     
  0.212064852926516     
  0.212909585802655     
  0.251929034867495     
  0.249432072336631     
  0.221813762639869     
  0.201038582719142     
  0.250511482558336     
  0.233592762401953     
  0.226067383280041     
  0.248029630111119     
  0.275386165588411     
  0.288896142246280     
  0.259678798593783     
  0.209659636115617     
  0.250031863299251     
  0.281623227698357     
  0.240932850693520     
  0.326639179312234     
  0.214601365445380     
  0.240324695658873     
  0.204186184850016     
  0.285737871702064     
  0.243301320544498     
  0.248931722494604     
  0.258588371938344     
  0.268765338179220     
  0.232890225248496     
  0.218609979097684     
  0.263033380429624     
  0.229331545928119     
  0.272977766413545     
  0.244470362723813     
  0.242129649221207     
  0.217820456078467     
  0.251195635732667     
  0.249173726887345     
  0.247599318269945     
  0.248885205253281     
  0.266151697339142     
  0.204059003933157     
  0.250242442800834     
  0.251190014789481     
  0.288857624562326     
  0.230263770561356     
  0.273560078773624     
  0.240468904134918     
  0.205572566797183     
  0.246002537545905     
  0.224493343137030     
  0.201923583867443     
  0.330420765351010     
  0.233728434841383     
  0.221304124951589     
  0.272559839446068     
  0.218050262267629     
  0.248923117053023     
  0.227529854580781     
  0.245498316039663     
  0.267064102408130     
  0.298609821836768     
  0.218881928643471     
  0.267674835661676     
  0.240079068160486     
  0.246266428350372     
  0.270991864815445     
  0.225660109762456     
  0.236016838067675     
  0.252103307562378     
  0.283663862437515     
  0.220839535095192     
  0.244807519045121     
  0.225723899682769     
  0.231871808450235     
  0.230130340697371     
  0.307136005686236     
  0.227493850964520     
  0.241224216977439     
  0.231887223424516     
  0.228049654311447     
  0.256340120206563     
  0.285862492837506     
  0.251202658131440     
  0.221657719712909     
  0.238867761505681     
  0.245138037689174     
  0.282066683685403     
  0.265709641550630     
  0.230620271333595     
  0.243313285975066     
  0.234802747795003     
  0.258395868762741     
  0.268381762373324     
  0.298360369026881     
  0.231872336039012     
  0.245292689610274     
  0.222671782793926     
  0.248448067645121     
  0.269744245060169     
  0.265014468681213     
  0.238389744825882     
  0.257139099975544     
  0.244673154935377     
  0.248183291505989     
  0.223465767019503     
  0.233592334130525     
  0.237563263950529     
  0.247481330069838     
  0.278781716329348     
  0.259839565946892     
  0.228359197846441     
  0.277267693392322     
  0.242149606017493     
  0.247580294452304     
  0.225502394102243     
  0.233663785496206     
  0.255980314131337     
  0.200435202055553     
  0.227618849071808     
  0.224218531437305     
  0.262832647034939     
  0.224501428187223     
  0.264166983762449     
  0.250663165640171     
  0.268417645782939     
  0.210972652287047     
  0.201374721599536     
  0.283153351668257     
  0.226000577544838     
  0.251127641606782     
  0.229537485037685     
  0.250780138373577     
  0.261108429664174     
  0.264192791611062     
  0.215526201934315     
  0.281846132895550     
  0.227107399213284     
  0.207177178494630     
  0.262162063212134     
  0.212048248755181     
  0.224150626786108     
  0.234857941260814     
  0.221966108771946     
  0.268131438598419     
  0.286338234388999     
  0.242486140483079     
  0.239614886711608     
  0.283620243985401     
  0.230641143471524     
  0.265839520060762     
  0.218362901037706     
  0.255533019487590     
  0.245312961309045     
  0.251145655585291     
  0.250108413123373     
  0.243060263979000     
  0.287230547389083     
  0.229359052976965     
  0.253315498602166     
  0.238454021093403     
  0.247864104990623     
  0.227361203829814     
  0.253665494078102     
  0.226574794797120     
  0.245290397728744     
  0.277411928140815     
  0.282478684472145     
  0.208062900423496     
  0.271031492495709     
  0.273863885546046     
  0.247984818930470     
  0.245870977191426     
  0.256174959527454     
  0.299218297609719     
  0.221577818172982     
  0.247411022540605     
  0.216512694728695     
  0.224066342461910     
  0.225102426983480     
  0.248786319028387     
  0.232244829030008     
  0.273015026564099     
  0.285469358184826     
  0.249151193851125     
  0.242029743443553     
  0.238101637624096     
  0.247726836770941     
  0.297522064986976     
  0.230809169232654     
  0.218794178104808     
  0.227293873355805     
  0.276637324184119     
  0.224167776983843     
  0.273351156709692     
  0.286973082078862     
  0.227836157159982     
  0.230690489701224     
  0.249507034292441     
  0.268323262968074     
  0.206291668313695     
  0.219317606803575     
  0.232355866718111     
  0.283490228972423     
  0.227530011620050     
  0.269864282356440     
  0.277194608258669     
  0.275055762588452     
  0.251316634882329     
  0.244849243517859     
  0.193584167622019     
  0.192922726925947     
  0.280131428168100     
  0.254265311765591     
  0.277067742260483     
  0.259788181428565     
  0.263811866854885     
  0.266384588231869     
  0.289004682199496     
  0.237697446250178     
  0.253522985062979     
  0.247823405292004     
  0.229304448142409     
  0.285244085001772     
  0.248336122012296     
  0.262530784783345     
  0.282540022517251     
  0.252703695856805     
  0.261089734161558     
  0.186236994429746     
  0.252455036153039     
  0.209715504146243     
  0.264621678218253     
  0.222921609363656     
  0.260747230058813     
  0.242394532975647     
  0.283037674263655     
  0.231288666417947     
  0.294198078858772     
  0.246976080983988     
  0.274650011053537     
  0.215001538837513     
  0.278615292021297     
  0.212366610664399     
  0.262774772226960     
  0.254813022617999     
  0.269044610403093     
  0.259454012223691     
  0.218041494051112     
  0.233407962056533     
  0.253928522526714     
  0.247523535821364     
  0.262001094907647     
  0.237456969009993     
  0.308636342677585     
  0.239317531596014     
  0.203102264365266     
  0.312915302947192     
  0.214356315709374     
  0.229227821455593     
  0.229399966268913     
  0.240809722886310     
  0.287912303973371     
  0.242799244076392     
  0.248124987029080     
  0.260211882783337     
  0.268210354730741     
  0.228263871963791     
  0.298340738884849     
  0.254560947404432     
  0.259928940017512     
  0.232345425062291     
  0.216693188560526     
  0.226093054167328     
  0.260025999939580     
  0.259309413668850     
  0.271677263217247     
  0.225771512163456     
  0.217443004077409     
  0.324316526967938     
  0.276244306944647     
  0.232763015278596     
  0.256798556410477     
  0.254336172665974     
  0.246042016286441     
  0.239333160026225     
  0.240934432593672     
  0.261991391040696     
  0.264580875640803     
  0.260416064229568     
  0.254430091907557     
  0.235013785628946     
  0.244237724523216     
  0.260984404725726     
  0.239865450460632     
  0.265207202484248     
  0.231836764740803     
  0.239270020706942     
  0.235248624390830     
  0.259010026896641     
  0.267130018378056     
  0.219938443109687     
  0.274351327766154     
  0.197080932682814     
  0.191737752702506     
  0.241090743819734     
  0.214555709183511     
  0.227697221155146     
  0.238382885466821     
  0.240888628977169     
  0.277241250661202     
  0.250547222062241     
  0.229506298304712     
  0.236221140453532     
  0.224662669602212     
  0.238434578121638     
  0.232318148077091     
  0.264772878706583     
  0.202029899266806     
  0.271629110263615     
  0.211821754089131     
  0.244141624001032     
  0.231701158579340     
  0.219655640973163     
  0.253194740474455     
  0.292484773326427     
  0.207258831875828     
  0.249586399250572     
  0.299770056079778     
  0.200475045363972     
  0.260770577027276     
  0.276437403999782     
  0.302820896223000     
  0.269299002609344     
  0.260568674906493     
  0.241572420520488     
  0.262860460492050     
  0.273355893800472     
  0.302126112836071     
  0.245260450735999     
  0.244174227360683     
  0.294437016453785     
  0.266358622562553     
  0.188418570810463     
  0.222142664819857     
  0.250356808458870     
  0.209426506680006     
  0.229870051448973     
  0.273093069851947     
  0.238027222526296     
  0.268979270994285     
  0.182165889267454     
  0.240908052420314     
  0.258945636826903     
  0.266931052416708     
  0.234405298815461     
  0.221434333442248     
  0.251180970864599     
  0.263054245934147     
  0.256224708011497     
  0.257474345974995     
  0.227313842619960     
  0.263982430294543     
  0.244255995454318     
  0.233393212766644     
  0.254460423416671     
  0.243408826825223     
  0.244905502057792     
  0.246543853563737     
  0.257389764321896     
  0.198063879026855     
  0.204849060107292     
  0.244332118202358     
  0.245761437714540     
  0.258802189629689     
  0.205102345245030     
  0.213638225668860     
  0.275032791243735     
  0.260262302475022     
  0.215806746800767     
  0.231288634573638     
  0.264451159222234     
  0.240765342606926     
  0.225212756778123     
  0.231301349407090     
  0.256886244130679     
  0.289134176213963     
  0.199831780579865     
  0.247786665902388     
  0.199275858478258     
  0.261265030808630     
  0.222987289697246     
  0.259996574850325     
  0.213516211213037     
  0.225968207221953     
  0.247390613971181     
  0.247306048477630     
  0.261554029659985     
  0.234057937939657     
  0.244671581299889     
  0.241306069513361     
  0.294254534308326     
  0.231595139102079     
  0.265511495859098     
  0.236875598363036     
  0.249014820875419     
  0.249250543029427     
  0.228749333271164     
  0.268010000532246     
  0.252495329536913     
  0.265636043325146     
  0.212198136559192     
  0.249267910242818     
  0.259045261031055     
  0.243230327259241     
  0.270585138272756     
  0.229641415550640     
  0.245486565450927     
  0.288748541677294     
  0.249415903093840     
  0.273199452121975     
  0.243554593552044     
  0.238337712370005     
  0.255615612828133     
  0.215285241697798     
  0.260742594280183     
  0.245894565977543     
  0.247113043113511     
  0.245620042101391     
  0.247071911668710     
  0.236099164323164     
  0.206415992686557     
  0.241336231247663     
  0.230377099527422     
  0.276867704864488     
  0.219878205441558     
  0.261686859590103     
  0.248160419527651     
  0.261482221902281     
  0.240247332850751     
  0.222834473505865     
  0.243679773490219     
  0.258912888261694     
  0.223624543106712     
  0.267649520559244     
  0.250094553314196     
  0.242947828411239     
  0.273164443924642     
  0.217962856294166     
  0.222329591190438     
  0.239966739785395     
  0.257536334906098     
  0.244590358056046     
  0.276861060556199     
  0.275108509000803     
  0.274678431114034     
  0.242076064170713     
  0.183449084669518     
  0.227936144958023     
  0.231274169866825     
  0.209269723526656     
  0.267175423945979     
  0.228377053833151     
  0.296619279497967     
  0.293762384458641     
  0.252312270176439     
  0.195123068146945     
  0.291427776907244     
  0.249748382778623     
  0.254984473905244     
  0.237826172250400     
  0.286907293457189     
  0.257463995362463     
  0.237192319219904     
  0.245569930763398     
  0.246338306739955     
  0.224998389923544     
  0.255429765749839     
  0.245471836732661     
  0.293994053752584     
  0.260840079609594     
  0.220824181002694     
  0.270712190672738     
  0.233144482297619     
  0.256612586166014     
  0.238843403487505     
  0.240084227006192     
  0.294344685384767     
  0.238203271065553     
  0.281825037376905     
  0.254523532718165     
  0.265857425524151     
  0.264874152851348     
  0.218880035458298     
  0.219750472432449     
  0.267031792982886     
  0.236939725449826     
  0.308049055140083     
  0.235150302268089     
  0.262912247182040     
  0.250522151303849     
  0.307262947607943     
  0.217253516126567     
  0.209452992747739     
  0.203803906170358     
  0.233432848153920     
  0.208095339204880     
  0.234158165645779     
  0.256811048993319     
  0.261149459533281     
  0.222428010236852     
  0.225328290187428     
  0.226172939646223     
  0.269735237497684     
  0.215074632587986     
  0.202806221606887     
  0.270572783679885     
  0.270174774955004     
  0.300569673963577     
