  0.528053108533103     
  0.493262733349976     
  0.481834215906949     
  0.468858333688849     
  0.505888634991389     
  0.506529618419887     
  0.525368207780248     
  0.511272201591024     
  0.541246811914948     
  0.529406426378503     
  0.470813118624314     
  0.505656454131464     
  0.485829930589876     
  0.508728685937823     
  0.475786753746434     
  0.469872082115346     
  0.497349240520344     
  0.452789512243762     
  0.450703553295950     
  0.494029360258165     
  0.551433831039987     
  0.510867478997648     
  0.486558607078543     
  0.451210353306105     
  0.463552037206081     
  0.512925853467482     
  0.506888310032984     
  0.472217130489891     
  0.503398083552737     
  0.543412223922675     
  0.457226164099677     
  0.523456528458713     
  0.498314628543961     
  0.453499053723576     
  0.477774589165550     
  0.520118648087323     
  0.488702984951732     
  0.446635448482991     
  0.513769373104664     
  0.538599234049688     
  0.524334447869173     
  0.524798251606438     
  0.506578208602984     
  0.454833696756065     
  0.492744733547909     
  0.514966236163620     
  0.507484867455760     
  0.511852058685995     
  0.463095022959917     
  0.488011105622193     
  0.503752508135170     
  0.484284748730607     
  0.491720228062800     
  0.529446861826406     
  0.528598236813680     
  0.495038429802150     
  0.539970480574623     
  0.531912268258057     
  0.511863108343360     
  0.462482073735584     
  0.478406050252046     
  0.511187574514845     
  0.587348721272839     
  0.503126656679299     
  0.552914411367357     
  0.493156087714344     
  0.491679340886452     
  0.478091644992113     
  0.539141833286935     
  0.543664767260406     
  0.522049764709288     
  0.531490049831446     
  0.517150670359685     
  0.542282544931109     
  0.481732423262893     
  0.526003153009367     
  0.525489949583713     
  0.467318201115194     
  0.461967755358721     
  0.471598189682027     
  0.518056339213023     
  0.570799154793021     
  0.541886681576587     
  0.566390926482315     
  0.479569703450089     
  0.486196950700384     
  0.503425977585801     
  0.474975370402070     
  0.436306283649957     
  0.503055829466199     
  0.515342190027170     
  0.492024854340435     
  0.575714822916949     
  0.536856205041266     
  0.523368870216115     
  0.509292245193545     
  0.471332550578955     
  0.491202043498610     
  0.481645429919112     
  0.537857041232760     
  0.527224413189432     
  0.503239336877103     
  0.490576527796751     
  0.560806096105876     
  0.567613930357255     
  0.491748677263448     
  0.572818674015710     
  0.478985378828464     
  0.576577477418701     
  0.488527061437857     
  0.553263886415646     
  0.520952340790629     
  0.542215120681140     
  0.515620640921334     
  0.507731695282220     
  0.507938289979797     
  0.392355898635066     
  0.508259989714016     
  0.517442403326900     
  0.493797439098971     
  0.525830453288778     
  0.507117849993384     
  0.456367335717878     
  0.508483882712038     
  0.579166395059811     
  0.487996534549594     
  0.469400569431661     
  0.521184871963016     
  0.531121709742622     
  0.517272226858323     
  0.529229334160775     
  0.528116166776467     
  0.501370208087184     
  0.508539035949085     
  0.491128158061980     
  0.521689814532386     
  0.539249837124000     
  0.457509112646173     
  0.475140463901757     
  0.490356171729244     
  0.510755565264067     
  0.484983874512299     
  0.532621484598832     
  0.530759249973971     
  0.498127408630208     
  0.506224927481026     
  0.452483762187743     
  0.437510204834319     
  0.494068049463992     
  0.479276425361294     
  0.568889337324537     
  0.501429216956353     
  0.462895811861722     
  0.547773607485818     
  0.529851497956770     
  0.503800485700274     
  0.452520271782869     
  0.493958865453354     
  0.489247640854872     
  0.516657567031152     
  0.518186429073313     
  0.469365859357060     
  0.469139193926773     
  0.511526612855413     
  0.489361557981120     
  0.503759121827171     
  0.517100216961025     
  0.448482008830195     
  0.524513106442595     
  0.517229035135405     
  0.499573113831028     
  0.472855664068157     
  0.527252928961358     
  0.471190692712263     
  0.502650470106214     
  0.467727513141863     
  0.541652773800255     
  0.519929935737327     
  0.526600635024669     
  0.496480950988999     
  0.463421910991774     
  0.429666602849167     
  0.525762149731300     
  0.484394610359925     
  0.551601014192315     
  0.511037799014110     
  0.515507031780553     
  0.567808746816109     
  0.465839865443682     
  0.492803398751174     
  0.485391292289787     
  0.515343195479730     
  0.542306667257375     
  0.488649105037794     
  0.519945785839653     
  0.431349104221270     
  0.400385447245421     
  0.536220264304300     
  0.529829474810648     
  0.526077662058073     
  0.520592420376256     
  0.545215011793891     
  0.525342995731855     
  0.464247239571022     
  0.483291777602725     
  0.516990643361649     
  0.449710561660484     
  0.522576798043929     
  0.506063602772026     
  0.506435624150392     
  0.483673511536088     
  0.484820450794405     
  0.501490608404531     
  0.512748165443322     
  0.425923197295769     
  0.462653040111161     
  0.518583206702282     
  0.595406545241179     
  0.449613316136901     
  0.485981322925287     
  0.462088144891392     
  0.487935620227957     
  0.478338324901031     
  0.497666835513726     
  0.501953575912355     
  0.529118902310081     
  0.486832427697952     
  0.501907813312585     
  0.470358542538890     
  0.489700067616342     
  0.503086276886681     
  0.502921452668465     
  0.480361066388354     
  0.496466275761575     
  0.464697017316384     
  0.572337215363090     
  0.461579169190087     
  0.410302884328090     
  0.527183110270835     
  0.476765423168798     
  0.446224165548292     
  0.516008895160915     
  0.454931396394695     
  0.564272154232288     
  0.511896228835855     
  0.498221324083258     
  0.499444592584275     
  0.491356930963679     
  0.499827307589010     
  0.531756085950215     
  0.491276751966491     
  0.523972877256661     
  0.547056321867706     
  0.472969355784056     
  0.449492599340186     
  0.506117711729019     
  0.479442139338241     
  0.479470041032678     
  0.531128834796360     
  0.454462983655392     
  0.474122158263752     
  0.475609680319868     
  0.458796248129796     
  0.494838713519064     
  0.491753041996347     
  0.494462996234212     
  0.481417326936155     
  0.448654683666521     
  0.493764730529325     
  0.549052943935797     
  0.460957729541233     
  0.503919550063686     
  0.458897660207784     
  0.507239971471210     
  0.517902248814567     
  0.466097509204418     
  0.514913219732803     
  0.571608701724674     
  0.463683334416015     
  0.455486127435744     
  0.568642275131313     
  0.472245537141692     
  0.514776819477910     
  0.481262896088646     
  0.453980991527538     
  0.487813885248455     
  0.495083687602017     
  0.554332705751711     
  0.463282012268796     
  0.535925982666907     
  0.483331058199775     
  0.492403823778986     
  0.471707237451646     
  0.513573344600352     
  0.466210116478260     
  0.513250879137753     
  0.539383869828755     
  0.413560815785382     
  0.510678107674747     
  0.449748874054667     
  0.485344306079659     
  0.429853574294310     
  0.540694585213953     
  0.471929610239836     
  0.554286404960900     
  0.497464294067631     
  0.451204359833359     
  0.541662608819937     
  0.506344798331088     
  0.527545058206437     
  0.498003601961205     
  0.448642986459683     
  0.533901410767741     
  0.443165309860296     
  0.445023303696082     
  0.442061791648726     
  0.510460619176429     
  0.561597122222012     
  0.483538037398760     
  0.425036469230556     
  0.554742744752645     
  0.486651428199496     
  0.471926861793415     
  0.525096200962018     
  0.515238910938591     
  0.491984131027988     
  0.514878969737069     
  0.481915788102732     
  0.476171270366055     
  0.521482260803904     
  0.524989274903156     
  0.509905443505719     
  0.495688439964200     
  0.425774280448057     
  0.510420421683123     
  0.471562050787435     
  0.483942635851277     
  0.510095569821932     
  0.462509065115905     
  0.534336914528099     
  0.492158518582068     
  0.462769930577997     
  0.494055426861474     
  0.544496622787702     
  0.524208286348009     
  0.471159212207774     
  0.469348465915252     
  0.490058204830806     
  0.477007846032757     
  0.516724200413420     
  0.472518471435934     
  0.538330106763203     
  0.474120103988127     
  0.460355150356168     
  0.509771447254066     
  0.516650081101752     
  0.463368413036133     
  0.426434497109008     
  0.526521144911687     
  0.446618784615099     
  0.434212133398045     
  0.533499809799492     
  0.508022738945327     
  0.493655982277322     
  0.507400849971300     
  0.591225640707809     
  0.498664055816071     
  0.468037502545852     
  0.496658259922065     
  0.503906228644045     
  0.527968279237653     
  0.531169442436247     
  0.531662378239478     
  0.539161245690441     
  0.493330237899263     
  0.506105779082694     
  0.530426780552922     
  0.515329279699576     
  0.526304299428904     
  0.584304991035595     
  0.512075433706233     
  0.495613046234534     
  0.464153009670207     
  0.508899615835005     
  0.542451350434708     
  0.538127237260883     
  0.530966549682259     
  0.509635849756023     
  0.551952409331654     
  0.526587801065979     
  0.518574348819307     
  0.516423183708477     
  0.487188479136238     
  0.487965753427166     
  0.483906048089521     
  0.550758383325809     
  0.578494924367973     
  0.528625475482733     
  0.465447859017075     
  0.488976207308416     
  0.444790703799161     
  0.481136336534165     
  0.523157208072183     
  0.474839969477141     
  0.513375257588353     
  0.502577447597648     
  0.503019473880023     
  0.479299774992306     
  0.538608170412917     
  0.421281873324802     
  0.478643833245361     
  0.451376587983871     
  0.458153732299609     
  0.507783893745756     
  0.490027365932404     
  0.505048544594693     
  0.471920503581979     
  0.537470150455818     
  0.431244391410743     
  0.509812936970354     
  0.504718219409946     
  0.461237239970421     
  0.566376662464995     
  0.505312160154894     
  0.435097712228203     
  0.457964152683570     
  0.536919498394987     
  0.538886786435375     
  0.553514969281985     
  0.511273850623229     
  0.479081117523000     
  0.484926967529416     
  0.491515219520679     
  0.545157552387917     
  0.511276981443142     
  0.552165677692517     
  0.545339389799544     
  0.487296790912171     
  0.508390476580530     
  0.509683532774264     
  0.543785286840192     
  0.513876495577541     
  0.477161649060748     
  0.519024821764757     
  0.521998274297636     
  0.458753763717397     
  0.503842735662181     
  0.477489642285009     
  0.494080339023767     
  0.536184481565773     
  0.490014678116396     
  0.458361631804450     
  0.555864808348565     
  0.461596263758031     
  0.459323980435836     
  0.514075218071865     
  0.537116194704912     
  0.506073914112213     
  0.477299048131119     
  0.468872290959611     
  0.562193686673594     
  0.471250823368226     
  0.419295502820990     
  0.486593723461575     
  0.466668843639212     
  0.476789419734662     
  0.504453050105111     
  0.518214306022441     
  0.523447399630600     
  0.532143672692107     
  0.503162700130632     
  0.430778381540290     
  0.512133496888456     
  0.544021693104910     
  0.484097947079888     
  0.482576892163972     
  0.551754653215897     
  0.509595441914765     
  0.512882927237937     
  0.621957299330910     
  0.494595120834749     
  0.503607803718112     
  0.496644407371312     
  0.535555552508954     
  0.518831462240560     
  0.551620501968206     
  0.516418302541581     
  0.501290581452814     
  0.527273112623264     
  0.502735712226126     
  0.478143032908023     
  0.425265661336475     
  0.495361609453197     
  0.437143924012621     
  0.533776812196528     
  0.532164612112969     
  0.460309839566147     
  0.509790332382512     
  0.465847612164198     
  0.485358330401774     
  0.564508007393969     
  0.523804877325464     
  0.444497221608165     
  0.558881211031766     
  0.467973165208791     
  0.535113907488647     
  0.465107308198673     
  0.580395468066923     
  0.518780913573852     
  0.476062778355743     
  0.482264338450764     
  0.510350144680077     
  0.477304352835910     
  0.546822374969241     
  0.430912969095585     
  0.493759418649476     
  0.499195580602817     
  0.494983629411115     
  0.502039850473482     
  0.507223395725997     
  0.483345321136835     
  0.473108729669763     
  0.535860693134025     
  0.525427701964491     
  0.470313694131363     
  0.534144303815260     
  0.468961773465789     
  0.486876110544098     
  0.400307952272416     
  0.499853375413552     
  0.570693646759813     
  0.552298178340519     
  0.481378771197441     
  0.526372385650549     
  0.478630138410079     
  0.508023118196450     
  0.510779029141207     
  0.489078840183342     
  0.483420849054586     
  0.487386388711774     
  0.485464388343590     
  0.525839250647835     
  0.513614372591163     
  0.470077411482071     
  0.494729044246264     
  0.519593420806037     
  0.505217403229978     
  0.500928927689167     
  0.489494789169371     
  0.502669435000802     
  0.483478239199097     
  0.462210581656006     
  0.509772855066019     
  0.511581204110786     
  0.506717500999128     
  0.550979076510092     
  0.528847328279258     
  0.570863714186104     
  0.517443631596232     
  0.528036622993774     
  0.537565382082104     
  0.512495828875432     
  0.516775109588072     
  0.484696022286999     
  0.566918714435759     
  0.512645702564935     
  0.513707438260097     
  0.527107718538855     
  0.543700292015600     
  0.464797051067688     
  0.541860733255284     
  0.555830806561230     
  0.532083833331860     
  0.466729261227618     
  0.479590748578695     
  0.488842724289586     
  0.477247386988818     
  0.475350824082489     
  0.562661357107937     
  0.464941074972345     
  0.447495792065945     
  0.517126294731144     
  0.467014477923650     
  0.498625383011407     
  0.446602363309272     
  0.518067728124522     
  0.456651802302499     
  0.552546649921344     
  0.538559277104861     
  0.525373944125076     
  0.528285894289028     
  0.480368070230485     
  0.499083729101085     
  0.493050063156345     
  0.470110673147201     
  0.487731573153773     
  0.557348616063649     
  0.498041114166334     
  0.545805092620693     
  0.508716294886900     
  0.482298827564712     
  0.501115113730078     
  0.497882725797201     
  0.538065255265173     
  0.485183484935027     
  0.518680737000924     
  0.515466639844522     
  0.513605947041874     
  0.513826870672233     
  0.503769227993260     
  0.493493901123740     
  0.536845847917007     
  0.469423809002213     
  0.467719820599315     
  0.596521884641414     
  0.500677458786322     
  0.504357346842801     
  0.523436606495946     
  0.571416207751436     
  0.479558168961427     
  0.502476421879755     
  0.512165350661846     
  0.469802113958625     
  0.507065479279877     
  0.487063700708586     
  0.530302295103511     
  0.447001004535045     
  0.524681686608663     
  0.484373067397023     
  0.517495455536016     
  0.481433570471266     
  0.478183824778598     
  0.465352605307946     
  0.504264543339994     
  0.514539090706070     
  0.492161298820940     
  0.482768374215841     
  0.517698291017350     
  0.495239126206404     
  0.487104078011407     
  0.461510484514733     
  0.521769774694769     
  0.500689600899404     
  0.403084699344211     
  0.502539159466869     
  0.467076093551219     
  0.496394465936204     
  0.483910850243104     
  0.441361142981859     
  0.400683402062826     
  0.550698256893087     
  0.504421754668966     
  0.484392064356707     
  0.536375752555438     
  0.493017997912595     
  0.540878477760960     
  0.507194080611430     
  0.479350307843358     
  0.552687853773466     
  0.556368039879564     
  0.525223580955692     
  0.442395855357300     
  0.529763745605008     
  0.530647838251904     
  0.538914208103325     
  0.534525050277753     
  0.540279536094396     
  0.512238943684459     
  0.505563919992103     
  0.529033329325254     
  0.522575574011554     
  0.434915686665379     
  0.501440229865490     
  0.506109728575966     
  0.547168141536785     
  0.465134378851734     
  0.528634210076485     
  0.470846764977126     
  0.524521422553305     
  0.455778206296494     
  0.501944539178063     
  0.500537584788264     
  0.482615714063224     
  0.512605732218128     
  0.503807244395096     
  0.476808202744960     
  0.430533340043565     
  0.474739664784138     
  0.508624311191403     
  0.497033586946609     
  0.516909043336103     
  0.549698338448766     
  0.496515059006192     
  0.591495262964239     
  0.487708528503976     
  0.442161278000745     
  0.502369008425680     
  0.538265163144886     
  0.498251189950165     
  0.507040494810067     
  0.471898005530465     
  0.529679943559832     
  0.494837116850444     
  0.450431158979861     
  0.510172923191725     
  0.530027444118890     
  0.556069336059948     
  0.530967077231671     
  0.549894229631900     
  0.490509281546001     
  0.536526439316961     
  0.451033210973423     
  0.547366294372122     
  0.524354175627801     
  0.529733213901978     
  0.453524360289625     
  0.522332043306985     
  0.494587478724707     
  0.455347075212154     
  0.515099338176903     
  0.458568194074662     
  0.444664497251623     
  0.433507220749984     
  0.499754561282706     
  0.490572679248744     
  0.545408561879084     
  0.518338468871176     
  0.527528780522305     
  0.441337967881259     
  0.466856221977634     
  0.429307860859507     
  0.438701599711609     
  0.490794197124390     
  0.480956363689539     
  0.418731315574005     
  0.516922886506918     
  0.499417364094320     
  0.515639208057195     
  0.473084333021644     
  0.537278705232133     
  0.512958081626011     
  0.547381923053156     
  0.473713106855956     
  0.517170329137179     
  0.522792070957842     
  0.505586566475819     
  0.566534584273885     
  0.485354604230572     
  0.525172162822265     
  0.550747186956595     
  0.514256110923339     
  0.546025611429243     
  0.509831113602652     
  0.486732571682144     
  0.444067622816556     
  0.531182399666450     
  0.553331092805105     
  0.517942476321930     
  0.523945525604440     
  0.541924256606639     
  0.484240939269981     
  0.506817180355277     
  0.506551903301632     
  0.507489692972505     
  0.520946290743625     
  0.492009362173039     
  0.475177165131020     
  0.495302239221242     
  0.480458411399498     
  0.506685494183849     
  0.434000859729680     
  0.546457556325512     
  0.484251025507019     
  0.444685726441535     
  0.453226414609085     
  0.478371120320089     
  0.535736220258273     
  0.514841617272537     
  0.543459183487411     
  0.504737266349798     
  0.529924555396481     
  0.533685175155661     
  0.512107764356233     
  0.509371670413044     
  0.468906255307402     
  0.553478990101619     
  0.414584144138518     
  0.506489669558784     
  0.519066267831721     
  0.457470756989612     
  0.510918833549141     
  0.502587164946856     
  0.448650146297396     
  0.491947884672955     
  0.480739911682940     
  0.480287735123739     
  0.444553390802970     
  0.507770307597883     
  0.529298966175365     
  0.479066723778469     
  0.508718280050163     
  0.459340579283357     
  0.470211524193520     
  0.516104128772856     
  0.505328421356512     
  0.448751995803104     
  0.539156303951308     
  0.526626718015401     
  0.480900639971836     
  0.521075071248759     
  0.511109736987207     
  0.494731413777557     
  0.469408529876768     
  0.529064564230025     
  0.515538294503128     
  0.530244028227700     
  0.460333617977401     
  0.484067187511098     
  0.473040687481152     
  0.492578236254426     
  0.516358633218620     
  0.486746301103223     
  0.486624315602931     
  0.503212163546115     
  0.450246373181697     
  0.546475089362563     
  0.458384541677654     
  0.468539606319697     
  0.513267414292066     
  0.545481922645401     
  0.533126588357553     
  0.483674916519460     
  0.502308905328214     
  0.523776858463902     
  0.575860113039946     
  0.485072016802550     
  0.495926425550856     
  0.521078042138090     
  0.497254278513790     
  0.473432481533482     
  0.455540503773966     
  0.458417037444370     
  0.491808300740474     
  0.515611587173822     
  0.530673259658789     
  0.481492859240544     
  0.533481574814668     
  0.489324714198182     
  0.556807672135921     
  0.503415767687234     
  0.525314462035950     
  0.494799993838967     
  0.440579198244124     
  0.537671985219505     
  0.514116864200788     
  0.505476005732264     
  0.569460350633139     
  0.582463417573003     
  0.499482767041987     
  0.516228675094295     
  0.572999723747079     
  0.567476934342012     
  0.461276520963366     
  0.500328691755433     
  0.506011704979479     
  0.544919492969686     
  0.546064664910390     
  0.495935664688477     
  0.485259306731304     
  0.470570767677015     
  0.543133332344840     
  0.492538804500119     
  0.461742011571698     
  0.485374934324488     
  0.517207063179897     
  0.449161802994954     
  0.507032958290734     
  0.468053477486484     
  0.514717620725504     
  0.577666249730573     
  0.445127605493400     
  0.547244816016285     
  0.493194006358003     
  0.484535216822249     
  0.528059947833092     
  0.537054033366827     
  0.467028331886088     
  0.509111862981854     
  0.556858549401197     
  0.528307177314328     
  0.483895916736395     
  0.437273321218769     
  0.475082664481776     
  0.485401557788027     
  0.535734615375265     
  0.439021975529818     
  0.490884822263275     
  0.520450827389042     
  0.570179766753790     
  0.478784981751892     
  0.502718606970091     
  0.461045812943418     
  0.547441849830036     
  0.492195401930665     
  0.494913471370881     
  0.519088054072882     
  0.478162202973262     
  0.553349805584299     
  0.498471208508070     
  0.482081818762589     
  0.504955298262683     
  0.531633203394740     
  0.493793188926375     
  0.497416629444067     
  0.523845554145570     
  0.491595728932966     
  0.550733470674062     
  0.497182213587370     
  0.514466942674567     
  0.578979983626312     
  0.499632866829387     
  0.486839222112830     
  0.533133099331383     
  0.530974788061296     
  0.491545134851634     
  0.436956780879808     
  0.462909564693627     
  0.542085504434939     
  0.525006565054261     
  0.494490969285777     
  0.458009491763205     
  0.482864304206800     
  0.417613948940362     
  0.425969127552186     
  0.517437892465595     
  0.532510053907872     
  0.461323339861397     
  0.464938614714994     
  0.497839849383680     
  0.519182340867416     
  0.512668809374509     
  0.541128166601755     
  0.548094585414442     
  0.510626409522544     
  0.521076009371098     
  0.451632291379005     
  0.423715642751866     
  0.498669332665272     
  0.492669890188185     
  0.527075974977424     
  0.524910464802675     
  0.493953023858752     
  0.432337956847416     
  0.492104871299017     
  0.496829485565566     
  0.538718832882547     
  0.499445624742862     
  0.505932534323471     
  0.486488595340875     
  0.534365840518478     
  0.529245103537498     
  0.533592008673270     
  0.491021822053071     
  0.505525078014176     
  0.504078446878561     
  0.510071926572173     
  0.530663223638132     
  0.538468138458993     
  0.449808018810525     
  0.507190997048624     
  0.470552167009586     
  0.493694564693914     
  0.440248992187919     
  0.487911754090176     
  0.527051738356677     
  0.477043127510386     
  0.489542920140475     
  0.470488880088707     
  0.451397518871170     
  0.413820790471502     
  0.427065441872575     
  0.533175842904809     
  0.501248694210041     
  0.492877545362378     
  0.517421284949957     
  0.490158859566723     
  0.542163728859189     
  0.495327015765608     
  0.505120088752231     
  0.473508798793647     
  0.473054047417837     
  0.487596371719537     
  0.459028971348096     
  0.505821828763698     
  0.484433976526411     
  0.532646834417719     
  0.486460130052985     
  0.527729713297299     
  0.481989559394281     
  0.529531365183168     
  0.238999193206320     
  0.241644369938040     
  0.282154895962407     
  0.282115832505927     
  0.239616705863345     
  0.240365117692384     
  0.253759114279058     
  0.241047501657265     
  0.257158106825163     
  0.250369611453214     
  0.265657953460875     
  0.254768127691890     
  0.263350360832300     
  0.305301638439435     
  0.278810720763356     
  0.262985255035051     
  0.212935894750939     
  0.231334071515384     
  0.236001877290643     
  0.239446141474504     
  0.215048665575524     
  0.261621924085383     
  0.269910134607338     
  0.241269902341705     
  0.218548383063443     
  0.244331004980165     
  0.239660444248656     
  0.245911325890950     
  0.262378210326507     
  0.241096753534932     
  0.248211568358863     
  0.307576950700758     
  0.275852994351565     
  0.270630951253105     
  0.251463584091732     
  0.298161642697789     
  0.239328606803630     
  0.240597271747427     
  0.264775857148910     
  0.248691638315248     
  0.280768292584484     
  0.257352860921277     
  0.263496984081529     
  0.226966360714695     
  0.207756256523831     
  0.249716867363544     
  0.205837425084356     
  0.245183316617038     
  0.243537820175160     
  0.232553273494365     
  0.218051406620231     
  0.272282513615330     
  0.271091958287045     
  0.214192419852853     
  0.270865297231355     
  0.230065115052706     
  0.253994538890052     
  0.280785515191080     
  0.238660929242812     
  0.233572171483986     
  0.287376731372935     
  0.267394687401199     
  0.250942579345119     
  0.245833198901232     
  0.266462740978404     
  0.268027058398580     
  0.227868812493283     
  0.254343094012295     
  0.264513152116617     
  0.235685445351991     
  0.259280213110988     
  0.315380519413063     
  0.246295571539740     
  0.241265594166609     
  0.244195784251161     
  0.208360919133407     
  0.214526149093985     
  0.278572281238790     
  0.265100978140460     
  0.255516386147690     
  0.287065027210588     
  0.289387637254786     
  0.226905988969952     
  0.231313940547687     
  0.245416182571672     
  0.277956285471810     
  0.265467228144612     
  0.241716262503661     
  0.241099908357546     
  0.271135993040636     
  0.211831298795272     
  0.221288251876638     
  0.262761326060260     
  0.225719781396789     
  0.250426527358880     
  0.251719887303599     
  0.277188446516117     
  0.233754605704762     
  0.285294474578773     
  0.216392619998164     
  0.256102317890539     
  0.241700814392497     
  0.258984158024915     
  0.242594902771166     
  0.268042317734703     
  0.284172987857153     
  0.244352144422958     
  0.250525450333582     
  0.276010171718127     
  0.282734058877866     
  0.265075397897098     
  0.224887918696346     
  0.254630897604742     
  0.243567642973098     
  0.301922621541260     
  0.278549236636383     
  0.255330790943822     
  0.253415565631345     
  0.257446399342317     
  0.205210163735003     
  0.247144339792593     
  0.247506053874343     
  0.286267660167236     
  0.248307736208459     
  0.211854132113031     
  0.227848410650445     
  0.218554254554715     
  0.263036866705533     
  0.248692157598541     
  0.216234486820042     
  0.223770500783310     
  0.291163270378202     
  0.277389776643439     
  0.288350373878884     
  0.244880457130348     
  0.238695711656525     
  0.236498939343533     
  0.278103385851378     
  0.256779295734791     
  0.225238797103276     
  0.243770803193202     
  0.268038734100017     
  0.219920150842491     
  0.245235203785012     
  0.216546588165234     
  0.273967845348802     
  0.278736065693870     
  0.227600091673116     
  0.280148578188511     
  0.267219572693373     
  0.259433433038685     
  0.212497150163573     
  0.252631115883506     
  0.318283693775047     
  0.252642252955979     
  0.255782728459434     
  0.331178021196090     
  0.250166330531586     
  0.226148071368428     
  0.260625107747590     
  0.273423777833609     
  0.278419044718014     
  0.271674548477536     
  0.236956022473218     
  0.235065155883684     
  0.280803130915508     
  0.256960086282300     
  0.241847225182992     
  0.272891051324373     
  0.247426540567442     
  0.218701479299670     
  0.241560765621321     
  0.241800892783758     
  0.209359149443473     
  0.202493045428405     
  0.212244153026732     
  0.232914168156576     
  0.269070150992013     
  0.261674772979862     
  0.233274408784100     
  0.230368201694835     
  0.240851890992151     
  0.222019379915148     
  0.282035351478783     
  0.236594616999444     
  0.221623225334075     
  0.232554972289892     
  0.253945692765890     
  0.222372901402189     
  0.253008747516064     
  0.234097823683633     
  0.283629628312890     
  0.281324121373510     
  0.287968774600787     
  0.248489608931204     
  0.281451219110386     
  0.231274581967989     
  0.253468443928737     
  0.261883123007966     
  0.287117393847370     
  0.260651231311851     
  0.240306208486759     
  0.275139919554954     
  0.215084932318822     
  0.224620188564640     
  0.227838998938234     
  0.228196835617557     
  0.201579471609900     
  0.239165380278359     
  0.236777276495977     
  0.240425642520582     
  0.247500134022629     
  0.249645799918174     
  0.259677912182780     
  0.286122479899115     
  0.246283057005842     
  0.265622946055101     
  0.202509585293862     
  0.239210044827850     
  0.248227677431814     
  0.273109761270215     
  0.241731748353017     
  0.301445274204354     
  0.294633221773003     
  0.241421264294232     
  0.237208625800657     
  0.251998538102587     
  0.243662986569731     
  0.251977733957824     
  0.229637190377989     
  0.271449720258996     
  0.258618332942210     
  0.271665541675829     
  0.228449696010204     
  0.243126728808451     
  0.287476586779936     
  0.269924551522182     
  0.243125796117725     
  0.256747742574903     
  0.259669818924327     
  0.267223989998089     
  0.235396843742842     
  0.242868971408200     
  0.275669084756665     
  0.242699180822615     
  0.244101249621466     
  0.267780529922690     
  0.271914429637028     
  0.261755945979431     
  0.242195323544537     
  0.291771217878448     
  0.250400471002564     
  0.252949230594378     
  0.274283062628956     
  0.225561082576259     
  0.235415757556561     
  0.250927618101551     
  0.264783209564136     
  0.314349498787149     
  0.270318293523517     
  0.277062433583886     
  0.308763501377686     
  0.254667600763102     
  0.262605200792821     
  0.259992768130793     
  0.294270806484506     
  0.274252270898540     
  0.254282437210819     
  0.297625276328920     
  0.255512643409349     
  0.256299634808965     
  0.229503091183191     
  0.207766391347488     
  0.268501916056473     
  0.266867604741684     
  0.237885357878665     
  0.259052465901107     
  0.245935322388499     
  0.276683782993310     
  0.234852024863895     
  0.243228633855701     
  0.260021542386080     
  0.264204695014815     
  0.289201821911875     
  0.235305769703478     
  0.243496004206645     
  0.282250987188818     
  0.249541047017267     
  0.228800865194934     
  0.244930785823036     
  0.212691210889999     
  0.262899499689450     
  0.254388250193221     
  0.266738298516860     
  0.246091837215984     
  0.211598624971989     
  0.235517218590584     
  0.268523056038010     
  0.240245011696787     
  0.201517928784364     
  0.240860555520701     
  0.242360051298465     
  0.254102917145047     
  0.282852180607423     
  0.250088803792078     
  0.263823317824154     
  0.238154523692978     
  0.247183426876941     
  0.211710343593806     
  0.309268178543094     
  0.261763140656894     
  0.242410347917107     
  0.229431349606437     
  0.245058896330075     
  0.295109973339780     
  0.248471075466837     
  0.270832944311202     
  0.255856243841645     
  0.257721598594281     
  0.265106271289425     
  0.273751048328938     
  0.271809519380048     
  0.236019756218042     
  0.241415043993591     
  0.258842171728055     
  0.230570363102252     
  0.304837574644794     
  0.253715142941058     
  0.220046010458533     
  0.272392529129350     
  0.276230720408764     
  0.258739547129210     
  0.235787602460117     
  0.236038456006769     
  0.204718627832070     
  0.242110514554057     
  0.278223025433170     
  0.222887992162850     
  0.237398108522630     
  0.248472460890567     
  0.244852816062917     
  0.254182303094712     
  0.279992956270414     
  0.274114794830531     
  0.253513447907431     
  0.236275873920342     
  0.239791080333095     
  0.252471322376429     
  0.194656519387436     
  0.256732500444245     
  0.235440482761333     
  0.329500373770535     
  0.204210494265069     
  0.241961228678313     
  0.216340426043242     
  0.283181804202030     
  0.270998973746030     
  0.268809960350413     
  0.220809232318372     
  0.282505397512108     
  0.262447464038422     
  0.285168379211047     
  0.277308589121291     
  0.252328037034087     
  0.279675564209945     
  0.239145285349065     
  0.249908340034388     
  0.231416833035606     
  0.242013264566072     
  0.215051330621209     
  0.212139209869069     
  0.265791656841726     
  0.254323856107088     
  0.230246614215232     
  0.246097849476562     
  0.253875379119962     
  0.238375198514448     
  0.251449594240422     
  0.242294906235116     
  0.224552437343828     
  0.277004315398574     
  0.244497575477713     
  0.321940550259978     
  0.252784259565710     
  0.258243803106541     
  0.259930654274063     
  0.200323947385366     
  0.279930374944104     
  0.293422856166344     
  0.207443472543829     
  0.222800186319534     
  0.234280728226017     
  0.298226023030816     
  0.298589864582288     
  0.220601389917662     
  0.233539050556892     
  0.229414990311691     
  0.229976021576087     
  0.292582605376543     
  0.259480911553175     
  0.249991413394264     
  0.259933542056385     
  0.256072649404761     
  0.242635062837182     
  0.216743580677359     
  0.222082443973302     
  0.250957385353464     
  0.270072782816237     
  0.266600249562669     
  0.215941635367811     
  0.226121622347365     
  0.284465709773462     
  0.253765883969343     
  0.228423149749757     
  0.257749466457353     
  0.231586968592673     
  0.300332648396936     
  0.223435313525037     
  0.220890481170461     
  0.213900094546726     
  0.252825026627804     
  0.270872862831937     
  0.273906021554486     
  0.260892154311940     
  0.266490793232347     
  0.263408748424060     
  0.259408957779450     
  0.269617625968320     
  0.257949101036062     
  0.275779696897813     
  0.255509901774315     
  0.234555500614369     
  0.228463024856088     
  0.244831522620977     
  0.250312899089569     
  0.237372394867411     
  0.255589673702680     
  0.221891747104836     
  0.266451029397140     
  0.277135341317577     
  0.217211272202871     
  0.300668412315780     
  0.263584544497112     
  0.285824846746601     
  0.193792874404443     
  0.271677511424616     
  0.241204082120789     
  0.260205422032555     
  0.256738979972893     
  0.258001629980310     
  0.244811050568200     
  0.247643599716967     
  0.243227629957920     
  0.293997459316965     
  0.253082363721599     
  0.271520636654314     
  0.246249574999552     
  0.249577623759014     
  0.237239290847185     
  0.290861434549495     
  0.258949356199969     
  0.317224832172794     
  0.243244826227602     
  0.290929362560417     
  0.254818083582513     
  0.267001160094980     
  0.237316497504126     
  0.228489679440663     
  0.254614411172460     
  0.235835047392117     
  0.242283836501706     
  0.278192938354964     
  0.235798256615718     
  0.247968806813737     
  0.254763439557909     
  0.266686426581238     
  0.211948345287678     
  0.248845124007246     
  0.295594193710663     
  0.232680545008470     
  0.233587155865078     
  0.224428131976111     
  0.264010606717830     
  0.240441462519648     
  0.293378142905602     
  0.210871414310936     
  0.266668977719829     
  0.259385392258375     
  0.227834165843502     
  0.223984317872614     
  0.216426231700763     
  0.210093376161478     
  0.244743946263891     
  0.262477053990023     
  0.210102045836757     
  0.248125055597840     
  0.261631211283746     
  0.286318031096521     
  0.290362904124575     
  0.241603368113689     
  0.252187448394073     
  0.269179825706729     
  0.238122730797519     
  0.263998387196915     
  0.303763255431975     
  0.244181774519814     
  0.231464923400345     
  0.259965464499552     
  0.269052105593210     
  0.255649649374039     
  0.243042443676147     
  0.252612182282689     
  0.263277346688620     
  0.238377919012312     
  0.267322686773206     
  0.257777208622642     
  0.252105671573296     
  0.261598409789979     
  0.258080794311691     
  0.259061901814473     
  0.267454758882870     
  0.291156534056698     
  0.289344969725232     
  0.228348623954340     
  0.251781851899015     
  0.315342883561573     
  0.259900345555503     
  0.242905863730206     
  0.228567748338826     
  0.272700113259691     
  0.248086771342636     
  0.275388415091856     
  0.248052571193875     
  0.234580585539444     
  0.281821559476631     
  0.251041381995476     
  0.260356877450249     
  0.215362288606187     
  0.280680426794894     
  0.260277611310649     
  0.240928036144692     
  0.241878494569152     
  0.228212384846191     
  0.245187074462815     
  0.245716230058325     
  0.259250852844856     
  0.236103362077680     
  0.294933143103545     
  0.214848533696570     
  0.258259173343455     
  0.234306482815882     
  0.233817712095197     
  0.279974281274195     
  0.217826346463399     
  0.233838762026491     
  0.244446086912543     
  0.202259591497053     
  0.252874477362292     
  0.226064082818891     
  0.232938877884043     
  0.274757069378980     
  0.244355093429975     
  0.260348205466345     
  0.261492686658649     
  0.247724273734129     
  0.244933992252876     
  0.255807481085310     
  0.299400702495950     
  0.245649688580735     
  0.206619914046650     
  0.258274255867866     
  0.283456310857022     
  0.216375672781388     
  0.266021268153374     
  0.260884581294022     
  0.242312936733789     
  0.294809902320136     
  0.239947931587542     
  0.223230413830155     
  0.218192470156379     
  0.302499083028408     
  0.279669170937939     
  0.249992989575955     
  0.289651953600252     
  0.249476518901883     
  0.262993684361894     
  0.204361091120046     
  0.232653178162749     
  0.255260648223520     
  0.213823759753568     
  0.223333860381916     
  0.326885462821893     
  0.265563246528489     
  0.270428528464794     
  0.226013910479935     
  0.214710527173683     
  0.246894743841029     
  0.230585965783988     
  0.222810151967932     
  0.260078416570448     
  0.228867917694068     
  0.218697790482553     
  0.248283373635666     
  0.248621802317168     
  0.237567443925930     
  0.216579449734177     
  0.213700229955640     
  0.298221411920905     
  0.270472946089317     
  0.221899451757880     
  0.215969253951746     
  0.275170043587621     
  0.261912538168786     
  0.295557327423039     
  0.274161047748170     
  0.235113055947868     
  0.248963303335641     
  0.240928350225335     
  0.232311777918649     
  0.265451137857325     
  0.285400685841154     
  0.242759325261408     
  0.263725845089257     
  0.284182272873559     
  0.197963572550297     
  0.235604407312022     
  0.266441630704104     
  0.274765420373193     
  0.253311218940540     
  0.251902681349158     
  0.261203604072169     
  0.238978208704639     
  0.203956552149476     
  0.253073187664091     
  0.198596413114737     
  0.238979491752435     
  0.224729422839522     
  0.251749933751041     
  0.234733173369590     
  0.257272578983659     
  0.262920246447678     
  0.246189685454195     
  0.253473298383429     
  0.264585024429216     
  0.237512890343625     
  0.300781811105127     
  0.266704868170639     
  0.261649509593480     
  0.271968435109056     
  0.281926491756404     
  0.289081267025514     
  0.257765085346500     
  0.232037842085628     
  0.197545548143342     
  0.271268743437906     
  0.231864340655152     
  0.221125151536385     
  0.253288644390649     
  0.259954081350091     
  0.190585343854566     
  0.224452123133727     
  0.244403340570595     
  0.253437994839758     
  0.249323412195235     
  0.249916632571491     
  0.248919998709500     
  0.262332925968897     
  0.238905844706429     
  0.220377995291078     
  0.275949848607735     
  0.248035215022573     
  0.266379333336929     
  0.260575411337398     
  0.229705885937685     
  0.259177830825279     
  0.231418112015740     
  0.276999211526389     
  0.292376205434243     
  0.278084593535691     
  0.236738349544313     
  0.267532950863499     
  0.258880108029496     
  0.261889968834747     
  0.239293191101081     
  0.225180833729701     
  0.268069693964206     
  0.234765301813334     
  0.237825716226442     
  0.289800748719304     
  0.253175868037465     
  0.276166606849838     
  0.275477247591731     
  0.213592789173124     
  0.250404636805954     
  0.280374768955632     
  0.302053882671417     
  0.260644476302705     
  0.249311337177942     
  0.259152803528743     
  0.244134279185420     
  0.287810966588360     
  0.238016919926217     
  0.308779869683881     
  0.267904604454717     
  0.212868385099035     
  0.253589504152356     
  0.242495900941693     
  0.274789036749998     
  0.250322706600620     
  0.214186884992617     
  0.265426569471488     
  0.279840791488297     
  0.208558622953147     
  0.240528658996140     
  0.236349099744301     
  0.251527996900865     
  0.224710228115915     
  0.299506010891273     
  0.248115346203379     
  0.279933129425256     
  0.220798346413148     
  0.251755417843028     
  0.240468061504913     
  0.257316522489860     
  0.269248350477260     
  0.299681318727182     
  0.280395804620520     
  0.230558143056851     
  0.295999766765991     
  0.254368506130303     
  0.218808639842951     
  0.255109501384577     
  0.257516860837382     
  0.287588293888484     
  0.255754482875561     
  0.245452004945488     
  0.250465702382002     
  0.285369891060482     
  0.270400061972916     
  0.235426055064160     
  0.255826902896288     
  0.237570317034232     
  0.249108915085837     
  0.255088565664044     
  0.255550160436208     
  0.307434647543503     
  0.260798753478213     
  0.239269776543376     
  0.242300624318938     
  0.275817982215679     
  0.241870975810920     
  0.245231576885658     
  0.264989448851451     
  0.268675528149061     
  0.223795032835089     
  0.264097128298477     
  0.216536297795891     
  0.260659605049835     
  0.250820078804855     
  0.237951932861371     
  0.235897040123841     
  0.237461105108411     
  0.221770859311711     
  0.298202597426280     
  0.213880217060791     
  0.271490443713692     
  0.251481825387450     
  0.213031093094837     
  0.248565411486373     
  0.228976322277930     
  0.226970226488892     
  0.275087231216487     
  0.234841899793904     
  0.249432048998797     
  0.262549101229749     
  0.268754200278693     
  0.250839145684985     
  0.223696499133527     
  0.219039556086915     
  0.231508530648508     
  0.304012275617002     
  0.264791253278753     
  0.276903455964956     
  0.232575141202680     
  0.267734696901744     
  0.223547745291740     
  0.247485384136048     
  0.245387588632086     
  0.243928269573643     
  0.252379817186492     
  0.249524718395831     
  0.231176951238703     
  0.218447989269784     
  0.259802101258916     
  0.263598188081718     
  0.247621291206842     
  0.244648631384730     
  0.244116368644190     
  0.245627743316052     
  0.217671111533396     
  0.262649182809560     
  0.239402948697488     
  0.232165579069650     
  0.268636797325316     
  0.189786250127587     
  0.224269397503166     
  0.221072682998421     
  0.252082466245469     
  0.269348118596681     
  0.286678415525360     
  0.239908091827228     
  0.234366640400073     
  0.246387505196871     
  0.259093340971499     
  0.269267847970942     
  0.256359333468850     
  0.250433721060167     
  0.205051167157624     
  0.247371739622170     
  0.231002798883834     
  0.229388634423636     
  0.236453150643215     
  0.261303194756254     
  0.220541800057992     
  0.216016780499743     
  0.255440823534832     
  0.240182214801558     
  0.210346499079186     
  0.221945536144342     
  0.304522051339915     
  0.247905619973904     
  0.234907676869945     
  0.219975975618388     
  0.239949635933101     
  0.278444752462961     
  0.263713539305329     
  0.252534292604154     
  0.267373596180579     
  0.250369603074181     
  0.190210190159322     
  0.274057462558309     
  0.265748454808015     
  0.264110221874653     
  0.249098496944747     
  0.273988380262547     
  0.288102916297463     
  0.212056634548694     
  0.247503634190659     
  0.249574381799061     
  0.240408429387186     
  0.220838259890077     
  0.274871448344306     
  0.253086769620445     
  0.236519605320451     
  0.237633918483567     
  0.248520975836092     
  0.289219677264972     
  0.233485913539736     
  0.265674629344339     
  0.256611626411073     
  0.214073864746561     
  0.276476470675067     
  0.234633015433379     
  0.247712567597802     
  0.261337917891417     
  0.259512666547632     
  0.205246119791860     
  0.245497004820339     
  0.231666083695390     
  0.224758579928924     
  0.293467435534049     
  0.280922232922310     
  0.234799570748473     
  0.241774905602537     
  0.299372597235985     
  0.232857632566463     
  0.234082991545602     
  0.287508487059573     
  0.272248559632152     
  0.278989415901123     
  0.247353561096309     
  0.236923208023501     
  0.286364056687238     
  0.281008182277998     
  0.261408546942351     
  0.258709460291653     
  0.233172309982975     
  0.234150583748119     
  0.240740333375896     
  0.288059921230692     
  0.224721239572486     
  0.248545191442219     
  0.231693307366816     
  0.260708293956239     
  0.277063720638114     
  0.251283954070368     
  0.235009217376107     
  0.236433663639217     
  0.217310458893541     
  0.254145598709295     
  0.248239505513248     
  0.211157342095782     
  0.238760642469469     
  0.238414512207948     
  0.242711680995317     
  0.252564359930470     
  0.225864584013318     
  0.263384770329952     
  0.232646181274936     
  0.223069779631093     
  0.275467627828122     
  0.242135542033793     
  0.259718041373662     
  0.236700845032147     
  0.280832496871197     
  0.252679513053462     
  0.280998343168463     
  0.268299440294082     
  0.221887262108005     
  0.230634812216673     
  0.278022162282908     
  0.249650024125205     
  0.266264254396544     
  0.221326857132190     
  0.223141544513986     
  0.226183688119681     
  0.245798533583584     
  0.314764553214015     
  0.247484991518924     
  0.268924884062789     
  0.245698399887732     
  0.280876359541148     
  0.243412939489150     
  0.258195289460225     
  0.237471356131296     
  0.267413137919295     
  0.241494866097250     
  0.311317787466039     
  0.244737943423186     
  0.257235959052989     
  0.273496663358632     
  0.277634251078392     
  0.255870290932659     
  0.265669472145003     
  0.269425710437825     
  0.276492256173139     
  0.296598494196473     
  0.253100075729241     
  0.268766130217639     
  0.286820648494233     
  0.314754527996621     
  0.205838021255517     
  0.226772381660120     
  0.284746269881765     
  0.227719226614590     
  0.253409662601025     
  0.303034352846598     
  0.245083996596300     
  0.249726666083318     
  0.253663935944960     
  0.215727681280392     
  0.252473653334524     
  0.267332008379918     
  0.242529278401929     
  0.274660395351652     
  0.253303085031916     
  0.228899821862521     
  0.247394504981698     
  0.234157041981455     
  0.246694262169693     
  0.253333597138189     
  0.239212781456457     
  0.213204145477325     
  0.223362615040278     
  0.297738726663553     
  0.250193823106928     
  0.294768542366491     
  0.255835074193252     
  0.265314106311785     
  0.246996274468225     
  0.267995563096545     
  0.238420210899074     
  0.244838146689916     
  0.267017826577783     
  0.271813525009728     
  0.247395313332711     
  0.286092201771462     
  0.255454756940648     
  0.200065249471262     
  0.288524848822721     
  0.248696878815290     
  0.250491427643710     
  0.243528143259926     
  0.262355034989334     
  0.255924530131293     
  0.221288832578304     
  0.235166601045563     
  0.265097194000702     
  0.257719260757392     
  0.253959265582119     
