  0.466507304091543     
  0.486196494751269     
  0.485350309978222     
  0.543420047344287     
  0.464736358863930     
  0.490269567834639     
  0.508454314615179     
  0.528148508177317     
  0.474590511769038     
  0.481914853680468     
  0.475271439570105     
  0.517974394910725     
  0.549867147834741     
  0.498706383645694     
  0.514015072511201     
  0.430902887640703     
  0.420410040435357     
  0.515671398967374     
  0.497560783510348     
  0.472813499906253     
  0.481919929141424     
  0.496556002808643     
  0.565479386370856     
  0.543427539637971     
  0.483663407018234     
  0.484683446814852     
  0.553072306928669     
  0.573657648719493     
  0.541258189668778     
  0.505502671280181     
  0.512915470217418     
  0.506726349714493     
  0.468904037982883     
  0.451284771508934     
  0.528015866588587     
  0.527380687655031     
  0.532676177541189     
  0.484463034224239     
  0.515121145529726     
  0.468869068967401     
  0.474868516799258     
  0.520573382663108     
  0.496136776426057     
  0.499268840035686     
  0.469993689520458     
  0.520681229124522     
  0.522608480322455     
  0.525189101199406     
  0.455158777524328     
  0.514330084123802     
  0.487239538026100     
  0.484213488449239     
  0.483294936858363     
  0.495216044785735     
  0.482861680137351     
  0.483221023618637     
  0.501807757907305     
  0.469840657606059     
  0.538918150233861     
  0.460107030506807     
  0.454145706436512     
  0.463369013822052     
  0.481868679830193     
  0.510034428019391     
  0.561961922376462     
  0.546775598412829     
  0.527633762138555     
  0.532035593333327     
  0.516058758785516     
  0.491201523018121     
  0.547928051658826     
  0.525162405468651     
  0.476204808337918     
  0.507019693272532     
  0.522606005515839     
  0.531272109548461     
  0.525865834007662     
  0.516234018227295     
  0.480842305997064     
  0.530812098891279     
  0.511684385952222     
  0.515233009994806     
  0.520939648712606     
  0.559856056375927     
  0.457088110285625     
  0.461344178554111     
  0.547815766828750     
  0.550178250909422     
  0.596238778771243     
  0.509057366083819     
  0.513598945621138     
  0.504498696947660     
  0.469924917130959     
  0.503851990888741     
  0.536886339708254     
  0.581580001742913     
  0.522349012717858     
  0.490904845405574     
  0.544947860768363     
  0.493238525106531     
  0.473082193865809     
  0.556194396830243     
  0.486244680948099     
  0.520362861202266     
  0.499261098792629     
  0.520656538513883     
  0.457043568069892     
  0.582035331912161     
  0.516865578564020     
  0.551931223372027     
  0.487758117181546     
  0.532169493865362     
  0.564711978943397     
  0.432008133169724     
  0.544746820298933     
  0.538515255713669     
  0.562202883569243     
  0.522163550626028     
  0.489809588993309     
  0.492510587948273     
  0.494595081378396     
  0.512930051132611     
  0.475712993622120     
  0.473742429092754     
  0.512814971180475     
  0.476571084958041     
  0.474932086494190     
  0.464587012733977     
  0.514101892787533     
  0.482551172909604     
  0.481159947454027     
  0.510608145226974     
  0.444401112297432     
  0.471310249110420     
  0.476888655470896     
  0.511970821692696     
  0.542924738728623     
  0.509633025954101     
  0.502843859770573     
  0.506313873195012     
  0.485949704943652     
  0.530598993426307     
  0.533789569821412     
  0.472700005094981     
  0.504915840662966     
  0.530258688919169     
  0.510650593943987     
  0.519139942930615     
  0.471133622893504     
  0.530629577266993     
  0.512650060802373     
  0.533790756030755     
  0.501734024910500     
  0.478513329701397     
  0.440578156773905     
  0.512526700673919     
  0.519905124681572     
  0.475517594992204     
  0.506150886925500     
  0.534426819931457     
  0.472374205608290     
  0.493789777986447     
  0.483851379145057     
  0.525734344998156     
  0.459062783329949     
  0.513881286142483     
  0.514666563354850     
  0.505417718868921     
  0.549423938092020     
  0.470905025397606     
  0.479639940420997     
  0.528555107337238     
  0.509101597433620     
  0.518285418322372     
  0.522732769036641     
  0.506590111203877     
  0.564819435952424     
  0.501161913584724     
  0.485846599455002     
  0.620759144611288     
  0.565154752486920     
  0.496984554911250     
  0.473165123728819     
  0.512447607704949     
  0.500961016258155     
  0.489402285977120     
  0.556331394385107     
  0.510810581913505     
  0.503635470066921     
  0.484614968198952     
  0.502226329786749     
  0.476272531928118     
  0.533850718930360     
  0.504053149320843     
  0.489611759897994     
  0.533003663904354     
  0.493303147566075     
  0.501268364145255     
  0.486587315223845     
  0.510349897391108     
  0.498923892703184     
  0.471636166468163     
  0.438618474490879     
  0.431149376132554     
  0.546095268313028     
  0.544925378191072     
  0.488817546797496     
  0.477147909157019     
  0.479112261675511     
  0.500743992917123     
  0.537885601781414     
  0.462396574220493     
  0.481743722791406     
  0.543091007697800     
  0.528061720813775     
  0.495236025825451     
  0.492601548162255     
  0.492836272556797     
  0.490697674657755     
  0.558858802056466     
  0.473899338060869     
  0.469164810602053     
  0.448749565824091     
  0.475460981099133     
  0.486140778292262     
  0.516872440566462     
  0.478025853455253     
  0.446647654819444     
  0.574151505944822     
  0.504178123851474     
  0.488379376909345     
  0.549255115229012     
  0.484352547273933     
  0.536018048956084     
  0.508253880875817     
  0.521656358591333     
  0.464277440095294     
  0.457039950677842     
  0.484616771368953     
  0.495789924492372     
  0.479951997594482     
  0.490113677288167     
  0.500836459374359     
  0.462578929624660     
  0.470261059186608     
  0.509365156734051     
  0.497171956048188     
  0.503548431883052     
  0.397508270327532     
  0.479058823413205     
  0.530193662503693     
  0.489197240048448     
  0.452231771181676     
  0.533677616055105     
  0.476853873656387     
  0.481081723416084     
  0.466040563498735     
  0.456750569387406     
  0.497846271915874     
  0.495960162349320     
  0.483252573177131     
  0.525001666505356     
  0.442634308927291     
  0.470865765116408     
  0.471121553501924     
  0.435153515109717     
  0.478495929895905     
  0.493560716822300     
  0.488961348214184     
  0.511652420249913     
  0.454546572214518     
  0.441999197985240     
  0.465519583853845     
  0.530706358420855     
  0.417671909189411     
  0.531324827254348     
  0.481348288741524     
  0.416463075296350     
  0.526688770284652     
  0.407494395588531     
  0.500865743957865     
  0.462438521816890     
  0.489394441010943     
  0.452946515776499     
  0.495653618043650     
  0.528537400635551     
  0.560309987545008     
  0.455536593135066     
  0.435239339678920     
  0.543559214925700     
  0.430180832134484     
  0.506762880688466     
  0.525299869892108     
  0.506061372799755     
  0.502823943159595     
  0.511859468550792     
  0.466293173720092     
  0.515836303101348     
  0.494517200784006     
  0.512080891389404     
  0.527943385110094     
  0.505626948186772     
  0.516685113639933     
  0.455222486488223     
  0.452490825185657     
  0.522169703111102     
  0.478388083645488     
  0.453381128221335     
  0.494419285128464     
  0.427143078183556     
  0.501037300460086     
  0.494162166857167     
  0.452093341159439     
  0.546834465205009     
  0.505440416158347     
  0.509624724301228     
  0.474950276944998     
  0.492637376605471     
  0.489010651182853     
  0.508636858057438     
  0.508624246109195     
  0.531899654263373     
  0.477171034951001     
  0.442258686900760     
  0.537145087561745     
  0.456763949181190     
  0.492496683626244     
  0.513277396378295     
  0.473003036868656     
  0.466797957002349     
  0.512760492871030     
  0.506615852494382     
  0.450217802859675     
  0.521607134365241     
  0.453519820898221     
  0.488273993709302     
  0.516962042460699     
  0.511496577321096     
  0.455273808229069     
  0.515746451426923     
  0.485839214509135     
  0.485590520545803     
  0.482226209133926     
  0.453319524045876     
  0.463550940160642     
  0.509413705103012     
  0.450973576606330     
  0.516092916410384     
  0.516331307976189     
  0.531594812327814     
  0.537335171073830     
  0.546210080608406     
  0.480709273280636     
  0.516249316391015     
  0.464420818049479     
  0.519019939422343     
  0.487837215524862     
  0.471133692831480     
  0.533005156656016     
  0.519377179609161     
  0.562082675302822     
  0.446955812108570     
  0.528324591266233     
  0.472273304390625     
  0.428468008419520     
  0.487556436293462     
  0.546330433254988     
  0.501911304969794     
  0.547714738217794     
  0.574407398557302     
  0.509750022209299     
  0.513308376498553     
  0.535311121863321     
  0.450949552524711     
  0.530590691686965     
  0.441892103904230     
  0.494511619412455     
  0.494936433613373     
  0.430736567699233     
  0.504766636422764     
  0.472877687695845     
  0.502732314967599     
  0.509731311107660     
  0.483829378660450     
  0.493426379704300     
  0.524192360800924     
  0.532911873987893     
  0.478429249109737     
  0.541412431613464     
  0.466839527715849     
  0.465328908015786     
  0.502493389128508     
  0.487462219738428     
  0.544205409642865     
  0.474783375115544     
  0.502384084559952     
  0.565139999311673     
  0.480748091891490     
  0.497961566261498     
  0.547551626092261     
  0.474123281287524     
  0.424133201861816     
  0.496624109335693     
  0.527968255608114     
  0.493652663757008     
  0.506405474438213     
  0.463417265617858     
  0.439273393942894     
  0.466230609357822     
  0.471073207707263     
  0.466346458550586     
  0.517274839469825     
  0.506534014520589     
  0.529965857834067     
  0.505814922289269     
  0.496444573172796     
  0.462355138102136     
  0.509851945174584     
  0.533061149180632     
  0.518580352613377     
  0.498000854846599     
  0.418705199350967     
  0.535553794583069     
  0.472024999220995     
  0.445895961338642     
  0.483941809790652     
  0.476734178646123     
  0.584504285930229     
  0.551450992261853     
  0.528664208843107     
  0.558583224940231     
  0.454227815930901     
  0.477542595770436     
  0.444989581777469     
  0.531154572399012     
  0.458593537485080     
  0.530791085645032     
  0.530164716069313     
  0.469092871163856     
  0.516629395693100     
  0.453218293196542     
  0.499578529015814     
  0.552985287191833     
  0.539735391010809     
  0.506237706089089     
  0.504862340231096     
  0.508417148514189     
  0.574300598251181     
  0.557680327600239     
  0.479550526105214     
  0.524977822527607     
  0.551843765951080     
  0.534585144393776     
  0.513786229888649     
  0.523965280512521     
  0.423681383993315     
  0.506215130823814     
  0.540598369491663     
  0.495118708266892     
  0.438057303090538     
  0.546125896981194     
  0.512773102402116     
  0.492711621915347     
  0.499183788903793     
  0.469507137029739     
  0.461882718500409     
  0.544449324256102     
  0.441765127505751     
  0.503160317197636     
  0.497478391368163     
  0.542714299184896     
  0.533473078068274     
  0.464958516235386     
  0.530196389721189     
  0.447451535286488     
  0.477375504215202     
  0.511732357264833     
  0.508913671368460     
  0.498178084190436     
  0.515588041140935     
  0.439797641892852     
  0.572073289987666     
  0.548015458164164     
  0.476834085232439     
  0.536961078869451     
  0.552820919490253     
  0.484807267689256     
  0.459873955019303     
  0.446515187566180     
  0.550803578051577     
  0.481761394258332     
  0.514746688454069     
  0.518441821677073     
  0.526885373234621     
  0.532810076907533     
  0.470888186679282     
  0.488172686339601     
  0.547462308241592     
  0.517565262111798     
  0.557513150677354     
  0.499951026278006     
  0.526267756917270     
  0.491014472278393     
  0.449876906430852     
  0.463514600106648     
  0.483853355614512     
  0.488394185913924     
  0.570152384311913     
  0.443576536338291     
  0.499427641495571     
  0.495692844052945     
  0.517012383165218     
  0.469008928210826     
  0.485260701615918     
  0.430840882686154     
  0.526618947464491     
  0.480431429869162     
  0.495423100427993     
  0.573101868304405     
  0.536508607514620     
  0.537127015832621     
  0.438058025979863     
  0.496581717077310     
  0.572919194049597     
  0.496536760770002     
  0.502856138190004     
  0.499431722877236     
  0.521730416336883     
  0.544190424298178     
  0.560526083832124     
  0.488608783944179     
  0.491369078865983     
  0.473457054781292     
  0.517020833451602     
  0.496789084531398     
  0.533706549080270     
  0.542323204101413     
  0.478695779751122     
  0.522949665042041     
  0.550236507771481     
  0.489288739875773     
  0.506841154725920     
  0.452054166900490     
  0.547316322476933     
  0.469996898738930     
  0.520688282194196     
  0.516863302180367     
  0.527825290199105     
  0.516921820893071     
  0.501232444333135     
  0.434358548896161     
  0.538644970285344     
  0.589955745537398     
  0.475065061954678     
  0.515087183712677     
  0.547037534923265     
  0.521396707323623     
  0.479125525561022     
  0.530659734626501     
  0.506873948094465     
  0.470664912695058     
  0.559533261140374     
  0.414481940576807     
  0.524308592402700     
  0.481229721702220     
  0.501333675321189     
  0.553179955633244     
  0.504821715789913     
  0.474901645288941     
  0.447966078421068     
  0.484212384917870     
  0.515048306180999     
  0.466570773284668     
  0.456065786842545     
  0.494112693910597     
  0.414364232301598     
  0.479186549808066     
  0.519048416668333     
  0.470128602381453     
  0.549294300871785     
  0.469392975721120     
  0.506930343935963     
  0.541984333465610     
  0.505088519391304     
  0.450875790748818     
  0.474368190547728     
  0.442083072668977     
  0.522740224611703     
  0.456939738953533     
  0.449749753025439     
  0.462683641212529     
  0.513593510146096     
  0.475308292764985     
  0.492892496377437     
  0.507837198298678     
  0.514149917529058     
  0.497973280680816     
  0.540056829304031     
  0.464509561343417     
  0.517911216002016     
  0.473081443210711     
  0.555363866678970     
  0.545737977430554     
  0.481072513796881     
  0.514195800810656     
  0.436691751579866     
  0.551910638155659     
  0.449083402001608     
  0.463853871423648     
  0.491838310596721     
  0.441062967403251     
  0.507479212930911     
  0.525456500020431     
  0.444814246431687     
  0.465391584428489     
  0.532776581960238     
  0.495755215727298     
  0.459440574949175     
  0.483579353356714     
  0.492196940737212     
  0.528143989278346     
  0.535620234142622     
  0.545055708559927     
  0.517225924554410     
  0.459774545094059     
  0.561655110933273     
  0.525331068377121     
  0.500813964991585     
  0.506196193935279     
  0.500337876105574     
  0.514629964999124     
  0.555139574839302     
  0.531687073574330     
  0.544999893009826     
  0.458427853673867     
  0.499309063161182     
  0.551386228844461     
  0.502207472703205     
  0.511583231220155     
  0.521927018245767     
  0.556795167114881     
  0.506981499310440     
  0.527280926311456     
  0.470376281246319     
  0.457255177828984     
  0.463261933083856     
  0.452131919792762     
  0.482935625526743     
  0.569859317828612     
  0.496334964026148     
  0.551713046619764     
  0.518661265212140     
  0.470007358445955     
  0.537129709358537     
  0.502756587935091     
  0.501509894042431     
  0.494256491707079     
  0.473652401660695     
  0.515347621072027     
  0.505741594306484     
  0.504967247209654     
  0.497382802094239     
  0.486512986952760     
  0.520092586655127     
  0.546162569731022     
  0.544884252154773     
  0.563294891922851     
  0.508834273309558     
  0.526645622415642     
  0.457352966339815     
  0.555105744251569     
  0.501435769117642     
  0.545320165095152     
  0.507226093880255     
  0.512552665899101     
  0.544184793183068     
  0.448723532082540     
  0.508446744120394     
  0.487555766578932     
  0.488594226112864     
  0.508118672012934     
  0.538236981521995     
  0.462263096907280     
  0.476779828352102     
  0.513358925683423     
  0.499384291943370     
  0.546907754041570     
  0.500703239621033     
  0.454461707356587     
  0.496004368866822     
  0.407798889137157     
  0.544324464976515     
  0.472421288498137     
  0.500991624356813     
  0.552768551120838     
  0.496095888207277     
  0.522399061988630     
  0.517614799034488     
  0.504280874601774     
  0.525610686698987     
  0.495839239669819     
  0.541774088685491     
  0.545747731769680     
  0.532316484969252     
  0.535723708641266     
  0.482267379005726     
  0.487538887073718     
  0.508029326790860     
  0.479058517158796     
  0.492414384805027     
  0.525246706769631     
  0.515324557621934     
  0.456150607181313     
  0.525321671456130     
  0.459115304883121     
  0.463936530358528     
  0.524500241889981     
  0.438648383801852     
  0.506491124834541     
  0.497597115807683     
  0.557917302302876     
  0.474411682202725     
  0.458712531019021     
  0.481015402097931     
  0.448337841086369     
  0.470901422017873     
  0.504109568176476     
  0.506150158141998     
  0.516008243530969     
  0.548586491013830     
  0.525882691537701     
  0.503493784829873     
  0.533204897227385     
  0.542654516010142     
  0.534253765205681     
  0.530938517472143     
  0.490138575311866     
  0.504680064997485     
  0.507822566205989     
  0.512462379546969     
  0.493658688588401     
  0.523397180979548     
  0.518947625050550     
  0.452013940289162     
  0.516695156103389     
  0.470448747539052     
  0.498825787812110     
  0.495588842533794     
  0.451560814641568     
  0.533014105938455     
  0.442367946700917     
  0.430593670049433     
  0.465215766075165     
  0.470714533187620     
  0.467307120578247     
  0.478101439329258     
  0.528763159915533     
  0.551672849619711     
  0.499247977686432     
  0.463412731186838     
  0.484145737529135     
  0.521182262300925     
  0.485259644359502     
  0.490419332736186     
  0.513006255817538     
  0.489172877934178     
  0.505269697038987     
  0.486562569078731     
  0.474748825848900     
  0.468347049100890     
  0.531590850403361     
  0.508544580788531     
  0.531607294169975     
  0.480688948724193     
  0.495557401847242     
  0.515094229838129     
  0.540835849755583     
  0.447508389124739     
  0.485775505640694     
  0.518312097200067     
  0.479726645852247     
  0.478880015875588     
  0.547243290549181     
  0.485438887207150     
  0.515169795235295     
  0.516037247342599     
  0.594918267381583     
  0.489637652988058     
  0.432173214099206     
  0.493534887802512     
  0.493768758635127     
  0.488721592485746     
  0.489608190516170     
  0.504658357154654     
  0.497356830879181     
  0.478048515908881     
  0.456571878595131     
  0.498974520758648     
  0.477161551613504     
  0.484261147561160     
  0.485479200924995     
  0.466082873177700     
  0.469772299147494     
  0.529051605246020     
  0.421295628755029     
  0.500341870057083     
  0.493933217853067     
  0.515553410772010     
  0.542802888575095     
  0.589614192911824     
  0.530303772370651     
  0.527492104670035     
  0.472993725797405     
  0.532736646904729     
  0.489217442700460     
  0.479807362292440     
  0.541921100501548     
  0.511607330777584     
  0.489494071950879     
  0.478256837650772     
  0.497690575556679     
  0.451492780991650     
  0.479245677884944     
  0.502763176336978     
  0.531082790460151     
  0.559342690846972     
  0.469173550283341     
  0.537331518681669     
  0.547618912883884     
  0.539809392795553     
  0.500655122090633     
  0.507208699781664     
  0.456939545448092     
  0.549715588268592     
  0.527934248304800     
  0.494408472514852     
  0.500232280394875     
  0.482046564053271     
  0.540601680418691     
  0.521587429855815     
  0.493051967333054     
  0.487071043804439     
  0.460164956989246     
  0.491177842028139     
  0.468243215896774     
  0.525987875347591     
  0.459491500699511     
  0.495527590623961     
  0.529514078207979     
  0.525031557046446     
  0.516168476145178     
  0.490429422638300     
  0.462031192491360     
  0.443700397073824     
  0.477880816170807     
  0.529809617387688     
  0.492120400544999     
  0.448063571935180     
  0.493447955166047     
  0.544710138396131     
  0.485992013239845     
  0.453059466046698     
  0.507545335619157     
  0.540340070290051     
  0.500372303015464     
  0.411340528452375     
  0.563305495464756     
  0.543548912973840     
  0.546334780547758     
  0.544871137153869     
  0.455013205431489     
  0.470158868569111     
  0.527476519841715     
  0.516826543031683     
  0.504665243102271     
  0.560715238630465     
  0.504400028949627     
  0.535073150732839     
  0.546685184671865     
  0.555353330929676     
  0.536605153381164     
  0.521506550546687     
  0.456879499357307     
  0.488219297055795     
  0.458073489295688     
  0.490328957634814     
  0.527943300030149     
  0.484131077424459     
  0.512749845747814     
  0.510481374929544     
  0.489522900748256     
  0.474991601416814     
  0.530497924453786     
  0.520862568520512     
  0.505503683947616     
  0.514728122873669     
  0.493404047442994     
  0.521443128928451     
  0.508900038847143     
  0.486948023147528     
  0.503342472921252     
  0.469338491322893     
  0.464845765964989     
  0.490566781341931     
  0.545192314079269     
  0.455540543269879     
  0.459448486111515     
  0.503404083905939     
  0.542313620809165     
  0.440530215590337     
  0.430727380263561     
  0.491655376710622     
  0.493013762413254     
  0.490263907025651     
  0.488129797602504     
  0.514486446692893     
  0.450756009432565     
  0.503129612945233     
  0.521561363694643     
  0.531683838136216     
  0.494106539980725     
  0.584508770002180     
  0.523713168056024     
  0.506818411141562     
  0.518808419958389     
  0.502815086778577     
  0.576433276564692     
  0.488841334386499     
  0.362885523528369     
  0.435393456676438     
  0.517857215844150     
  0.434202688480261     
  0.489577630833929     
  0.457793266833475     
  0.533841922712149     
  0.518026659341077     
  0.515944509876402     
  0.536487491584946     
  0.493379566265795     
  0.483782447920731     
  0.483017021516420     
  0.530217819491173     
  0.531462515636693     
  0.474397491368644     
  0.516774515599344     
  0.579050702419063     
  0.520733162401207     
  0.490653727212778     
  0.475944874596823     
  0.534516243067396     
  0.544547553226762     
  0.506743118834369     
  0.492548154437533     
  0.473092022295512     
  0.498806213434397     
  0.457293542573489     
  0.462761813541998     
  0.491827511798509     
  0.496281712248330     
  0.476970583365884     
  0.486657117072474     
  0.530121255424651     
  0.510177210356517     
  0.448423298083175     
  0.512615686755459     
  0.542042306423364     
  0.523807361729106     
  0.507737792816376     
  0.538972396067969     
  0.565876691268049     
  0.511090412421473     
  0.494492042584889     
  0.484981183141828     
  0.513164900940327     
  0.498225521477274     
  0.483335737686997     
  0.530550993185747     
  0.519187306835162     
  0.526415834154637     
  0.433181440685748     
  0.508100111523580     
  0.509719054430466     
  0.441212253947486     
  0.376908515448192     
  0.482523044597764     
  0.515024230663072     
  0.506414764137735     
  0.565832728136971     
  0.507982481289871     
  0.571311939611779     
  0.484146524208206     
  0.490838812549255     
  0.459258908554994     
  0.481520799779723     
  0.454050594212994     
  0.447732645640229     
  0.509425028117558     
  0.514144203458865     
  0.490053003168449     
  0.545392071235583     
  0.229550191575184     
  0.300496557615922     
  0.268901070744881     
  0.235921054166739     
  0.204680132577348     
  0.269903405161047     
  0.256108558308780     
  0.219817427990184     
  0.267663196774711     
  0.245605522528188     
  0.263647191230848     
  0.269441957915961     
  0.246159321749062     
  0.231252039636641     
  0.236104630429681     
  0.246442814992784     
  0.216824644016926     
  0.254165413869756     
  0.239167474337753     
  0.268764541221061     
  0.248767506401097     
  0.285183567104802     
  0.186740271900940     
  0.253596780033211     
  0.302550418122307     
  0.212728584249219     
  0.241492275832144     
  0.251620042749227     
  0.263639716754645     
  0.248604766146070     
  0.227704910277963     
  0.305920878661021     
  0.221368622066421     
  0.258932480260894     
  0.227086108017605     
  0.231216090587081     
  0.277429619137905     
  0.217706261972319     
  0.221364180822087     
  0.256682573776880     
  0.252044107510698     
  0.264244839373482     
  0.241134513566790     
  0.293520184693500     
  0.283015009330377     
  0.263591932827870     
  0.245492327732401     
  0.291295870419698     
  0.258745543045952     
  0.259742275616247     
  0.284483426112144     
  0.228846276756053     
  0.239126889000828     
  0.298197082946483     
  0.282133380032032     
  0.204259455333748     
  0.266930881167340     
  0.321590335116802     
  0.230788957768620     
  0.251329212050862     
  0.198846672126257     
  0.227003837774419     
  0.243116418714074     
  0.244789200169185     
  0.280220937310883     
  0.217224063136740     
  0.218112579964691     
  0.333931012146395     
  0.269963178728446     
  0.199381148915636     
  0.259227409965005     
  0.240656355988808     
  0.255956182754691     
  0.240628437124505     
  0.236521868149414     
  0.216731792973091     
  0.256784217409655     
  0.272605961019180     
  0.243798903967349     
  0.223955013325435     
  0.227715685190531     
  0.246331120046068     
  0.238090257485158     
  0.253276704093909     
  0.205257997152532     
  0.264829642585681     
  0.205924401763186     
  0.225440783201607     
  0.208137358147207     
  0.228766315869693     
  0.204549794467634     
  0.211617556222620     
  0.247066638921507     
  0.209060137378102     
  0.217199908916468     
  0.277934192213413     
  0.273523633055075     
  0.266601164588897     
  0.251733896421804     
  0.271132627321485     
  0.301339409667529     
  0.240925453848710     
  0.252469063839135     
  0.243096451332084     
  0.236209010915642     
  0.232397250634263     
  0.197944156739480     
  0.214270572236908     
  0.252242719870560     
  0.261617964537264     
  0.210239754109790     
  0.226959815636421     
  0.221415594060814     
  0.276996380533283     
  0.280519301758701     
  0.205966118906355     
  0.246400429953784     
  0.224845884950208     
  0.248315430525581     
  0.222653602637414     
  0.258789802456278     
  0.280092194213136     
  0.261124731014059     
  0.256933894188732     
  0.235846934369650     
  0.262402342808834     
  0.230595072930899     
  0.214215829504940     
  0.254043441348639     
  0.195565180402108     
  0.254696147654261     
  0.266691403141960     
  0.245652734465423     
  0.244323853962721     
  0.233502091018884     
  0.206878995363125     
  0.257746117766113     
  0.243160036397349     
  0.217482978790586     
  0.240702268960960     
  0.217597092193834     
  0.244440961611710     
  0.280106374945119     
  0.204335177368851     
  0.287557604341999     
  0.262049188315739     
  0.248423875673186     
  0.261910319287730     
  0.285019303078464     
  0.268909905402836     
  0.293294951340343     
  0.244501136860112     
  0.243659419599631     
  0.257552229708339     
  0.244843885392540     
  0.209507339938726     
  0.278747175144876     
  0.287393624912766     
  0.284939915925044     
  0.235670506661050     
  0.265336829889486     
  0.253485271649979     
  0.257953909270934     
  0.242972255816522     
  0.232961219135946     
  0.224526197113019     
  0.233444640966207     
  0.248659308578258     
  0.262776675987541     
  0.266555180067943     
  0.218123277533770     
  0.266672730959621     
  0.228279445555448     
  0.226578445158011     
  0.259229188678168     
  0.275486332294955     
  0.245657386507935     
  0.226662522882832     
  0.260694705048778     
  0.224715530339820     
  0.244928296353999     
  0.241555434594198     
  0.258661792644432     
  0.274317100570071     
  0.233945134721912     
  0.263781747243287     
  0.237241007067497     
  0.283599407582589     
  0.242109346593911     
  0.222689853565173     
  0.249701667007423     
  0.246656793734865     
  0.224561741786945     
  0.277440111457350     
  0.261463702753115     
  0.258345337738137     
  0.290959437839422     
  0.275368656907704     
  0.221002013824723     
  0.241329020105809     
  0.285890772951626     
  0.265544274151140     
  0.237299865588831     
  0.273381770206398     
  0.262844665929128     
  0.282897895341240     
  0.233598010846839     
  0.191805764583590     
  0.265535869422113     
  0.269673401409575     
  0.224970602734332     
  0.284075212401506     
  0.213535447741801     
  0.296817477431704     
  0.236625732208778     
  0.272970620583496     
  0.209990336105181     
  0.245744837746122     
  0.289509830656966     
  0.250625912233958     
  0.240645460014243     
  0.240565244516597     
  0.264853469216257     
  0.278093429087303     
  0.266814100490815     
  0.238936781188820     
  0.229990840408063     
  0.236012202561678     
  0.247072227033106     
  0.262924212138015     
  0.295294207928157     
  0.238153814636721     
  0.229739251213337     
  0.276217949699334     
  0.249563012201702     
  0.262689165622375     
  0.292419571731410     
  0.274192029900582     
  0.282265117830265     
  0.259368089854179     
  0.253879260191987     
  0.261415136131393     
  0.201728652759821     
  0.239896453139580     
  0.253600173843444     
  0.253125240332048     
  0.275728649815920     
  0.206082653914077     
  0.240427438919074     
  0.244503117599723     
  0.258920253560342     
  0.274229275374246     
  0.221645142556655     
  0.233103371384433     
  0.220467026399505     
  0.211564872292372     
  0.235076225095963     
  0.286869029521465     
  0.247180940739602     
  0.188385043570441     
  0.220414570557050     
  0.292847594641800     
  0.251282884424754     
  0.247901379845730     
  0.272332150375427     
  0.192744763842799     
  0.224405136439371     
  0.207522466623589     
  0.280840406142914     
  0.232716977143438     
  0.263119695781980     
  0.211355319758782     
  0.255692954860063     
  0.219599703916693     
  0.252634809284914     
  0.275026919887002     
  0.220446764121932     
  0.261251596919582     
  0.256472987549814     
  0.216306953791274     
  0.256337695846825     
  0.260749621200675     
  0.208559620526385     
  0.190985002121091     
  0.258100009447488     
  0.241095092129130     
  0.254052009294361     
  0.207218103975658     
  0.230667524964721     
  0.208783097202562     
  0.271415034127006     
  0.250742358009381     
  0.219177275958540     
  0.238373334110594     
  0.266522012386166     
  0.253320736050725     
  0.223057302776509     
  0.276898914184542     
  0.240515988391963     
  0.266650467639282     
  0.283946309522314     
  0.209855320454528     
  0.196774139332152     
  0.221556195275636     
  0.223464044697499     
  0.260076000749653     
  0.250979218516287     
  0.211178022866861     
  0.229414804445233     
  0.258731665389307     
  0.254188032276805     
  0.266125533420235     
  0.266622028325616     
  0.270490668343158     
  0.222672887385524     
  0.330934877065196     
  0.220470467853772     
  0.234029443962604     
  0.227106374386051     
  0.192120909720045     
  0.238641316230039     
  0.268352188651624     
  0.270630454958353     
  0.232191307337245     
  0.261109060825754     
  0.240094945645657     
  0.301966418365845     
  0.250272780717515     
  0.275062025586544     
  0.222699471905980     
  0.262362582041220     
  0.245479019889110     
  0.255946314468477     
  0.313850364100769     
  0.243659525571327     
  0.229150660769415     
  0.235780001954023     
  0.235535982064026     
  0.268233734380235     
  0.258055963907204     
  0.276734229223866     
  0.237623365443731     
  0.241620376078982     
  0.250601521338178     
  0.246821113802532     
  0.289945451035620     
  0.294673833043187     
  0.234636284669691     
  0.283209336530465     
  0.275887448224606     
  0.260426439053253     
  0.243822091000712     
  0.236672769625870     
  0.219489984481451     
  0.313895245952887     
  0.262212897789749     
  0.260412047393963     
  0.271512982849693     
  0.206944624121928     
  0.307611739017736     
  0.220794331698895     
  0.246008945624849     
  0.227940449688223     
  0.206995783657067     
  0.250991191512300     
  0.245445346564270     
  0.281488814289551     
  0.253871538834755     
  0.260932377345845     
  0.268310353925713     
  0.249752977931623     
  0.230612280826528     
  0.249429354972568     
  0.227973230002850     
  0.218782945998425     
  0.238438594174398     
  0.286127690184818     
  0.245089372900166     
  0.274404765434908     
  0.265449236799302     
  0.299912983953121     
  0.277862965502410     
  0.278889379523457     
  0.244207615803277     
  0.231693843073573     
  0.231167822353258     
  0.253066820831166     
  0.258830130364255     
  0.211578221401682     
  0.258466244486208     
  0.282282244394328     
  0.286288822952290     
  0.263804908523906     
  0.222927050612592     
  0.234339862088201     
  0.257437715761933     
  0.210561282040718     
  0.284942125361418     
  0.232092088458456     
  0.229103432222537     
  0.220491193494593     
  0.272979032976567     
  0.249121714641848     
  0.266093429336957     
  0.256312772178371     
  0.250407102457956     
  0.201275579908785     
  0.293360323629114     
  0.262648094916265     
  0.224048246573014     
  0.258688211021635     
  0.248705605542714     
  0.233905339524249     
  0.255752557368109     
  0.258884274753018     
  0.295483348185046     
  0.234979143326636     
  0.264729324208337     
  0.255531058148068     
  0.261740706287090     
  0.281195859281830     
  0.266354243678960     
  0.229273486238268     
  0.254114410109435     
  0.239686663837768     
  0.312213306560899     
  0.261040712739993     
  0.303164306583564     
  0.229942625583354     
  0.207837278152171     
  0.242554501351705     
  0.256698764765797     
  0.236814825191134     
  0.280227022841484     
  0.302558394566481     
  0.233345464510521     
  0.267560877014813     
  0.267837358750450     
  0.234209882356418     
  0.244103824624385     
  0.233080681900699     
  0.248453000077639     
  0.277161435763742     
  0.274665883167912     
  0.239361809811638     
  0.265077971331277     
  0.301618744347683     
  0.235317348360937     
  0.231299320365404     
  0.198957436800305     
  0.290753464113642     
  0.265495674305327     
  0.246332754053263     
  0.241286814904148     
  0.220950480551999     
  0.258173439811875     
  0.249615756510975     
  0.276542687492272     
  0.244508847737488     
  0.279160009295040     
  0.286925515494854     
  0.228264919128761     
  0.224304980213860     
  0.281414422801519     
  0.291413507868706     
  0.211550700330795     
  0.269413901929733     
  0.251857812103131     
  0.219944643522594     
  0.266414646018236     
  0.268621530267180     
  0.276328327125533     
  0.250643012465071     
  0.266557384033548     
  0.255223265928167     
  0.260519552415572     
  0.264407135673314     
  0.230217945453746     
  0.211312647855799     
  0.235230809054444     
  0.261697901473669     
  0.272488011065995     
  0.289910943638458     
  0.222323201788207     
  0.240979839888227     
  0.291840592364694     
  0.264831495378537     
  0.252444499278150     
  0.242924208050839     
  0.265249587190493     
  0.261981765968658     
  0.283080813151213     
  0.240211624680111     
  0.221684071822151     
  0.225520064299486     
  0.237238594214743     
  0.263791872568072     
  0.236541938357978     
  0.262131089929626     
  0.346318421237082     
  0.197879113912631     
  0.218413861085488     
  0.251797013994573     
  0.267523454696274     
  0.272829584453147     
  0.226859947372261     
  0.202517339760256     
  0.206113189225722     
  0.230526652318026     
  0.292772600915955     
  0.250965187070220     
  0.241058942021623     
  0.219385066488877     
  0.296820789259725     
  0.218405386732857     
  0.314837908876303     
  0.280232058720931     
  0.217274945715095     
  0.217595266929242     
  0.263948012589594     
  0.261749097700054     
  0.256728385280989     
  0.241556433466691     
  0.244658348713618     
  0.262613062882509     
  0.235668880070796     
  0.241096148530037     
  0.252854814958684     
  0.238079394966673     
  0.294197056731385     
  0.246759651671600     
  0.240812962330890     
  0.205201140250365     
  0.229982515627158     
  0.257042936504171     
  0.238583292139112     
  0.306602088727025     
  0.286170537522718     
  0.260376512607232     
  0.229112242993241     
  0.242714240604820     
  0.247906440880951     
  0.237378420891833     
  0.243622499657651     
  0.272078210234027     
  0.251129484495745     
  0.256654505173477     
  0.219262044653919     
  0.261627492848087     
  0.219832151634378     
  0.219195232173724     
  0.257904097805307     
  0.263802399972731     
  0.282941903031721     
  0.266202432637781     
  0.232800329608041     
  0.268028681285537     
  0.259778685598819     
  0.253045230465285     
  0.249412822477231     
  0.245427830703072     
  0.228169585667194     
  0.228599249350370     
  0.247068094127395     
  0.260953985503496     
  0.326187557681408     
  0.232280232001963     
  0.200652159605620     
  0.268715812662007     
  0.229033695496655     
  0.260848054698639     
  0.247188933395144     
  0.267966899533012     
  0.254180701163213     
  0.204302066537657     
  0.255419157424902     
  0.251234264597806     
  0.230585036656844     
  0.283685688084161     
  0.252162376181760     
  0.278311389480097     
  0.215526594593400     
  0.215291538705165     
  0.267954061519661     
  0.234156865212049     
  0.219466359205303     
  0.291675505786457     
  0.258622828051701     
  0.253289532554262     
  0.218935762631173     
  0.238695419619765     
  0.258372556335646     
  0.238537296510850     
  0.294531769552970     
  0.216708329554617     
  0.212728176712736     
  0.258462013470363     
  0.221963626182854     
  0.259445580676450     
  0.264621338700553     
  0.219872363746051     
  0.255763413110098     
  0.265321944207205     
  0.289204547366578     
  0.249481889645908     
  0.259813095432032     
  0.259265489458912     
  0.249094366262448     
  0.207448782690519     
  0.288102424161542     
  0.242833593626311     
  0.258982031659196     
  0.197118781216996     
  0.256102669793952     
  0.214411359216905     
  0.232040724170712     
  0.268598876523819     
  0.222841804561654     
  0.267343964056749     
  0.261106983046629     
  0.268897216818761     
  0.272039741137391     
  0.292244377093808     
  0.274690464131947     
  0.272215349118824     
  0.238953824397997     
  0.255379425597233     
  0.226504047734917     
  0.228968282199253     
  0.244032388135817     
  0.331111159537212     
  0.257032120902203     
  0.231062110336013     
  0.322204511203919     
  0.226733907103507     
  0.276121619764781     
  0.253730470926756     
  0.259957866321546     
  0.266275948718551     
  0.240646591532177     
  0.270257545879222     
  0.241028596254469     
  0.251409058237624     
  0.258827944107097     
  0.293143177988789     
  0.270902510525109     
  0.192074915006248     
  0.196558489497816     
  0.244920066448896     
  0.210814339420497     
  0.226212959432145     
  0.233798768801059     
  0.242534271966083     
  0.245366426365246     
  0.213148837460128     
  0.243130171685670     
  0.229860042089352     
  0.229626156890292     
  0.241643837819723     
  0.223661433386045     
  0.215438292890289     
  0.261465279766580     
  0.272894233546716     
  0.243024082657592     
  0.265137867874891     
  0.271269899577163     
  0.267969087795383     
  0.214690767854721     
  0.218841208927157     
  0.247079408794992     
  0.250171195016237     
  0.220723546935229     
  0.250340720611183     
  0.239438423029050     
  0.226693120822978     
  0.261036757861782     
  0.248823090475465     
  0.203103690340282     
  0.245745613835339     
  0.258057805067059     
  0.249078258708516     
  0.234061917297472     
  0.232577460841402     
  0.222714921298430     
  0.239684465015509     
  0.209862574312189     
  0.276568466932296     
  0.272452190023222     
  0.245556272531466     
  0.254822631643973     
  0.206976812801208     
  0.234053486266618     
  0.262897685294320     
  0.274338121211936     
  0.286812288442618     
  0.276723312737493     
  0.221618617939497     
  0.286330844738607     
  0.233882351100056     
  0.262543606659153     
  0.235166514522311     
  0.198524865520875     
  0.228924170814998     
  0.281030532147738     
  0.242085180169559     
  0.298702152155046     
  0.240178054202821     
  0.218508081682139     
  0.294175830819646     
  0.231688340429911     
  0.282104337655313     
  0.246148650859534     
  0.197171245193404     
  0.239251713445107     
  0.219116228680884     
  0.248867515337827     
  0.230657161753155     
  0.240151268930751     
  0.204304813943915     
  0.251073436539823     
  0.289504281768379     
  0.238200886878530     
  0.213106664075643     
  0.242150415141830     
  0.251161520606122     
  0.201643474933177     
  0.285473300955717     
  0.228389651001971     
  0.231151399315939     
  0.215011604001812     
  0.242558819840449     
  0.211659064509330     
  0.247435529852558     
  0.240701869260137     
  0.272248819134135     
  0.218329523915026     
  0.262091825904079     
  0.241425982637684     
  0.281170993846343     
  0.220995983142511     
  0.293938562204363     
  0.255584716114454     
  0.222731777771994     
  0.206035384906047     
  0.250827181552663     
  0.272373214376394     
  0.229959602150924     
  0.258852791505705     
  0.273795924363973     
  0.215311384481283     
  0.290844604241627     
  0.230521119457560     
  0.217385118070004     
  0.273696045001071     
  0.201908396785495     
  0.292625487989370     
  0.229169746586027     
  0.213218307556169     
  0.264190708395875     
  0.247273088944127     
  0.246689931462024     
  0.235005940818653     
  0.258669600359128     
  0.242870614574286     
  0.210062293991137     
  0.218137398463942     
  0.258645658278312     
  0.211488960792286     
  0.235559853936945     
  0.278338800526063     
  0.250701111693446     
  0.224975499652284     
  0.197939052906223     
  0.284202687089846     
  0.265150827295188     
  0.235205402343371     
  0.269997992666853     
  0.214986607186384     
  0.259796774732084     
  0.231792190534275     
  0.235273374933741     
  0.209152290381693     
  0.219939437703408     
  0.221039323017597     
  0.290922033958521     
  0.238732878541249     
  0.227285124135795     
  0.277024288001942     
  0.279493948728760     
  0.233839776243905     
  0.228929485154394     
  0.223089138138579     
  0.220201950665369     
  0.257663944533741     
  0.240965781456341     
  0.227593503144654     
  0.244030525925316     
  0.238730941435702     
  0.229585979178001     
  0.250264232321693     
  0.234271162134179     
  0.243692750342185     
  0.265439019641606     
  0.237891508209894     
  0.198665325839259     
  0.262734402602821     
  0.211890724016237     
  0.271575571699772     
  0.223984399672879     
  0.244896427660878     
  0.242956401823463     
  0.248946948900128     
  0.276698573182518     
  0.205378789219087     
  0.281604255153076     
  0.216145538737434     
  0.238333022541466     
  0.243496432882296     
  0.216555955735223     
  0.226560047978052     
  0.225021460452700     
  0.273673069053387     
  0.258565749257174     
  0.270415880265689     
  0.250559837710017     
  0.219791336548655     
  0.239037684468644     
  0.233860857547045     
  0.286248744780862     
  0.255542204233884     
  0.228514914038356     
  0.202456181402410     
  0.258426816776464     
  0.230290977192773     
  0.313216663658994     
  0.228206080522179     
  0.247380047204976     
  0.281410528770274     
  0.212168567009860     
  0.219301987242561     
  0.209997298073559     
  0.237186876647146     
  0.210896350180331     
  0.243307432912722     
  0.257912453587426     
  0.230956160683667     
  0.255363321808494     
  0.292552054116294     
  0.222410298992223     
  0.242262537347084     
  0.225447718710243     
  0.249551172189154     
  0.270063072204267     
  0.235003562655841     
  0.255610877945826     
  0.281358023813430     
  0.221558663899871     
  0.233269962147113     
  0.265061916816051     
  0.230822009474145     
  0.268238197308602     
  0.243147862799304     
  0.252577957723369     
  0.265475183909935     
  0.229872357776743     
  0.289800660353748     
  0.241153894270710     
  0.264688006601054     
  0.242892872042442     
  0.235046026276677     
  0.213057877205806     
  0.226605127409246     
  0.280548206147972     
  0.211501558491549     
  0.237301974650360     
  0.213418442054217     
  0.277647442637969     
  0.274660366582876     
  0.265074881640047     
  0.246333352549864     
  0.223697028297753     
  0.226477921939066     
  0.239690259061767     
  0.231888745563244     
  0.205640888848300     
  0.213490409252541     
  0.278469505243892     
  0.215547711295236     
  0.230438409427341     
  0.271003922553072     
  0.236529857360349     
  0.261557007496598     
  0.252396284308303     
  0.223907405263185     
  0.265227250439657     
  0.248616455463555     
  0.227660104457864     
  0.217251989240594     
  0.270513296673785     
  0.293147683870280     
  0.266824209825903     
  0.286105380383461     
  0.230016212985789     
  0.256176723978054     
  0.246360363692843     
  0.229482621935259     
  0.288528564380017     
  0.254328911753062     
  0.272018850314803     
  0.224137257077995     
  0.255254725357793     
  0.215944910036916     
  0.268854111638574     
  0.291370118914135     
  0.293274903313767     
  0.246488111494730     
  0.301383353901820     
  0.218704615103385     
  0.264171184841965     
  0.247769497348127     
  0.276268674849177     
  0.276213941495506     
  0.294104532984769     
  0.261281553671293     
  0.276327618338027     
  0.325230071690160     
  0.298455024890415     
  0.241035109591116     
  0.255734290653195     
  0.257368923088397     
  0.277497862086183     
  0.264686415764991     
  0.270133742273259     
  0.273140938504555     
  0.271288451762518     
  0.236064132143764     
  0.250665892085139     
  0.233560282942617     
  0.241684820520294     
  0.217654123072094     
  0.222953009709080     
  0.283837640141255     
  0.242635442744207     
  0.241577733162751     
  0.246841786231814     
  0.288725948807867     
  0.253942040818770     
  0.269850921096802     
  0.255600570535633     
  0.231858087590752     
  0.275562902760675     
  0.266938795332219     
  0.234709002296224     
  0.221612664840936     
  0.236244310302713     
  0.205995003655471     
  0.273573649943470     
  0.241325192588440     
  0.247783008660083     
  0.223277164428091     
  0.238106015482891     
  0.247929336996801     
  0.246345823641275     
  0.283576947376580     
  0.242756978479909     
  0.235450168778309     
  0.276299663225714     
  0.282178530583405     
  0.235793063793873     
  0.260733159811599     
  0.213880238745904     
  0.245507789366049     
  0.264535436384563     
  0.244067842051695     
  0.248349703084142     
  0.235325383434881     
  0.247083951414258     
  0.285301520050857     
  0.196309467030791     
  0.247477296532000     
  0.262740666268496     
  0.217362702947917     
  0.246498965909798     
  0.242026861864189     
  0.214871056745049     
  0.298844638041100     
  0.203532375705207     
  0.267841564717136     
  0.272787326161242     
  0.244127026418107     
  0.251676555321004     
  0.310065483210761     
  0.283842455343687     
  0.244199550557038     
  0.290566635433893     
  0.284318495294515     
  0.232343626165805     
  0.237789428945818     
  0.262514210112886     
  0.203645100273851     
