  0.549295553439298     
  0.503757306136019     
  0.490484939164137     
  0.491209696763772     
  0.499581958239256     
  0.483810398173525     
  0.497097269603988     
  0.519017457756382     
  0.493782449679684     
  0.554229943235206     
  0.507426799442403     
  0.538328942680902     
  0.431772155439799     
  0.483182411082928     
  0.423898600400783     
  0.519759348053341     
  0.468536184697763     
  0.493180875456318     
  0.514918943195684     
  0.518867533048813     
  0.479415658393103     
  0.560518439699259     
  0.573773714434196     
  0.497462173386621     
  0.527107796344660     
  0.562487800445795     
  0.492782006953117     
  0.506640297427650     
  0.554238144487569     
  0.513700004616970     
  0.499056778396246     
  0.541727981701438     
  0.585266598552324     
  0.484654570816297     
  0.470997029340072     
  0.555311987918832     
  0.506970839737597     
  0.461798035109171     
  0.604120749907332     
  0.480268191385905     
  0.468448659169683     
  0.504833103577670     
  0.475451813982478     
  0.446072974761246     
  0.525392422125673     
  0.502030201354544     
  0.584044085437224     
  0.550195773707853     
  0.486352894787583     
  0.479266695337412     
  0.553908858071352     
  0.522800067947617     
  0.565361597583950     
  0.522290611931144     
  0.490498908546108     
  0.473109354563795     
  0.522521061300768     
  0.409833012628444     
  0.510438636333280     
  0.450232393230384     
  0.524036826458371     
  0.530960445843667     
  0.490287889169771     
  0.497390956582902     
  0.508658640062892     
  0.508011664416390     
  0.500109980746947     
  0.534883344284574     
  0.477225440947452     
  0.449532606561317     
  0.487814383053323     
  0.449206320722962     
  0.466741154236898     
  0.474205667319569     
  0.504397961296353     
  0.481844078239659     
  0.575300040435357     
  0.514899486603784     
  0.492452983321365     
  0.463462212869920     
  0.462905598832504     
  0.544239647482732     
  0.446619437047687     
  0.503017099039256     
  0.516144911403365     
  0.511908821484418     
  0.472624144301777     
  0.483004448944813     
  0.500785285029172     
  0.509209258163560     
  0.509228720943704     
  0.510607325057129     
  0.519263840908322     
  0.464366955755277     
  0.533028710283217     
  0.518949459868141     
  0.508752509216288     
  0.493834151807495     
  0.524995150952943     
  0.485436027882225     
  0.439691316816079     
  0.466706059772121     
  0.510532529768056     
  0.497908183170120     
  0.512854005268653     
  0.506946485125630     
  0.465837296622316     
  0.548350838580497     
  0.571446999740240     
  0.477119442396041     
  0.516101022136326     
  0.525921299966475     
  0.565336832657157     
  0.493905559078394     
  0.532558642684070     
  0.468740035245742     
  0.502713230205790     
  0.517526524836975     
  0.500744291557347     
  0.529971302621963     
  0.485548575047509     
  0.476791464134929     
  0.554181474436686     
  0.475754785542655     
  0.462594950457907     
  0.523391619081045     
  0.473239846808743     
  0.458708710263836     
  0.505859124012526     
  0.530613926453237     
  0.515882920505063     
  0.506708136377025     
  0.496736345093733     
  0.482874424924406     
  0.502792150302309     
  0.526988150770868     
  0.457312868784545     
  0.495350490406725     
  0.592792438431086     
  0.440402217920898     
  0.585105247171719     
  0.499884783202830     
  0.537761513341243     
  0.482827100547336     
  0.530663425027398     
  0.522404870954122     
  0.560074756496545     
  0.422629354873467     
  0.554402454525463     
  0.507696359705440     
  0.452936898536165     
  0.528689601663427     
  0.538963888069875     
  0.490956716561729     
  0.452590239849558     
  0.472115275923798     
  0.556384059542381     
  0.487720566206708     
  0.510222798643011     
  0.493370482725862     
  0.514368204292537     
  0.504035055264955     
  0.478921949617058     
  0.548371089805684     
  0.504983680617513     
  0.474418193380860     
  0.500850721882676     
  0.480445642892901     
  0.501423310068765     
  0.482834728964514     
  0.428472817798209     
  0.513594049133815     
  0.538210726882077     
  0.511637415268011     
  0.508520534606937     
  0.526953136350926     
  0.450019060338643     
  0.518879434707624     
  0.497935653717383     
  0.484750372022941     
  0.534292944667187     
  0.524625128794641     
  0.540952326708429     
  0.520230700198387     
  0.417285779731167     
  0.529394601445964     
  0.482513515061282     
  0.502818816171387     
  0.454020071165934     
  0.511490219426120     
  0.551244640787216     
  0.529961767246865     
  0.525110228386169     
  0.461633472488970     
  0.444368261955725     
  0.536801541417475     
  0.491703229480369     
  0.489868653262302     
  0.452594035797473     
  0.489445642001552     
  0.447277742724702     
  0.494851986592495     
  0.505153124459166     
  0.510079858613576     
  0.489122292906978     
  0.526202452375211     
  0.490622639557122     
  0.487664323914019     
  0.525110663411847     
  0.531074616267757     
  0.497006803172636     
  0.499145993114749     
  0.524268159582491     
  0.487081671724457     
  0.482717629477896     
  0.496126998350471     
  0.504305561817594     
  0.489813244999974     
  0.503064833507372     
  0.426390098476626     
  0.488377831120463     
  0.503246955172072     
  0.556721996657551     
  0.508881452684367     
  0.515707784461296     
  0.496337103705775     
  0.469587494510216     
  0.484161840994423     
  0.546974368468241     
  0.444789163801423     
  0.493015518441834     
  0.552136434899116     
  0.558910646970546     
  0.541243968805236     
  0.551981059095531     
  0.481202710374976     
  0.459927505157345     
  0.431682613586748     
  0.470600970030857     
  0.485997554361338     
  0.517600877904468     
  0.504985862198064     
  0.584228530082926     
  0.545924041451845     
  0.575476183374711     
  0.531808094696142     
  0.525577208653531     
  0.499356670105271     
  0.485251891429405     
  0.465905869127675     
  0.520233865594649     
  0.480293506326267     
  0.556176290209888     
  0.502365969661576     
  0.494010863000145     
  0.526751443743186     
  0.491264400657502     
  0.504678798593767     
  0.550302587055840     
  0.532871482049630     
  0.493236187851090     
  0.459183240300527     
  0.476576724272789     
  0.474007919349724     
  0.550809843196299     
  0.451185872186938     
  0.511353294601034     
  0.549949329170180     
  0.530544589879579     
  0.456180967932430     
  0.539156688016221     
  0.464445318089931     
  0.466099052174898     
  0.415386259027670     
  0.464803259037827     
  0.546359883012162     
  0.493186497088438     
  0.461041759684147     
  0.457703052269859     
  0.543147320068499     
  0.521863224856994     
  0.516830922134616     
  0.460085465903657     
  0.546448072195204     
  0.498239617695668     
  0.459346567550544     
  0.501930064957005     
  0.576626897865892     
  0.518530899191274     
  0.513716370973642     
  0.460204060869292     
  0.515074149019437     
  0.573848303964035     
  0.521529967414130     
  0.545593111477799     
  0.509318328195987     
  0.511584598065531     
  0.529434716177083     
  0.482170012568436     
  0.478414577507267     
  0.476399067766414     
  0.465991591711943     
  0.496331753495075     
  0.464452979202891     
  0.496330647438533     
  0.486153716191196     
  0.519946438682006     
  0.500364994099742     
  0.517452515724411     
  0.488551000288011     
  0.467643378954087     
  0.490140568526796     
  0.437317647271703     
  0.453304639065028     
  0.497109039984166     
  0.493396472445205     
  0.413426365207266     
  0.447505249291496     
  0.518547398560559     
  0.507280695179179     
  0.490043241753353     
  0.520301912160901     
  0.495320408144639     
  0.517154029915884     
  0.522070697795536     
  0.474094599425230     
  0.513100202127087     
  0.431232371215893     
  0.478652896229669     
  0.506284815071105     
  0.579826937588486     
  0.542238638723376     
  0.480900934788934     
  0.530924002296726     
  0.464640657649762     
  0.462101704326696     
  0.501665303350638     
  0.545576423967505     
  0.510175095192087     
  0.513850159490844     
  0.541443107022086     
  0.510055842546937     
  0.489746533960216     
  0.469368420210187     
  0.429019944929127     
  0.496995376821810     
  0.541778095834471     
  0.539475173778599     
  0.502488122570587     
  0.539929351585552     
  0.503951385294158     
  0.523006633296701     
  0.536277575631386     
  0.552597794940547     
  0.462808829880247     
  0.468580600080038     
  0.487156254110316     
  0.553670668224779     
  0.445718764739356     
  0.473302237947016     
  0.444062458982935     
  0.570619288601783     
  0.506856686185906     
  0.502707549506146     
  0.414892434089198     
  0.520577683230352     
  0.445182985038947     
  0.502456828617850     
  0.584989249984501     
  0.440912891586491     
  0.485373026676343     
  0.444783035103515     
  0.531041380883998     
  0.552958833536401     
  0.504950328633408     
  0.502106807846989     
  0.529034328993381     
  0.452520179873474     
  0.528613319376846     
  0.552005929440877     
  0.507949418641864     
  0.490910758082993     
  0.479928374408845     
  0.531646344053993     
  0.503794863510987     
  0.503840871065244     
  0.521835879308783     
  0.481410078303232     
  0.493355424228887     
  0.490285145270057     
  0.529182551896561     
  0.508274539763637     
  0.513176530682523     
  0.448587864819871     
  0.503636309778089     
  0.544211369026806     
  0.425253096910202     
  0.516295087544461     
  0.508384473953209     
  0.470896862407731     
  0.545920158254407     
  0.462381662243914     
  0.471184061129560     
  0.490662424602964     
  0.412817765671071     
  0.451719405215518     
  0.529619060687432     
  0.514028221431753     
  0.489220977937259     
  0.502773592316682     
  0.490823602910356     
  0.466537551364147     
  0.512531534230003     
  0.455618778111212     
  0.468998587411608     
  0.517651969465342     
  0.521814399314381     
  0.512419852856179     
  0.479584134459824     
  0.495594569631851     
  0.506669989769638     
  0.464591634836288     
  0.522756036134834     
  0.516068093988971     
  0.582129954583440     
  0.431383511881523     
  0.505174148511477     
  0.511121617681979     
  0.473377220933014     
  0.477522465237524     
  0.560009053628013     
  0.528630181964806     
  0.419324872540995     
  0.470195043779563     
  0.549729405145201     
  0.522045533061159     
  0.456201713138845     
  0.491004622221894     
  0.552332857604148     
  0.497213233531969     
  0.511028552578891     
  0.481201406598729     
  0.491985535791709     
  0.449431267944146     
  0.480162754641034     
  0.536725109374086     
  0.475008922404701     
  0.485389893420438     
  0.523863916633491     
  0.521702128632562     
  0.550540379530860     
  0.491175925977527     
  0.495084476724028     
  0.454774531038773     
  0.479164878383837     
  0.420091993962999     
  0.532427408449405     
  0.515899701745600     
  0.563918617773883     
  0.480874635018439     
  0.510127533648680     
  0.504406670467343     
  0.466817279023294     
  0.450710312948666     
  0.521571860814089     
  0.454942032482097     
  0.520242896978678     
  0.456585644799665     
  0.511452402181323     
  0.519151602842709     
  0.534563206286865     
  0.466252268948110     
  0.500339968152802     
  0.507557309726638     
  0.527311996156516     
  0.522547381289090     
  0.513286187963665     
  0.476111509417473     
  0.474407555796329     
  0.501146806102064     
  0.580607316969711     
  0.511695196638956     
  0.474516108693554     
  0.514376493994874     
  0.462017222488357     
  0.514870026006278     
  0.565338603923271     
  0.488897110776198     
  0.486123358279631     
  0.519224025937477     
  0.479159414829166     
  0.509452495106130     
  0.473710070114340     
  0.487303302098322     
  0.489181443145435     
  0.504670514060835     
  0.512159704408716     
  0.477257051081438     
  0.531746381181310     
  0.505545257512284     
  0.529098372729771     
  0.501889795501188     
  0.463011506329612     
  0.514194293641520     
  0.487983361462388     
  0.487190695765312     
  0.452842148275938     
  0.523053793758900     
  0.560893190456953     
  0.478486369817667     
  0.584634161675234     
  0.422313572893218     
  0.502700837439528     
  0.504772933256583     
  0.488684950860652     
  0.510274477693593     
  0.517944910444419     
  0.458073992919027     
  0.519903601357804     
  0.428291638698499     
  0.501671540675739     
  0.503983993612629     
  0.468706705886684     
  0.441137122684992     
  0.528236825512466     
  0.523749871312611     
  0.524474710738900     
  0.488763097053579     
  0.546997011382161     
  0.459120670725028     
  0.520224990074067     
  0.541694862391402     
  0.450873773923195     
  0.451403959698647     
  0.489482517259861     
  0.513996158034337     
  0.494300954026839     
  0.483564086547356     
  0.480213307753932     
  0.540767173998109     
  0.433958941730775     
  0.486083213011271     
  0.497023870235569     
  0.520928716537642     
  0.497012123702886     
  0.495654211626651     
  0.450904193765365     
  0.583785848841926     
  0.564747138255916     
  0.463683419268011     
  0.488038010674612     
  0.501881269150104     
  0.470737852281552     
  0.458493942420938     
  0.552244237983307     
  0.515213687154707     
  0.502674897570536     
  0.507739413286622     
  0.522629473029046     
  0.512364050904154     
  0.549020788515428     
  0.517336484159969     
  0.438844121441203     
  0.515411893988707     
  0.502709505539034     
  0.469491504677370     
  0.470273118208696     
  0.534156967600135     
  0.484782875728070     
  0.516010040353712     
  0.556009399554560     
  0.523483454003849     
  0.465557385554680     
  0.543978302972475     
  0.477160775098634     
  0.531768025008749     
  0.488476814422395     
  0.467255458763392     
  0.489169076478320     
  0.517128525970653     
  0.432056160510445     
  0.471577648520680     
  0.450648645462299     
  0.462094795345563     
  0.516043106252270     
  0.528332546757954     
  0.507676514033269     
  0.476404237446973     
  0.478903363155109     
  0.473558930481500     
  0.465804636233513     
  0.548579123097809     
  0.432557871527273     
  0.501563653299911     
  0.510654860142676     
  0.526275688481955     
  0.491806260450000     
  0.546026350247999     
  0.445896348419394     
  0.453449576132082     
  0.500180232606185     
  0.518176406003334     
  0.467867256702492     
  0.516613143933434     
  0.489323134925546     
  0.456352338007939     
  0.503676041769798     
  0.532537881398808     
  0.502296331817108     
  0.473192079391347     
  0.511401142273289     
  0.541801383662638     
  0.494531066064917     
  0.539008752646744     
  0.418695951246278     
  0.533571956141026     
  0.524261548410267     
  0.501187022700596     
  0.479324542082667     
  0.505734879900243     
  0.567471154321499     
  0.532071263668634     
  0.510944832351777     
  0.458923874846675     
  0.520729771539618     
  0.529382905044446     
  0.572065400783051     
  0.510725287661721     
  0.586821793523227     
  0.483951211227514     
  0.548261123870169     
  0.474221142100044     
  0.516091007386545     
  0.505117148835552     
  0.516491597816546     
  0.477844090683174     
  0.476317629228832     
  0.525361188960816     
  0.582225399247234     
  0.516202003684832     
  0.558705848383571     
  0.490522167501246     
  0.562835822237957     
  0.492654230268146     
  0.513263782617972     
  0.496088283730437     
  0.546477218053735     
  0.483458198032345     
  0.459285391261797     
  0.505256189469350     
  0.561761540673408     
  0.524884618447190     
  0.546405044148686     
  0.508276049011204     
  0.449995964894590     
  0.487470022026082     
  0.512610011640498     
  0.449901298513286     
  0.512911246951937     
  0.496960785286591     
  0.410592596709126     
  0.485251220947051     
  0.472024491736033     
  0.500097822766318     
  0.515325546971189     
  0.444477753427168     
  0.541137273253536     
  0.513735862942781     
  0.493458445772459     
  0.532313998188842     
  0.464409464642264     
  0.534027186565981     
  0.524844916369687     
  0.534004389429291     
  0.423238644265257     
  0.480288242372921     
  0.507810313354751     
  0.528559031758987     
  0.463108400437996     
  0.472381174123329     
  0.435041102851121     
  0.537429413271070     
  0.416439333447492     
  0.493319834822065     
  0.513081606690903     
  0.540987713976673     
  0.486383146556962     
  0.512788053877619     
  0.446012447912238     
  0.498548818991381     
  0.457656136249372     
  0.470347140043107     
  0.546275261522700     
  0.490088866170929     
  0.486053981183001     
  0.510536575901905     
  0.458354278339215     
  0.597346499039472     
  0.480943531897561     
  0.541596165699732     
  0.487638519068691     
  0.534985756022295     
  0.492182138609637     
  0.444897812190992     
  0.533789973133983     
  0.472151832754127     
  0.509692782709881     
  0.497051303168471     
  0.475437362876800     
  0.474856095420436     
  0.542917670585432     
  0.479263301240451     
  0.493168861771376     
  0.515452944115296     
  0.534268114118580     
  0.486552608276837     
  0.515249370150360     
  0.505649294180496     
  0.515102073211372     
  0.423731572037305     
  0.555505307921957     
  0.475847960624704     
  0.479437231976137     
  0.488114328462971     
  0.564806391013405     
  0.537052661555228     
  0.525892230805266     
  0.499203968948027     
  0.514467727879891     
  0.489517969247896     
  0.494108584260041     
  0.591591355755957     
  0.526642564894257     
  0.507424932786913     
  0.491496109433688     
  0.511579555461759     
  0.567653762844401     
  0.505504987234188     
  0.438195869388781     
  0.498013485016990     
  0.522427018284790     
  0.478392484558625     
  0.488051387367721     
  0.553394803168041     
  0.516198535677323     
  0.524567512904797     
  0.510769541409977     
  0.457026743795690     
  0.522960828484034     
  0.392855814906493     
  0.538368907274204     
  0.475530599419661     
  0.479898660718110     
  0.524248914409440     
  0.455125117238444     
  0.412588013943990     
  0.489261700720688     
  0.461094461091358     
  0.505027823352009     
  0.495964621776440     
  0.528763861860694     
  0.491337203665157     
  0.546336851945002     
  0.522235695569442     
  0.483966210733038     
  0.531547912897704     
  0.486148930766633     
  0.475062339205121     
  0.513435855181246     
  0.458005406822738     
  0.488314570214563     
  0.477540668520366     
  0.487029691008448     
  0.505298511543047     
  0.461701140921895     
  0.501819354890045     
  0.517091305648828     
  0.481125109293684     
  0.545269613999220     
  0.471900732311126     
  0.498102009793357     
  0.477075555113371     
  0.537980213778091     
  0.467505663659850     
  0.501369138065300     
  0.523640802987395     
  0.502143437473622     
  0.425889778204408     
  0.426243502134340     
  0.528812218697424     
  0.494382166371162     
  0.513655372141756     
  0.517831409442407     
  0.493100100010081     
  0.462360567131864     
  0.485696441522664     
  0.442672086109402     
  0.480301461117743     
  0.475551438116146     
  0.522628332391231     
  0.490785671771088     
  0.519847820821293     
  0.527359937104977     
  0.471630138281199     
  0.584242187476224     
  0.508829935536447     
  0.512393230192981     
  0.508718674798414     
  0.482545190476876     
  0.468150273421511     
  0.457808640966559     
  0.426182248168734     
  0.521595691597095     
  0.459522689291132     
  0.492244342962062     
  0.549336470133279     
  0.529790710296168     
  0.548541078579094     
  0.519638660207869     
  0.528577303552846     
  0.473885527466925     
  0.557327859437981     
  0.509320417763582     
  0.527586796350681     
  0.453111606599298     
  0.505864257559879     
  0.455643522824637     
  0.511553914391039     
  0.449482755522880     
  0.458879427732249     
  0.463893828670807     
  0.517350227854770     
  0.477616801134391     
  0.493983884329210     
  0.507208289802480     
  0.483408433679539     
  0.523302939415279     
  0.497449817493632     
  0.508499550854535     
  0.419868713693556     
  0.445495515801258     
  0.533563932510889     
  0.499125773226345     
  0.480111877424282     
  0.459443163890500     
  0.426954410365574     
  0.498952703324791     
  0.530378858193807     
  0.494175461929087     
  0.506173687102489     
  0.521428455020012     
  0.479325253209010     
  0.477703688649699     
  0.488301787521111     
  0.431305361333276     
  0.473204123673023     
  0.518650490246948     
  0.510605814645693     
  0.485737930955084     
  0.482573094843041     
  0.445611899314670     
  0.547563876275598     
  0.546844985922381     
  0.495962426140592     
  0.496816523402483     
  0.510340563311178     
  0.469581121409797     
  0.481234985794841     
  0.523887960523095     
  0.478146884555781     
  0.475674967012738     
  0.541163113664745     
  0.449193406893925     
  0.486274012578170     
  0.477309624953230     
  0.519766413591478     
  0.446770782534448     
  0.428760304805613     
  0.503703861062906     
  0.555832353966035     
  0.463110730483508     
  0.546795223553929     
  0.464556867055175     
  0.516198583378001     
  0.460294792196532     
  0.482244858335026     
  0.438742191369197     
  0.472055012019286     
  0.452343572242162     
  0.521108163475735     
  0.510275480671729     
  0.532265190368989     
  0.470801026339885     
  0.446182410317882     
  0.436072385264106     
  0.497011510862898     
  0.489741759808162     
  0.479760249655316     
  0.506617386276372     
  0.520344648544176     
  0.444818383537836     
  0.487648260660769     
  0.477907451517577     
  0.492327666832820     
  0.487749311190943     
  0.515453112885776     
  0.533292459249684     
  0.478423096524325     
  0.519400879955248     
  0.479725616449844     
  0.504311427956855     
  0.549814106203837     
  0.540755270627770     
  0.423277057398936     
  0.495918202851537     
  0.528518228051463     
  0.504600766298208     
  0.451583694713543     
  0.542150567395335     
  0.528540133865639     
  0.521629403861631     
  0.495819632309574     
  0.485682294481038     
  0.473292009093841     
  0.524185520892270     
  0.480333891510657     
  0.481516015045575     
  0.435891609250220     
  0.517978229178559     
  0.498147921114574     
  0.542054930423485     
  0.550385700250726     
  0.463233766775093     
  0.519690564632342     
  0.551056287931750     
  0.511699152887011     
  0.470378360464674     
  0.500981192312859     
  0.540244460839711     
  0.422848434858016     
  0.445083947438004     
  0.498838407122514     
  0.432502493992204     
  0.499486760927089     
  0.507875361777224     
  0.514916724238911     
  0.530019344188174     
  0.564190261886168     
  0.504540267669819     
  0.461968537321577     
  0.570295749382308     
  0.471979969193355     
  0.576070571376777     
  0.460829232678874     
  0.496321398070019     
  0.483079614291520     
  0.480703061798959     
  0.525599626803814     
  0.511910380197142     
  0.492624763503098     
  0.583791521660025     
  0.494532335691305     
  0.497563773238380     
  0.505387316444015     
  0.486423387916295     
  0.512434512499572     
  0.501520032175837     
  0.464674615088368     
  0.508484595488583     
  0.517202307963805     
  0.511034341709808     
  0.438044800510088     
  0.486221378069870     
  0.516325593683749     
  0.447889298067742     
  0.465954638841520     
  0.515226036176378     
  0.466105120342472     
  0.443450940869821     
  0.562735780515258     
  0.483583125267011     
  0.510293163558822     
  0.488099305597925     
  0.560392501743564     
  0.424544001591406     
  0.499077597583030     
  0.500791548113612     
  0.480720501267069     
  0.517747744573832     
  0.439026911115379     
  0.465515703914965     
  0.551616561491935     
  0.525931094296063     
  0.506301030792686     
  0.431595926916561     
  0.489062540956163     
  0.566329987378730     
  0.521703102792566     
  0.437441879165720     
  0.524278705980826     
  0.241715633649359     
  0.256973094812016     
  0.224810829994195     
  0.253185071547969     
  0.249984604915133     
  0.223596994571648     
  0.243013733421242     
  0.231331548069822     
  0.265427353271604     
  0.259557997312882     
  0.274225433256216     
  0.258766432564819     
  0.247069751432971     
  0.273179931449381     
  0.255551677931143     
  0.233312727673159     
  0.210426644472651     
  0.231366733557370     
  0.272489589262026     
  0.223471853242548     
  0.249745991067710     
  0.239711212639058     
  0.272387282143624     
  0.237182200653304     
  0.292223399838756     
  0.214265812792905     
  0.264518670499463     
  0.192669434816004     
  0.257947347677393     
  0.246496936106754     
  0.257802821530186     
  0.224600254828568     
  0.295878655565147     
  0.264513171905285     
  0.325042203448484     
  0.237881688264070     
  0.248837017370347     
  0.212597736433488     
  0.239394146194391     
  0.257296324160752     
  0.274979212659549     
  0.234648057938471     
  0.218364898387367     
  0.227376309091068     
  0.271794220142714     
  0.252466229361685     
  0.253355604570104     
  0.275750337948075     
  0.263838388310945     
  0.236450053997226     
  0.265300187032194     
  0.250021308045661     
  0.247592452312386     
  0.247804250137263     
  0.235780019716821     
  0.258949137237895     
  0.292219883639568     
  0.206969316770485     
  0.230483437359397     
  0.248334020988677     
  0.267097165955554     
  0.240383551699789     
  0.252108483380815     
  0.244070370663732     
  0.230335183894390     
  0.247990901167784     
  0.213143646221219     
  0.195808915431168     
  0.233314407081470     
  0.311069091705189     
  0.245680137971280     
  0.244549210942064     
  0.258712611495111     
  0.237216766517030     
  0.239960023282209     
  0.236676411192179     
  0.330553362907648     
  0.239669665221669     
  0.286938050667496     
  0.276335174974514     
  0.251254301759374     
  0.289909787732984     
  0.224613410439744     
  0.255271370621670     
  0.201413368916622     
  0.286960653903550     
  0.267859798395349     
  0.229014024409994     
  0.207476075958889     
  0.256786230251175     
  0.246784717356114     
  0.234318341168360     
  0.240477121353805     
  0.224241075075955     
  0.233838928630931     
  0.200590276514696     
  0.234439698703563     
  0.214802219230303     
  0.265112193619280     
  0.273812325182696     
  0.285274657024605     
  0.275956865486956     
  0.213578981287664     
  0.266097104056044     
  0.257398735304772     
  0.245499451674499     
  0.250530446769405     
  0.215682092948820     
  0.209514323725840     
  0.246705135809277     
  0.274576883543803     
  0.255939371503193     
  0.226308018878436     
  0.257648955237118     
  0.238784609904394     
  0.264381062946547     
  0.201784231640406     
  0.234978632691852     
  0.242210962456419     
  0.276413498890398     
  0.232904099252930     
  0.275281509771790     
  0.253810442674613     
  0.246589166229004     
  0.218750264103815     
  0.228558920280049     
  0.254334626560538     
  0.241946976976585     
  0.244193474870784     
  0.240088775132396     
  0.250475084104897     
  0.193553951069334     
  0.267577935530637     
  0.274535565544617     
  0.267385431014439     
  0.280319454050119     
  0.264064541734428     
  0.232358738975101     
  0.265791486018815     
  0.260442292687190     
  0.269145181314393     
  0.257315099629344     
  0.320215063544808     
  0.251404528010853     
  0.259609059503739     
  0.270698400653315     
  0.248128922165161     
  0.235273897165792     
  0.255229641467683     
  0.225885346287645     
  0.213572755499275     
  0.300452240922299     
  0.290203117739752     
  0.187957599738256     
  0.263659300150677     
  0.294319540778510     
  0.276441082572723     
  0.239423291922952     
  0.275198757908244     
  0.226082932808954     
  0.264613348151808     
  0.259124126505833     
  0.213131489715720     
  0.275974861039846     
  0.248631602440672     
  0.245911186409978     
  0.239596517436080     
  0.259004821922982     
  0.234695274339165     
  0.245062122695009     
  0.247458411107421     
  0.253057051297695     
  0.259135045264716     
  0.266658772747275     
  0.228507302167691     
  0.285806495371302     
  0.246889051694264     
  0.237882160719191     
  0.249872652556327     
  0.246041478021069     
  0.222038658829689     
  0.233988641419052     
  0.227838122959260     
  0.289520381639087     
  0.216652856628588     
  0.233159525973673     
  0.201821311279014     
  0.191021552507357     
  0.196147142689682     
  0.280501247679444     
  0.217823358530138     
  0.259347602930783     
  0.303269921503302     
  0.285583635833042     
  0.280225595916695     
  0.260964037437404     
  0.225235514592049     
  0.210085733415771     
  0.243061635252483     
  0.225029841861141     
  0.258091267980771     
  0.277909901733140     
  0.233176079464215     
  0.222406444636794     
  0.230402642431461     
  0.200498090325462     
  0.223605453277729     
  0.265439622249423     
  0.297413633750312     
  0.219245156183227     
  0.235606427582012     
  0.315531939026626     
  0.215979336008869     
  0.248683299266668     
  0.263812714223994     
  0.240813059073773     
  0.264224404278230     
  0.249847076744359     
  0.259844805499259     
  0.243566582979312     
  0.257337335653409     
  0.248921870427824     
  0.239094601529031     
  0.234553763622854     
  0.245759614972775     
  0.252109544375022     
  0.251736284915176     
  0.271035940753378     
  0.266328350000614     
  0.237761815272609     
  0.201730353873232     
  0.214379036727340     
  0.272275121974400     
  0.212008549032542     
  0.292791296370420     
  0.270168215945808     
  0.229313359501803     
  0.216472888325586     
  0.257085543992234     
  0.297679895854892     
  0.291235891119752     
  0.310284227596595     
  0.253115737981657     
  0.312169623758241     
  0.200475672996019     
  0.238408072569869     
  0.251236865602199     
  0.228817552344672     
  0.309907704406787     
  0.211076967647840     
  0.266075731609999     
  0.228517451516039     
  0.241613357052101     
  0.230514636309801     
  0.207863117137241     
  0.186562423557431     
  0.203003511934568     
  0.217276351687762     
  0.229384194589316     
  0.246351724185633     
  0.244848231030952     
  0.263336160877591     
  0.237482118108846     
  0.204176184135197     
  0.269136362146307     
  0.242268946541248     
  0.247873258361862     
  0.256589438083662     
  0.256839644250066     
  0.200226735302885     
  0.249650424380341     
  0.271185857823511     
  0.239707783585682     
  0.232645127383093     
  0.273666157353907     
  0.254572345235303     
  0.246317898384792     
  0.289111261601035     
  0.243556310876682     
  0.246029094112224     
  0.263206632712241     
  0.306523404145600     
  0.209147040747404     
  0.232502474762407     
  0.238967787576112     
  0.250680287756214     
  0.231231686264795     
  0.244409220088947     
  0.216209873598006     
  0.234966087737523     
  0.272143167434967     
  0.281512544755861     
  0.236185593622634     
  0.233798204495098     
  0.259115957217475     
  0.245466136409207     
  0.254418988214693     
  0.301637283190994     
  0.284467040072461     
  0.230367024487385     
  0.283400280570556     
  0.245279283553207     
  0.254314736909640     
  0.269124167404925     
  0.266853988181860     
  0.291026718029902     
  0.247589981508584     
  0.215150015915291     
  0.222563391889143     
  0.269294478074805     
  0.235621726561923     
  0.255909062744579     
  0.255686158419269     
  0.245261873400501     
  0.258379854466062     
  0.261856868874105     
  0.296115641259201     
  0.262631774918619     
  0.201489525371202     
  0.222185982955025     
  0.248566289083696     
  0.223020804181322     
  0.232230658221980     
  0.291601488921365     
  0.237985078980987     
  0.227093153823043     
  0.232516478468705     
  0.252842409177001     
  0.220890544509972     
  0.269293892255432     
  0.252334498713141     
  0.266767659254621     
  0.273761415647453     
  0.221976700563460     
  0.217912665816392     
  0.220251443037862     
  0.239563348949101     
  0.216557423106497     
  0.291585703241320     
  0.228846592045270     
  0.228936228658630     
  0.281148689311938     
  0.249279096151034     
  0.259004615801154     
  0.207816986632547     
  0.265190481471848     
  0.239066510967684     
  0.232827374940703     
  0.306264621676750     
  0.230384959438791     
  0.243408928969981     
  0.269629085605478     
  0.229440351957897     
  0.257003748328347     
  0.243454196791413     
  0.248233281347239     
  0.246775406949755     
  0.265697842318246     
  0.216987672828391     
  0.232498235669877     
  0.233828635861520     
  0.230532811854025     
  0.254430868484369     
  0.284347525773610     
  0.290994189659124     
  0.309180530510663     
  0.262896564809963     
  0.222653683576601     
  0.215931952683386     
  0.219582356544175     
  0.244290098726269     
  0.237033695303095     
  0.248240269260858     
  0.223369377302224     
  0.252999123759825     
  0.249090169965786     
  0.238528215049129     
  0.252867865210877     
  0.266409573542684     
  0.218895359502951     
  0.270561866915479     
  0.299908555947985     
  0.258436516983366     
  0.236323894188905     
  0.201851864510050     
  0.270256107880201     
  0.224543184983128     
  0.290840919530996     
  0.235798881716194     
  0.201313656094889     
  0.256061650004619     
  0.247554729310363     
  0.247127910579834     
  0.230794009654036     
  0.219623059488995     
  0.247217794482595     
  0.278735937382654     
  0.202891511042006     
  0.263723948953763     
  0.255140669884845     
  0.206642420378533     
  0.243030605331282     
  0.257252926089319     
  0.247480464179912     
  0.261880926105875     
  0.254199321842625     
  0.267994591530396     
  0.233757700603343     
  0.246352680964215     
  0.223537790154639     
  0.268003800127968     
  0.258185007926830     
  0.232527557652367     
  0.221277068683889     
  0.241797720908040     
  0.221027501443796     
  0.244710285902684     
  0.276563875300313     
  0.260137787234750     
  0.239094624616848     
  0.210884892969434     
  0.247571217267299     
  0.219973332182576     
  0.257728794178105     
  0.257529287623277     
  0.233959871319808     
  0.208541419180246     
  0.219245605599640     
  0.235283110659614     
  0.274534101339263     
  0.223672312974228     
  0.240770626964421     
  0.191717007305216     
  0.233614623160895     
  0.226072181503672     
  0.233110027290147     
  0.282093723022276     
  0.218407966505930     
  0.206420244129551     
  0.277028570738365     
  0.230573171080147     
  0.217111422011266     
  0.198253617574515     
  0.278268935369997     
  0.262962184815663     
  0.226943659674431     
  0.231821322418772     
  0.270447211131808     
  0.233692226923215     
  0.263042757546678     
  0.237902476970351     
  0.288585035934633     
  0.267361731329041     
  0.242699261221493     
  0.212759781062641     
  0.211550318319860     
  0.204261644705096     
  0.241170772078692     
  0.253342440177821     
  0.231860572697160     
  0.273890880994645     
  0.311479259221012     
  0.234800362244172     
  0.284823451480412     
  0.237227906200562     
  0.256692921283533     
  0.240765904761108     
  0.261736044129902     
  0.250913643805251     
  0.221757619861595     
  0.259487461534569     
  0.253853640479405     
  0.245381921329453     
  0.235468434552131     
  0.241706416589508     
  0.247160964199403     
  0.236843915137854     
  0.260969739489573     
  0.274881747169040     
  0.260643488592632     
  0.251540601036673     
  0.271188472363518     
  0.263377863665754     
  0.238589076392576     
  0.213269982163846     
  0.226326021010332     
  0.211797306693116     
  0.215889877411320     
  0.223362455678538     
  0.247163000900716     
  0.228462437378185     
  0.233487003668838     
  0.256299798128613     
  0.263359838580166     
  0.247216862267278     
  0.216682909961288     
  0.261072414678075     
  0.245556242929732     
  0.301645797588708     
  0.231766759871080     
  0.291316065630587     
  0.245352036054176     
  0.221526416160612     
  0.247166894971362     
  0.246549297427581     
  0.226380305282229     
  0.228707531174159     
  0.232152310902651     
  0.241491585427114     
  0.263980519726727     
  0.241750322299982     
  0.275699704777602     
  0.233114124422694     
  0.245931387050391     
  0.291746801762119     
  0.287255109660113     
  0.225764845537103     
  0.208078292918869     
  0.247505095696295     
  0.274541621524305     
  0.223420640048338     
  0.237353948864990     
  0.281151699118951     
  0.222614351560416     
  0.294493198674853     
  0.206437688749485     
  0.218553174574376     
  0.274491191619023     
  0.249210695645819     
  0.251010749112374     
  0.244442411956948     
  0.229786389648410     
  0.244005648205745     
  0.214811836038284     
  0.250683942186204     
  0.247639811997150     
  0.228795800360162     
  0.271753401528500     
  0.271446228542436     
  0.226791062065907     
  0.231253223461920     
  0.210275253459711     
  0.248530724291774     
  0.286193150260652     
  0.241692287201647     
  0.239760455479730     
  0.280346459741942     
  0.236899841533142     
  0.276218477832497     
  0.194310442358159     
  0.232394474674887     
  0.214160679023783     
  0.234163290233700     
  0.237411194684427     
  0.257814327490821     
  0.281256736946297     
  0.303114534671042     
  0.273872312599923     
  0.219204514728854     
  0.203210804648649     
  0.222799566525385     
  0.226732755761051     
  0.217525864428856     
  0.267099046464769     
  0.279969420712091     
  0.256586137884067     
  0.316114986780117     
  0.265476887199723     
  0.256599747454845     
  0.264662040835422     
  0.270981647265854     
  0.294166337149208     
  0.256274864846195     
  0.248729373008288     
  0.249607220326903     
  0.264106156830728     
  0.286997591364042     
  0.224081891838642     
  0.260522817704501     
  0.235031299378370     
  0.238487132566516     
  0.208133985888158     
  0.219002111815917     
  0.218997409273243     
  0.255657318197560     
  0.253828753526679     
  0.249804423580618     
  0.217337148934464     
  0.244233863384142     
  0.203749343189278     
  0.218842049572597     
  0.214582957565140     
  0.266360872420581     
  0.226427394718864     
  0.257301076400014     
  0.250887264662974     
  0.224261426361972     
  0.235392043403589     
  0.277439558803074     
  0.261047373717886     
  0.249288291071136     
  0.260933907010630     
  0.216045207645241     
  0.285955750642375     
  0.247504201633871     
  0.227474080638989     
  0.244414240470704     
  0.247907897971469     
  0.255299775820067     
  0.240360413438536     
  0.217233644018636     
  0.272339143672533     
  0.225007595008817     
  0.253802404579862     
  0.286865559519262     
  0.252291092674381     
  0.238850554465384     
  0.233804237250660     
  0.229958106137446     
  0.246240336730902     
  0.295797525207718     
  0.203157459398889     
  0.257400908608279     
  0.237770408002924     
  0.304829264197304     
  0.270233443759777     
  0.268849586663873     
  0.242331794060820     
  0.267246632639650     
  0.283556626597247     
  0.225531651060923     
  0.217683408192730     
  0.258835973402037     
  0.221405767201494     
  0.241093339147302     
  0.251477657684164     
  0.203474045504480     
  0.244092528353296     
  0.282354944509226     
  0.235902969885916     
  0.208831896541103     
  0.224865985435852     
  0.253198193230944     
  0.276216206518659     
  0.318072203848173     
  0.256850337999794     
  0.223054487273843     
  0.237783499560734     
  0.243435356309155     
  0.210823930261131     
  0.246975787972894     
  0.215916062101045     
  0.275464674872795     
  0.247520981179882     
  0.304079139837124     
  0.240427688808527     
  0.266084301762144     
  0.256015314318722     
  0.262530871662754     
  0.259697349450628     
  0.231149412106393     
  0.256376620354816     
  0.276652643156978     
  0.217666331776545     
  0.264216620223124     
  0.254668697588909     
  0.218253293867880     
  0.251155537761915     
  0.246884140476313     
  0.222571030394347     
  0.251137484675093     
  0.204625387023602     
  0.258288819136358     
  0.226626201355837     
  0.217344346148040     
  0.219981448288431     
  0.270752909957104     
  0.269699395139478     
  0.249894683490959     
  0.296974182151656     
  0.225553110954151     
  0.209002259273697     
  0.266204229505694     
  0.274816796953209     
  0.253042960221103     
  0.234215793259636     
  0.243970900379281     
  0.190989372596203     
  0.236723838742655     
  0.251992358641723     
  0.226371877439763     
  0.239985206570074     
  0.265300533492534     
  0.253972073462013     
  0.237779085129546     
  0.228618830389811     
  0.235995455397991     
  0.241300706314191     
  0.245785936725845     
  0.276572885318648     
  0.239069471662129     
  0.260331740173800     
  0.291655165984558     
  0.232114731858760     
  0.261151219455121     
  0.265738695405699     
  0.277398697768369     
  0.254876960645922     
  0.247809245280866     
  0.234856075121167     
  0.308247330498884     
  0.232625241753828     
  0.265923060360092     
  0.272062449829089     
  0.199843856757854     
  0.277594786827177     
  0.233299213419359     
  0.206092875490868     
  0.255775794032279     
  0.229761591211377     
  0.257547639941102     
  0.273811621608919     
  0.223029772598637     
  0.239844578265158     
  0.268854412964612     
  0.237753709136445     
  0.261491240058532     
  0.257503371452621     
  0.222660448632766     
  0.228646447237885     
  0.230055356913330     
  0.273983921646282     
  0.254261082066451     
  0.249964555111737     
  0.247917078894682     
  0.259993406976383     
  0.270533968506622     
  0.236563156891590     
  0.240466910723846     
  0.288653825820444     
  0.231480825050176     
  0.226749639336014     
  0.212950679651888     
  0.282605267646990     
  0.264221853908804     
  0.288039117154604     
  0.245429203151435     
  0.278934305140164     
  0.272088618608375     
  0.221321267180282     
  0.257553049215901     
  0.270302238345382     
  0.232517791946987     
  0.268974120172633     
  0.202653789471679     
  0.259490728806078     
  0.262212584319289     
  0.224769119124465     
  0.242193397156348     
  0.261359694640047     
  0.274457136200153     
  0.265349083796125     
  0.230002573146133     
  0.254447409700357     
  0.234346874555671     
  0.221158205168038     
  0.284753175496872     
  0.202242481904361     
  0.235468091983147     
  0.245771440123948     
  0.256027761615583     
  0.213335354997967     
  0.209070176519156     
  0.205691281673212     
  0.248956447166915     
  0.224891127534920     
  0.213315361756835     
  0.243829252456574     
  0.228590893251003     
  0.251932532697321     
  0.284639283684686     
  0.223073058182736     
  0.235102541647567     
  0.203466648079730     
  0.213050179692960     
  0.268022712723582     
  0.296211587604967     
  0.281576834487439     
  0.251935265399321     
  0.237730133880026     
  0.276859492399505     
  0.280334092610163     
  0.210733671279112     
  0.313032490297189     
  0.263407660980251     
  0.218705465771712     
  0.211834742208557     
  0.231753312865448     
  0.240066643662055     
  0.255665274775686     
  0.234743791680617     
  0.241149387373938     
  0.205129628868769     
  0.228924067839146     
  0.293769406484278     
  0.261447231572829     
  0.228640260834607     
  0.281282829322939     
  0.233613523535879     
  0.263732002143459     
  0.273929875982871     
  0.241915164676786     
  0.241007329700818     
  0.234312691319388     
  0.232213930458982     
  0.263984548330391     
  0.241167642135452     
  0.279235232764881     
  0.235439732923393     
  0.231279805739675     
  0.244520509026602     
  0.221719537026084     
  0.219902298977080     
  0.274667500080196     
  0.239609318840154     
  0.289988006906191     
  0.232428822016703     
  0.262105819198689     
  0.229648340867295     
  0.201599309134766     
  0.267667564577989     
  0.208541107983440     
  0.259662174869387     
  0.244933124207689     
  0.282588448424245     
  0.278346610867500     
  0.267723764183510     
  0.227364187467639     
  0.227331985547673     
  0.228323725022745     
  0.264297919447649     
  0.288252526727068     
  0.292830511923696     
  0.282635442451854     
  0.230102995661906     
  0.209235032270005     
  0.260335898246502     
  0.234755685143532     
  0.248283714258350     
  0.251594140958023     
  0.241020152505356     
  0.273213578457851     
  0.266550935700055     
  0.240620281820327     
  0.231163366720908     
  0.278851214492416     
  0.233797608201612     
  0.277677143323778     
  0.305879569125549     
  0.294158078449108     
  0.261672266139276     
  0.266105372085646     
  0.198903567545211     
  0.212057361633600     
  0.251949107315598     
  0.201424721146720     
  0.248791426870840     
  0.240076353063091     
  0.209725938994811     
  0.261670632172839     
  0.232130313775246     
  0.278128621387897     
  0.232389316377358     
  0.243859116363202     
  0.248159385720212     
  0.276116921251170     
  0.258324214788737     
  0.205337860956271     
  0.244905718852636     
  0.220985442064722     
  0.247128325052790     
  0.251169644839846     
  0.283786957663090     
  0.261396657960017     
  0.237564858797417     
  0.259523791494794     
  0.252257324610186     
  0.236745368712408     
  0.263050225910104     
  0.259708143118342     
  0.238938692479409     
  0.281921490820980     
  0.274261339142920     
  0.257314718561237     
  0.202363547569241     
  0.238170471659191     
  0.280501100211527     
  0.242796468082761     
  0.266195294142524     
  0.226091775018708     
  0.231266806502754     
  0.234674760999943     
  0.211010278254213     
  0.217852573178094     
  0.227679697216615     
  0.282913900231379     
  0.311251155879594     
  0.223085429085755     
  0.249254261668910     
  0.252432111130472     
  0.240075077637052     
  0.233648892036211     
  0.286494230892422     
  0.251368249385347     
  0.203289479756334     
  0.233577220891548     
  0.236653785678843     
  0.262401967459378     
  0.267714140340827     
  0.247540673987380     
  0.246925210262463     
  0.272418914874030     
  0.216350035022776     
  0.197398191098426     
  0.232965506884642     
  0.234831908434961     
  0.268397311496397     
  0.222429237327358     
  0.250330282715833     
  0.255835151440530     
  0.294220806792026     
  0.260414366315483     
  0.229918682646793     
  0.229538746555670     
  0.224340128224293     
  0.238250054879568     
  0.227634491809000     
  0.249413173777305     
  0.226928159176227     
  0.255181976453069     
  0.234628984502186     
  0.259162078042099     
  0.233400640683546     
  0.224557091452469     
  0.258743844145565     
  0.229875558063090     
  0.199536933982852     
  0.276846845567032     
  0.256264567581202     
  0.245071368971146     
  0.221354579569744     
  0.251324460123627     
  0.234784854772611     
  0.269383763191814     
  0.249347893949882     
  0.248426609467832     
  0.243652915319779     
  0.277796101294531     
  0.244629816844603     
  0.256775432478100     
  0.276154049831645     
  0.237585064777702     
  0.207440167994563     
  0.248086008870000     
  0.290939397633340     
  0.245478677556370     
  0.248954650107085     
  0.258453128133997     
  0.276452922470279     
  0.233192139391654     
  0.274568671245188     
  0.288526430493549     
  0.256665848201157     
  0.230736180364250     
  0.233438039623817     
  0.204138583487847     
  0.236736762698772     
  0.228311037816062     
  0.236844327585468     
  0.260945860801309     
  0.269517469271140     
  0.276747759130920     
  0.253882230379472     
  0.227237363009752     
  0.229384826524558     
  0.247084652115090     
  0.285306704589288     
  0.269234989587068     
  0.246598943514960     
  0.270470202186118     
  0.299630353880023     
  0.211120221448650     
  0.264085948905741     
  0.256032277168632     
  0.250534958086946     
  0.284701557230307     
  0.233164254346000     
  0.244002869589046     
  0.222251736003589     
  0.224363350139144     
