  0.551282386016104     
  0.523972337791807     
  0.498370482779648     
  0.459672994419139     
  0.456797515860505     
  0.565617600446952     
  0.511097808901475     
  0.461209756361177     
  0.491741690973153     
  0.441007859751480     
  0.508174607789502     
  0.523046876280428     
  0.542433110263362     
  0.496495127465361     
  0.567435130379375     
  0.519535789535169     
  0.495079806307765     
  0.478329117693237     
  0.449755922915501     
  0.500291062902987     
  0.446576304717098     
  0.495980149518362     
  0.431435173792588     
  0.479009074719581     
  0.549510653516327     
  0.510701055197256     
  0.530741217219334     
  0.500666181859899     
  0.524622710019795     
  0.512604497027661     
  0.492550740741047     
  0.475505427715503     
  0.432188602592599     
  0.449780967210174     
  0.502853505289758     
  0.459944235070554     
  0.501439823020563     
  0.525269905568933     
  0.500202252532002     
  0.514625155760700     
  0.553498889090331     
  0.519948610657671     
  0.508241722809246     
  0.539133778194584     
  0.505684827539896     
  0.471595373647755     
  0.480703283047751     
  0.521062744652088     
  0.537241262640213     
  0.547446046837509     
  0.491997902451732     
  0.496683257926272     
  0.465765847080121     
  0.506967459030609     
  0.486716887570666     
  0.481778767971609     
  0.468779604085429     
  0.500830633664625     
  0.526535153325324     
  0.453751679812352     
  0.456644943698663     
  0.414913981616813     
  0.572805422858663     
  0.506743573362026     
  0.445640744582839     
  0.460718670248617     
  0.454611179146426     
  0.519864969919231     
  0.511866702627666     
  0.569689273658200     
  0.583108320789800     
  0.556314705026235     
  0.508416078773518     
  0.494962216754126     
  0.506389271506926     
  0.525783775193922     
  0.503728748996759     
  0.579928725605721     
  0.503917625419615     
  0.500097198612433     
  0.505953407017055     
  0.490152201834388     
  0.527934663182121     
  0.488578339556517     
  0.458863271227147     
  0.510976175197243     
  0.539656498124158     
  0.500172396939072     
  0.460514028490043     
  0.526196676697868     
  0.496861033796511     
  0.573672191431191     
  0.508913244697639     
  0.480956931539022     
  0.510475550176233     
  0.476562081602052     
  0.496981537965763     
  0.548333779844247     
  0.473526440338152     
  0.499640548066134     
  0.529063404204079     
  0.491798645158972     
  0.482583418796748     
  0.465185632134275     
  0.533822559676180     
  0.516390165974894     
  0.520039250377468     
  0.532502300751198     
  0.498811902810230     
  0.499395610362956     
  0.482355993340635     
  0.496623993047311     
  0.509654619207159     
  0.553677544349889     
  0.507521248729572     
  0.538868713135016     
  0.489600885423273     
  0.543507339973207     
  0.515243776574960     
  0.540366175454674     
  0.549128437643515     
  0.497600953020998     
  0.505178451956459     
  0.521432494172828     
  0.443958470859163     
  0.450207980990884     
  0.519427661325557     
  0.589161175387414     
  0.470909359725624     
  0.446384005164478     
  0.530317657690702     
  0.431543114918488     
  0.476427060961096     
  0.501481685766734     
  0.502903907035078     
  0.434373934485495     
  0.533641082740850     
  0.506248123327852     
  0.372414639163812     
  0.463926905055890     
  0.512868020329581     
  0.578539926807255     
  0.456573831843473     
  0.422890992066083     
  0.559433393600396     
  0.547886334835379     
  0.538351378567858     
  0.480167379339599     
  0.483848416955593     
  0.474363964324921     
  0.510180938225801     
  0.598572323458540     
  0.503986603985803     
  0.531414974091141     
  0.497893873507849     
  0.510719514639547     
  0.462010206465560     
  0.545874860585511     
  0.475239832601191     
  0.449981204975361     
  0.552754313564731     
  0.480672014430439     
  0.497893238811282     
  0.530345822712240     
  0.510221992624117     
  0.489466713636020     
  0.536931434098719     
  0.473178866088341     
  0.519236390320198     
  0.503929002076049     
  0.590728552201044     
  0.537933753273999     
  0.541701534378438     
  0.527614833875177     
  0.447221177720762     
  0.533923328691781     
  0.496434438362878     
  0.491790183405046     
  0.515603011842112     
  0.495924201792488     
  0.483457110909436     
  0.474686547753528     
  0.491405211606510     
  0.571435483881204     
  0.528414825584611     
  0.561592761282123     
  0.553187603958823     
  0.504839307324531     
  0.491136062033191     
  0.577165261403620     
  0.535328797327919     
  0.539055825442593     
  0.462045703358156     
  0.537242125907858     
  0.543029016244203     
  0.490787601720848     
  0.482161539617039     
  0.480163492007031     
  0.492526999212646     
  0.526837329068080     
  0.476706435580692     
  0.508357583785926     
  0.480737350466142     
  0.416191527347927     
  0.479631567542922     
  0.513827000378427     
  0.511616840224317     
  0.483664976920378     
  0.486534717134293     
  0.494421166353879     
  0.448057097848205     
  0.467328207293335     
  0.533033260523902     
  0.428876719744916     
  0.503020723602457     
  0.557952061124188     
  0.482313773413209     
  0.448015763228308     
  0.489942489551669     
  0.485640643882337     
  0.451983449857405     
  0.461994041716579     
  0.489981053921612     
  0.514750356767109     
  0.496505958689541     
  0.472936813981080     
  0.472889613496012     
  0.478357112696776     
  0.467148032993729     
  0.480570607186772     
  0.446293887221515     
  0.506215282054107     
  0.517975723595737     
  0.521997892016710     
  0.463029212450790     
  0.524023593928456     
  0.479179549671215     
  0.523343207624750     
  0.515531548903820     
  0.445719919391775     
  0.484370821818192     
  0.515391750092831     
  0.509265685010355     
  0.487529492469747     
  0.468156240931287     
  0.503634695284182     
  0.453847344561340     
  0.534112524445482     
  0.473781156009576     
  0.503186529390046     
  0.511503981983832     
  0.505172863350737     
  0.554230991455195     
  0.498552736965804     
  0.570286138647688     
  0.588139296842573     
  0.522316331563620     
  0.444786564074009     
  0.492333436849354     
  0.527754783345497     
  0.516658150919076     
  0.501493320564158     
  0.502244979731116     
  0.457135924290104     
  0.463250351848301     
  0.520502353712487     
  0.453042303156111     
  0.450454224540179     
  0.475727147441666     
  0.555770302144148     
  0.508889127205630     
  0.508698646000243     
  0.485757526360507     
  0.527350543313460     
  0.516733108522219     
  0.504590103199633     
  0.490005052832449     
  0.460007430590064     
  0.500445923605353     
  0.472350717255589     
  0.522632616327869     
  0.504673661982084     
  0.531952944041525     
  0.497117806176631     
  0.536811523682528     
  0.506486343569595     
  0.527086422569987     
  0.488712276678438     
  0.487098763670309     
  0.426423379333731     
  0.523497063035107     
  0.449245775474294     
  0.485828783320500     
  0.483951882492234     
  0.490091216362748     
  0.474065612512416     
  0.480313653540344     
  0.491410658751733     
  0.466299041717579     
  0.570447143720118     
  0.543900478697139     
  0.542968959415069     
  0.502551245406643     
  0.498837578887522     
  0.493819285943182     
  0.503814742673343     
  0.530503387480241     
  0.516703558389206     
  0.469445394536790     
  0.487098628865405     
  0.561479914727922     
  0.582911956725718     
  0.460838860342327     
  0.488967715430763     
  0.496473866416306     
  0.537819789893436     
  0.537943734316080     
  0.442661073548298     
  0.487652143127826     
  0.562466444040865     
  0.454539049483709     
  0.515117048984945     
  0.483063674994959     
  0.431523032867016     
  0.473724627387101     
  0.449066236670102     
  0.424771001052533     
  0.523168424360611     
  0.486467282671923     
  0.562216405927638     
  0.507558552373423     
  0.504606521878079     
  0.458917480681442     
  0.516572725581278     
  0.507660289786658     
  0.509277945221844     
  0.557294196627364     
  0.539808086409856     
  0.504856079398774     
  0.490270870470390     
  0.528582874269561     
  0.485197932622095     
  0.542510671568521     
  0.511235384776958     
  0.497057888763639     
  0.492299151194624     
  0.482941058227070     
  0.503714598942914     
  0.538970287750723     
  0.508417688289929     
  0.483429549881451     
  0.481365117312960     
  0.577026440058164     
  0.520751963203283     
  0.518261521525769     
  0.478371882616086     
  0.529803351070717     
  0.538668768362747     
  0.562737882595295     
  0.487429283893849     
  0.539138849404896     
  0.507692115988188     
  0.458509166991956     
  0.470368876744963     
  0.455144661880025     
  0.452152982286461     
  0.451135094863639     
  0.520899021729210     
  0.542059722569441     
  0.488807943223500     
  0.526390561896977     
  0.461201377472580     
  0.532726629869408     
  0.520958237793372     
  0.505383338071642     
  0.495267905888928     
  0.481579282008375     
  0.493068526420406     
  0.495162774676637     
  0.550980276085792     
  0.578077399768717     
  0.459639227528638     
  0.497067729810505     
  0.532965173300606     
  0.481167784857109     
  0.567509478407251     
  0.466897027094823     
  0.513108836945374     
  0.499225557278347     
  0.468477741616847     
  0.476325521469071     
  0.420852235317396     
  0.511993307354736     
  0.518063078614908     
  0.496669534920394     
  0.584858976484184     
  0.463353490496872     
  0.532840380587443     
  0.493866921727411     
  0.475159652971007     
  0.508990066806770     
  0.465888278500195     
  0.498487211584301     
  0.446167132218137     
  0.531107867531111     
  0.439909166854397     
  0.437983312837478     
  0.508344538067261     
  0.446278172725898     
  0.421626325182370     
  0.522371162697315     
  0.535622836515904     
  0.525910270020056     
  0.436235995761316     
  0.459982417873244     
  0.477921035894111     
  0.400763679671794     
  0.548727702015298     
  0.516579104015318     
  0.478089974661015     
  0.489242377019436     
  0.440372697674460     
  0.442315463777871     
  0.543127438314614     
  0.547801247703714     
  0.534753677419708     
  0.522143955588716     
  0.487448023832777     
  0.503782642744016     
  0.493190428693648     
  0.565717839419426     
  0.475664735159780     
  0.521149780036231     
  0.494742381945082     
  0.451700605715749     
  0.500363524272972     
  0.511176439213693     
  0.517581442014053     
  0.520649019238831     
  0.490916094637658     
  0.506969241898467     
  0.525580129059223     
  0.513901961015423     
  0.473486049050414     
  0.478272649153713     
  0.481443030516728     
  0.509323973884962     
  0.518315490229346     
  0.542458188983450     
  0.495283986148639     
  0.504405187752433     
  0.469384000932527     
  0.541267377346585     
  0.452610593404018     
  0.520890512450963     
  0.484411243305383     
  0.465809344212990     
  0.427450503001545     
  0.509764051735866     
  0.472283540088469     
  0.473657593517415     
  0.465963419206914     
  0.519103091826686     
  0.463116742295658     
  0.463035014155802     
  0.558314725112507     
  0.494041580492992     
  0.540671161678479     
  0.464757767652134     
  0.496842967083385     
  0.522477000468242     
  0.451541495631791     
  0.510613401003935     
  0.537857677682232     
  0.474023713115698     
  0.517346338780221     
  0.433665296482917     
  0.500606493137671     
  0.449297827075087     
  0.494834838319771     
  0.528717206562462     
  0.558457253362800     
  0.509107077241884     
  0.515974235348225     
  0.530974438942133     
  0.468508469429554     
  0.474202718267707     
  0.408612274734322     
  0.573739952422922     
  0.442252228334999     
  0.520959886216499     
  0.494992179287800     
  0.543801655589873     
  0.521421628261732     
  0.491229054356569     
  0.432682809839669     
  0.498664277222794     
  0.464896990603288     
  0.467997542395176     
  0.450685884514229     
  0.514108386879392     
  0.499298024456911     
  0.491639687003825     
  0.514408181514659     
  0.466911156665820     
  0.495989845877761     
  0.501229321313580     
  0.493817539486010     
  0.465748179828299     
  0.474585356752066     
  0.531233913787691     
  0.534712683087911     
  0.471135564550048     
  0.470504488883122     
  0.487294908377546     
  0.514666904747793     
  0.419266036289039     
  0.472915181553987     
  0.448937270085327     
  0.488973301117700     
  0.502030547660182     
  0.458656616908597     
  0.485174245320312     
  0.565830081271718     
  0.499577588169053     
  0.557130181449244     
  0.465968443820558     
  0.534616365492329     
  0.509506483787632     
  0.489582748735662     
  0.521319593709499     
  0.497931202748251     
  0.533132690067773     
  0.549480070166333     
  0.480831685798876     
  0.464336310289478     
  0.448713762887255     
  0.470211789883024     
  0.533065271298825     
  0.497464871248681     
  0.478042473325704     
  0.469298234126488     
  0.446082503149554     
  0.548349439319297     
  0.498949882632191     
  0.553830133065745     
  0.497648526717444     
  0.502662139811952     
  0.446478987228001     
  0.490911231151228     
  0.528172728903862     
  0.524202825728565     
  0.467808585583834     
  0.500832067099453     
  0.512989593820999     
  0.438189248211067     
  0.497541060916919     
  0.532534654472092     
  0.472252052978723     
  0.506096062517829     
  0.480772685402492     
  0.510787879372100     
  0.526234085734383     
  0.471547363880383     
  0.587843427745352     
  0.563095768606622     
  0.468872229883948     
  0.496885562340790     
  0.544937785688117     
  0.508609459367244     
  0.443694199187941     
  0.452137601403810     
  0.496359296310825     
  0.517575494570412     
  0.527648749282643     
  0.469576229658897     
  0.468040081757422     
  0.481848798987912     
  0.505935101999719     
  0.454309211474929     
  0.534492473680521     
  0.563487078252855     
  0.478611598027661     
  0.537356325507489     
  0.527515605726875     
  0.462576759659889     
  0.466510747824876     
  0.504801814372991     
  0.470614040606487     
  0.524765162584135     
  0.530429393329915     
  0.538634245379144     
  0.476816677403212     
  0.471455479961988     
  0.465993552115682     
  0.530626027798613     
  0.468544386248790     
  0.517845410046571     
  0.512538074690478     
  0.504860188980300     
  0.473333980006731     
  0.485237380347871     
  0.496352969661884     
  0.526498424331577     
  0.521250398638833     
  0.472030360517074     
  0.556846462815096     
  0.536965902100661     
  0.509106829218460     
  0.522238835162727     
  0.521947736872544     
  0.492721219526165     
  0.457613229098106     
  0.454868813498076     
  0.475394092694478     
  0.496623721934522     
  0.483496082668438     
  0.516464716089423     
  0.419097403526397     
  0.557787412971853     
  0.440586204413092     
  0.477348123115989     
  0.530627623012580     
  0.486618717342238     
  0.495299739157015     
  0.549505881673920     
  0.531844330682753     
  0.530709023994157     
  0.475872930823284     
  0.435004479272415     
  0.531479109067161     
  0.500454825309147     
  0.538130082769785     
  0.451178289326328     
  0.525268475954817     
  0.473127792404300     
  0.493391819307477     
  0.504474155473085     
  0.606150967795494     
  0.528772280020699     
  0.446456662902644     
  0.537299159128613     
  0.488058596942316     
  0.459499804623638     
  0.450096858737755     
  0.542612351073587     
  0.500311459556534     
  0.510233635433391     
  0.487408615816999     
  0.538474906835024     
  0.481798831113253     
  0.498170205208407     
  0.543446677560422     
  0.541198369709030     
  0.554691673323591     
  0.518806426005167     
  0.505409941276246     
  0.461095195267588     
  0.474326231244488     
  0.526357245709805     
  0.472004960890349     
  0.496994781603087     
  0.520456911702689     
  0.486402601459786     
  0.527282817596503     
  0.537288801000686     
  0.437153144707535     
  0.492780258406755     
  0.513368284235256     
  0.482910031510557     
  0.494666458501753     
  0.571054063739117     
  0.447019888812768     
  0.404939678998081     
  0.461956613769231     
  0.523550667590195     
  0.522455319813719     
  0.552062634472282     
  0.509958397614940     
  0.517349749472730     
  0.559050034811192     
  0.488511215051714     
  0.487838079098997     
  0.496274130894516     
  0.504835088422355     
  0.456246027962340     
  0.405425068784325     
  0.536621210065813     
  0.475628429966396     
  0.522965936128499     
  0.475553543529430     
  0.562359488790241     
  0.517085257077150     
  0.465803277965245     
  0.424677638104719     
  0.524315219900888     
  0.482070343455924     
  0.534400530574582     
  0.497561586198779     
  0.564548677765594     
  0.558393277256752     
  0.459314348641750     
  0.512420395660935     
  0.571853112380889     
  0.510577454125596     
  0.474818445262617     
  0.444455370678846     
  0.474932338646782     
  0.462060941610080     
  0.519500492072737     
  0.477355620731559     
  0.496739965496826     
  0.455091351030268     
  0.523750911683226     
  0.490425417137398     
  0.490486173064284     
  0.487266656271021     
  0.512494110879311     
  0.499121353866568     
  0.454683906177347     
  0.528175603253689     
  0.508086210363255     
  0.528120802586525     
  0.541853449717348     
  0.467748620765140     
  0.492657781083796     
  0.551395128053228     
  0.488968211424686     
  0.486998993175900     
  0.534600299388459     
  0.508581349921660     
  0.465238682790934     
  0.519016212917617     
  0.474087816557034     
  0.521142313664483     
  0.463081852383913     
  0.541716381501598     
  0.513038915787503     
  0.451022147135096     
  0.549109244801339     
  0.559035681827862     
  0.497171752254707     
  0.557155303015736     
  0.502794262967107     
  0.500139954907242     
  0.507515145418742     
  0.547265524891999     
  0.502315310705811     
  0.451832072621606     
  0.465851905953025     
  0.495063349598120     
  0.537070441794758     
  0.466429577996205     
  0.553861609264941     
  0.438847392937141     
  0.499101177676519     
  0.509654355038458     
  0.497891351718882     
  0.477870708953715     
  0.485952963168866     
  0.433069213345746     
  0.499661998268970     
  0.506053327713797     
  0.527666627244182     
  0.535137462327738     
  0.476285915655451     
  0.515720095793640     
  0.501443220680340     
  0.512082044895449     
  0.456918922001637     
  0.504455676111956     
  0.472091654212211     
  0.491635779589820     
  0.442774906826277     
  0.579096783074257     
  0.476390074821545     
  0.463887559100494     
  0.574242706338919     
  0.527083676948076     
  0.539873427876561     
  0.535268601099894     
  0.452529058085288     
  0.523015971615273     
  0.486183363918707     
  0.516361501861700     
  0.473327925319688     
  0.487109877069239     
  0.477093264240261     
  0.482827537875806     
  0.570697959718206     
  0.544214765942761     
  0.458714375487494     
  0.564862810466954     
  0.520005312648108     
  0.477600075769865     
  0.579635102722518     
  0.443019956755455     
  0.525790705351062     
  0.533212324566321     
  0.508558911468900     
  0.535403669381066     
  0.465883359162745     
  0.498916126063560     
  0.451888029405385     
  0.471106510467315     
  0.541101386071256     
  0.572210800861773     
  0.536593618256659     
  0.477902242854436     
  0.452093977490494     
  0.479782215241128     
  0.466118272092712     
  0.435046605859387     
  0.520564584745490     
  0.461388220336739     
  0.511734126658083     
  0.487002390185528     
  0.481319282180871     
  0.469413084044080     
  0.548755971005887     
  0.509088923600078     
  0.484915783987396     
  0.489791559208022     
  0.530979984866929     
  0.516226768516116     
  0.509218610642620     
  0.500058051785369     
  0.548426495396299     
  0.489152633615556     
  0.455383745904976     
  0.483828548492285     
  0.476862227588015     
  0.439645692395695     
  0.484251861591727     
  0.505932305573305     
  0.476319275147118     
  0.480499719794551     
  0.503749188824235     
  0.500612311399319     
  0.432393659863181     
  0.421896994804648     
  0.461837740742844     
  0.575663030506880     
  0.540363497291631     
  0.532989510478099     
  0.520054051526809     
  0.507101319023024     
  0.546184365645641     
  0.540987568832743     
  0.507538077576948     
  0.488843897591417     
  0.400799316400023     
  0.556027098119547     
  0.560976806017797     
  0.524564220854889     
  0.564620720630700     
  0.472345536980268     
  0.513398604520946     
  0.487872325355218     
  0.515281011364388     
  0.528550192621632     
  0.495934307179739     
  0.514197357562926     
  0.521552809325321     
  0.493914167417038     
  0.415213620818230     
  0.560918741135103     
  0.456164384831278     
  0.523119231887298     
  0.505765461013176     
  0.479189360799123     
  0.507640840444892     
  0.479207429680463     
  0.456744044116137     
  0.483898803037934     
  0.458031921228510     
  0.484659930407893     
  0.477555593732909     
  0.550866738282954     
  0.549226403549839     
  0.493757965745508     
  0.525246498166657     
  0.461183317602688     
  0.497903530135160     
  0.628849626186083     
  0.475364506773170     
  0.548426551384444     
  0.469324408943930     
  0.458117855926304     
  0.470611910308372     
  0.486022522578032     
  0.476879922652006     
  0.470631276043130     
  0.483343188694200     
  0.453364721366572     
  0.482452219848145     
  0.502544889197343     
  0.447591632131735     
  0.512382915379336     
  0.457254351023468     
  0.441285515147887     
  0.495110092240692     
  0.469031678929142     
  0.532529128074296     
  0.546414846485327     
  0.492220871430707     
  0.511778654870906     
  0.513640617288372     
  0.513788656919598     
  0.488924076301612     
  0.476243699584944     
  0.567544121493288     
  0.497453998162453     
  0.528140762042071     
  0.478002265109408     
  0.478123781458816     
  0.546200724273509     
  0.456593954617649     
  0.504590106806836     
  0.531336959991512     
  0.492332102695770     
  0.536983815813980     
  0.486169332961979     
  0.470279567140910     
  0.522592769842845     
  0.498521876448688     
  0.472601006054504     
  0.524083769918239     
  0.491993883209087     
  0.496221929151014     
  0.505150462162978     
  0.458066472981719     
  0.533830938016076     
  0.497160412590976     
  0.497163299604934     
  0.473039436333049     
  0.523117011179964     
  0.492130700276915     
  0.465311166850399     
  0.539233306141652     
  0.531948803613004     
  0.562802047645929     
  0.487376658696920     
  0.397144164530820     
  0.509323060194029     
  0.494716907646255     
  0.456777338045136     
  0.530444770526934     
  0.430754045234508     
  0.460603160506829     
  0.507224752654888     
  0.474580923451441     
  0.469076906873242     
  0.496926000347541     
  0.534445982564040     
  0.507529926185390     
  0.521627839162101     
  0.499491455874250     
  0.501373526099995     
  0.484866300229249     
  0.486923400171934     
  0.541102870813494     
  0.523976486783999     
  0.546595415817619     
  0.504071300054049     
  0.461604815891664     
  0.469690406144792     
  0.429002555809193     
  0.522285703481401     
  0.471483444084515     
  0.533513476824488     
  0.467270623738040     
  0.522094622328708     
  0.445642303236052     
  0.493175060308802     
  0.469823667034449     
  0.458415629386717     
  0.487664037724296     
  0.495465134389990     
  0.499302834785814     
  0.467567027701286     
  0.529481251685530     
  0.552141945566057     
  0.440325200429016     
  0.507735241171353     
  0.467783333322899     
  0.463294744240765     
  0.525274086008689     
  0.499797000635441     
  0.567150536261156     
  0.532765400801803     
  0.495739968624933     
  0.546119030221953     
  0.531764114803431     
  0.498283021566023     
  0.470774087620305     
  0.453254702563885     
  0.481060016816477     
  0.482293024101770     
  0.504271237512207     
  0.230025002835086     
  0.283982821902037     
  0.323131014702690     
  0.243358596600738     
  0.258372070803472     
  0.283357518297165     
  0.249979458128609     
  0.275853109613777     
  0.213337089055577     
  0.274959901798299     
  0.251901527215470     
  0.208406030601150     
  0.268501205494635     
  0.227137625915332     
  0.206145533942216     
  0.256510025052351     
  0.223061500640328     
  0.249321496629083     
  0.240235404044536     
  0.249285226955018     
  0.261560915281169     
  0.279288524692978     
  0.227186962883705     
  0.249640253949527     
  0.252372289406654     
  0.244983230281174     
  0.317932189362867     
  0.263302384359348     
  0.226027690871816     
  0.250818308947665     
  0.292113084252090     
  0.209235866958302     
  0.226662509701240     
  0.253657159405663     
  0.222739840613025     
  0.252428946247385     
  0.262762154535916     
  0.201715504124983     
  0.270606403975604     
  0.242140208002857     
  0.267035140268483     
  0.205160617363848     
  0.205138374419838     
  0.246735233829968     
  0.268254436456888     
  0.245606125406083     
  0.234726576726718     
  0.238367874309220     
  0.238293948707796     
  0.232160046992335     
  0.199284081680562     
  0.264172065236666     
  0.250396340957629     
  0.259581940217394     
  0.259721808775312     
  0.237814240615041     
  0.245385810092022     
  0.268588148273967     
  0.280993253037374     
  0.239436071711768     
  0.243581902057720     
  0.211677089944087     
  0.268937126186839     
  0.214088630363328     
  0.251956008710373     
  0.243307603471564     
  0.245900036455326     
  0.243291328390758     
  0.248281591263857     
  0.244328876126156     
  0.236747657959045     
  0.260500877167167     
  0.269966776748529     
  0.268170110369373     
  0.206972229051670     
  0.233228921909430     
  0.257413262357108     
  0.234825490787884     
  0.253263653621985     
  0.256070121295388     
  0.220217423465748     
  0.226620187919981     
  0.299166323441936     
  0.251785293370656     
  0.250162759857334     
  0.233251809939282     
  0.244577255048474     
  0.236067517183244     
  0.295927693633150     
  0.228206984794331     
  0.223716890528202     
  0.215580934756264     
  0.215623847012754     
  0.254608303633153     
  0.241346194658685     
  0.256306712740660     
  0.248248033273770     
  0.281002857258874     
  0.244939678956389     
  0.263818530414905     
  0.264604571571094     
  0.257049660822064     
  0.261294986850133     
  0.227481907949386     
  0.247369036821354     
  0.261647610609015     
  0.213545296090709     
  0.270328583064970     
  0.220554305803355     
  0.243410769655952     
  0.218293841153017     
  0.283893733788014     
  0.258813721035225     
  0.263462070040490     
  0.267616697388889     
  0.240989819854992     
  0.252978545142732     
  0.241530063485528     
  0.226445017010022     
  0.256513746286345     
  0.280764634572432     
  0.244540188701642     
  0.223879129981847     
  0.277327213197806     
  0.177077423946346     
  0.241915331893443     
  0.269996782046314     
  0.246179336056428     
  0.287173171381408     
  0.262611210411650     
  0.288748095294508     
  0.229721515245593     
  0.264955234727376     
  0.300782800346331     
  0.235334377868820     
  0.253742524403657     
  0.261938085362084     
  0.218920071421922     
  0.249194734956446     
  0.247255064045955     
  0.300773431774878     
  0.267363182150955     
  0.249228546634002     
  0.216561658397397     
  0.278409725805921     
  0.245801518900070     
  0.268212985375647     
  0.225002804612039     
  0.208476883150265     
  0.278142261898832     
  0.248002849182730     
  0.250365923043378     
  0.264952876480143     
  0.290194408059917     
  0.270504720214013     
  0.196127205573460     
  0.235787621469600     
  0.236400461715317     
  0.242824585598750     
  0.232293854963635     
  0.204090599372790     
  0.284514070831344     
  0.228363548409467     
  0.228917041988560     
  0.252192980958042     
  0.208813215784331     
  0.224748784614455     
  0.252073684788863     
  0.264322907458492     
  0.249328661781772     
  0.258347434651212     
  0.222626097542203     
  0.240369430437900     
  0.256561633006765     
  0.249880624264731     
  0.256592726565836     
  0.293331834163726     
  0.219996353762366     
  0.266988125199982     
  0.235866337527739     
  0.238371981238971     
  0.253996245551308     
  0.260241609739764     
  0.240138954738884     
  0.300748093862503     
  0.226438553728652     
  0.289334708310642     
  0.258820175379826     
  0.255525220998017     
  0.238556700192827     
  0.250406927382020     
  0.279283782565706     
  0.270589771314416     
  0.248938429472083     
  0.279879835073297     
  0.260742906846316     
  0.265239683271692     
  0.215357077268043     
  0.279295863073777     
  0.253654592492487     
  0.219562678120494     
  0.272606133300391     
  0.226011379014184     
  0.304816553182936     
  0.283804332528043     
  0.256879041213620     
  0.257983779920473     
  0.258216014700688     
  0.284811348772898     
  0.216330126180580     
  0.235858978542486     
  0.247004311793332     
  0.254767798617479     
  0.232282156844287     
  0.228764593883751     
  0.249242819795535     
  0.225085447816638     
  0.264778007696665     
  0.271781504977477     
  0.272799513674103     
  0.224964226345506     
  0.233729845604252     
  0.254749467776244     
  0.204025332737094     
  0.216433205708942     
  0.303885084004823     
  0.264688193725725     
  0.306196973862130     
  0.259931722519160     
  0.241426251620394     
  0.266122318420736     
  0.278090978046888     
  0.187601328873624     
  0.244093261731654     
  0.256713324625167     
  0.208665073204413     
  0.270163644685139     
  0.227023960054157     
  0.255794886976984     
  0.232526920122593     
  0.286140523654015     
  0.202228417405000     
  0.267099764121031     
  0.285111993182567     
  0.226403549296432     
  0.232424882788346     
  0.251933572834772     
  0.213703325860616     
  0.238556713259754     
  0.260314713634643     
  0.258678495365873     
  0.252407160921516     
  0.232215358239942     
  0.218316959806217     
  0.253594874166982     
  0.254620419505198     
  0.234940341844453     
  0.214883777678197     
  0.242900651287115     
  0.196773559932756     
  0.290717577601577     
  0.246766140992753     
  0.274906934499718     
  0.271501137754891     
  0.199778511123391     
  0.254196003650376     
  0.260578468687501     
  0.256016276929002     
  0.270757245956683     
  0.248021623001940     
  0.229628409156827     
  0.252005859874647     
  0.221790449428946     
  0.224041011138070     
  0.234655459397998     
  0.213804129989872     
  0.210392214030809     
  0.276273031147258     
  0.303347185818633     
  0.287653825747595     
  0.260876765390536     
  0.272077127571961     
  0.296054631759291     
  0.279293177131899     
  0.242634685751490     
  0.244974109556781     
  0.254646998545487     
  0.210780169265905     
  0.255970850817283     
  0.250776373110751     
  0.208007951555497     
  0.256644397151122     
  0.277090693136590     
  0.293947274249864     
  0.240223151734808     
  0.232908240057638     
  0.263657632186843     
  0.288242086049141     
  0.235477024371708     
  0.214011394816188     
  0.290796784940051     
  0.211894429434446     
  0.214712966999837     
  0.223359074700542     
  0.346904386966841     
  0.274877221084395     
  0.240274203203955     
  0.272918827967579     
  0.274835881199251     
  0.220996917311019     
  0.289310750167252     
  0.223465527448347     
  0.210117746123671     
  0.233517179481636     
  0.262377373935408     
  0.278947676535355     
  0.227374897684012     
  0.208331699298730     
  0.229055311538137     
  0.256768605048840     
  0.284943236743521     
  0.261101078719489     
  0.262674929213382     
  0.240472019099230     
  0.233310183598200     
  0.261512147123058     
  0.255563556582982     
  0.295485450458585     
  0.243444265486587     
  0.259375739682891     
  0.228525060955894     
  0.235640045059964     
  0.265863106543335     
  0.243525290599641     
  0.261359384114341     
  0.258075607241677     
  0.299826460792590     
  0.286935300425598     
  0.265365692672132     
  0.266382243147301     
  0.214664879375874     
  0.257761802140386     
  0.242701325578525     
  0.253786464104279     
  0.245659792962097     
  0.289875676756171     
  0.252650326381917     
  0.270985517719304     
  0.282124576915576     
  0.251228887110662     
  0.258717107198381     
  0.234657254046959     
  0.309781959455303     
  0.282214961952853     
  0.228980098120632     
  0.262544867862909     
  0.284425623117785     
  0.338017006346529     
  0.270556694584210     
  0.251001988192759     
  0.232098404288567     
  0.280236168613424     
  0.251317507671961     
  0.243015368980433     
  0.230283467017450     
  0.259079912290862     
  0.246511456282451     
  0.224185666182010     
  0.256575465500202     
  0.266603824774729     
  0.253944031231888     
  0.216129828001766     
  0.212989164644996     
  0.249086689196059     
  0.249312565289286     
  0.261186548108929     
  0.262215267210383     
  0.286010305622807     
  0.236859658754748     
  0.271752271737394     
  0.249576118429336     
  0.247419580628077     
  0.232315031432543     
  0.201474261797291     
  0.284118369987746     
  0.233281851040144     
  0.276753622535076     
  0.199751053499916     
  0.243021295334987     
  0.226103645517036     
  0.237944838120167     
  0.253910640352917     
  0.252039974924681     
  0.247499502717297     
  0.228396727841397     
  0.227705102347894     
  0.239739912246637     
  0.235483632092439     
  0.215501647750480     
  0.234177193093227     
  0.248213403855941     
  0.225802538219658     
  0.250206368981321     
  0.253256243923289     
  0.222280720744816     
  0.229764753699899     
  0.247665869125406     
  0.241732649078630     
  0.196722037857689     
  0.254610269097492     
  0.303838232223019     
  0.269020302970266     
  0.231500341063839     
  0.231875471104700     
  0.256969162728887     
  0.240422827965278     
  0.215207983118128     
  0.284254402813049     
  0.243783223236384     
  0.215385295031240     
  0.243719893892297     
  0.255236164289525     
  0.224532445172007     
  0.261785042687848     
  0.249471043883072     
  0.261435519987418     
  0.214477494708265     
  0.261213335453555     
  0.239691340570546     
  0.239113086424852     
  0.240983856420608     
  0.265750047668521     
  0.233181836976934     
  0.212406692968480     
  0.247259350184986     
  0.249794644015369     
  0.213701517072405     
  0.246754455267283     
  0.272820181159797     
  0.249589962911633     
  0.284692772314455     
  0.237624839845053     
  0.245191664887929     
  0.273739558292573     
  0.282168684956100     
  0.237769105907312     
  0.239962548321079     
  0.235559688496320     
  0.283260650431500     
  0.247285646980471     
  0.280579050861192     
  0.245106749466178     
  0.268505984559485     
  0.268967909466638     
  0.224408057822760     
  0.233471765016930     
  0.238329100313307     
  0.243845404350370     
  0.238940141823510     
  0.244681720579753     
  0.245145768742311     
  0.275213484790273     
  0.280504199954314     
  0.264318577826128     
  0.232251056726295     
  0.259212794926025     
  0.227819329558551     
  0.243598158221088     
  0.231708125451511     
  0.270596059845053     
  0.242205267089027     
  0.213580815526521     
  0.238534540118340     
  0.269535884861496     
  0.238051624554573     
  0.240522485052273     
  0.252568233164817     
  0.234288366996745     
  0.238682665079443     
  0.282721317191937     
  0.249576333312845     
  0.230780893221295     
  0.248150612305736     
  0.267442370741354     
  0.253684150047602     
  0.275542351720887     
  0.282660674375203     
  0.227909109353074     
  0.289186810381678     
  0.301067675854152     
  0.282185645342235     
  0.260758191438746     
  0.236742519231060     
  0.246093529487025     
  0.255621559807461     
  0.285347379157543     
  0.224453945146497     
  0.249563851995358     
  0.220207837597026     
  0.231174364235607     
  0.278813402931704     
  0.277480325719560     
  0.249495531292613     
  0.265841834615214     
  0.277042389826983     
  0.250838503094009     
  0.254562336225549     
  0.246799448029513     
  0.219345349670449     
  0.240002121273582     
  0.252719158533425     
  0.213423547746242     
  0.261714605243272     
  0.216319962571092     
  0.257131176390191     
  0.259194475383978     
  0.262366320077478     
  0.208390032532286     
  0.253923413965230     
  0.235949068032671     
  0.232147423410466     
  0.260011570062488     
  0.233413490443278     
  0.240508382588822     
  0.290266498879741     
  0.234809390664940     
  0.268248927757029     
  0.230574702369153     
  0.231411342943636     
  0.269149893195272     
  0.255184450074829     
  0.224317265224171     
  0.258951395628717     
  0.274446969391212     
  0.246000784481451     
  0.261107055676829     
  0.287625830055344     
  0.247965411516195     
  0.242131283444485     
  0.233595840736141     
  0.260289723261472     
  0.246557101037195     
  0.234374059008675     
  0.236292600377217     
  0.254596109547384     
  0.266238924784749     
  0.272023231271709     
  0.211741510328329     
  0.264298772018010     
  0.243068813317888     
  0.238595183271104     
  0.275852581973174     
  0.272216349211192     
  0.251320922946517     
  0.259940804565785     
  0.262479426607623     
  0.247369469216409     
  0.236044415638158     
  0.281529191628760     
  0.236388384518510     
  0.274649991561312     
  0.234309311558577     
  0.218384558501509     
  0.254501270787073     
  0.233994998015048     
  0.265331565604483     
  0.270094427958421     
  0.232508299467283     
  0.214925232739589     
  0.231117991929163     
  0.222736455382431     
  0.211168134015128     
  0.234869753825406     
  0.251716209411479     
  0.300371973606046     
  0.263793683525174     
  0.270941247091491     
  0.226096284353911     
  0.245750128098957     
  0.231745260499819     
  0.244264915970935     
  0.299511289230024     
  0.295550665677289     
  0.258230753012902     
  0.227243477109631     
  0.210675514795871     
  0.273275015286012     
  0.244473657940577     
  0.215032263749439     
  0.267742714758861     
  0.265984315969510     
  0.207340922053435     
  0.215706432705842     
  0.236566126926447     
  0.218470019682522     
  0.280479342454030     
  0.247193534297120     
  0.240010861835826     
  0.284680055611190     
  0.240587349211406     
  0.228808658814780     
  0.268012290963295     
  0.249783223976308     
  0.258611466536517     
  0.216158657740264     
  0.270976935902568     
  0.252317112817765     
  0.250751221940057     
  0.257310282025879     
  0.289016173547309     
  0.213936067936576     
  0.226991506850948     
  0.263269809502896     
  0.275430154302564     
  0.253436096913274     
  0.244094937965925     
  0.308812927547778     
  0.280808834227361     
  0.201697922220847     
  0.280665469290059     
  0.262982479234631     
  0.248669517750768     
  0.199430634621574     
  0.231971221655100     
  0.214757306219362     
  0.245769913302192     
  0.248403653196996     
  0.278561881616114     
  0.255811343273707     
  0.193348578254421     
  0.226331942072300     
  0.296228559085776     
  0.241282892327180     
  0.270104317138294     
  0.301547855432789     
  0.303466735638190     
  0.248939476686303     
  0.258602313130794     
  0.217466851289177     
  0.190363121137778     
  0.236225486130180     
  0.233397306389130     
  0.234626888835008     
  0.257136455541196     
  0.229593596851325     
  0.277736014555120     
  0.241251587111382     
  0.261155715807222     
  0.257597890566539     
  0.225897881109027     
  0.310383564995038     
  0.283105440137412     
  0.247988880857465     
  0.248130255133958     
  0.236808485192299     
  0.256073319606034     
  0.273863141135812     
  0.261204770813504     
  0.258663544527755     
  0.283827719468224     
  0.245136700692733     
  0.251042012377802     
  0.237736398781617     
  0.229303235050601     
  0.298921785039081     
  0.240915243368174     
  0.278049259678093     
  0.210508989811895     
  0.252392458422291     
  0.306554674675786     
  0.268861586627398     
  0.225638442793790     
  0.220242458285746     
  0.231397272988447     
  0.250358805552965     
  0.233415153602991     
  0.249139359366733     
  0.242695874678259     
  0.296328862664709     
  0.258968013160424     
  0.256220281325145     
  0.277199189709617     
  0.251232854177856     
  0.233525944777099     
  0.282114115962151     
  0.241616200634427     
  0.221366721293579     
  0.304054946217764     
  0.248338134657856     
  0.256015100682988     
  0.289693461008865     
  0.264231794755861     
  0.218012374263840     
  0.205824913375013     
  0.242091735155874     
  0.250754243306616     
  0.244479997426244     
  0.285024088308985     
  0.254751282349007     
  0.188824554008261     
  0.274168491615813     
  0.231132229414670     
  0.255366702385420     
  0.255182008062172     
  0.223516990133396     
  0.228776916488756     
  0.294864221510940     
  0.280899254028896     
  0.233819970287664     
  0.291620564562834     
  0.242795208329710     
  0.206107446525899     
  0.248738465052006     
  0.217220294973838     
  0.236452029365583     
  0.238858862596495     
  0.306615481449672     
  0.232893492437401     
  0.255714094363844     
  0.253477175442145     
  0.256570090197786     
  0.211984208674875     
  0.252438007695166     
  0.206955386357823     
  0.261716972661337     
  0.247870014931470     
  0.241516213928012     
  0.255919440742329     
  0.277610062157702     
  0.241861886384863     
  0.259438484125982     
  0.238960313072467     
  0.263534962806545     
  0.254326097613336     
  0.257291153719028     
  0.271998623044285     
  0.270048380470192     
  0.224539587076482     
  0.246055245192274     
  0.234431806233518     
  0.270270833820374     
  0.292388881304513     
  0.274710419207778     
  0.217250141702006     
  0.240749454788104     
  0.283449487727203     
  0.262235950279069     
  0.255179509210538     
  0.254937180775027     
  0.271320756473950     
  0.245674994580850     
  0.225646635850686     
  0.248659564422183     
  0.222650708276175     
  0.267262371094297     
  0.266949741957849     
  0.214761032273021     
  0.256786215135927     
  0.239829403449498     
  0.236857524933886     
  0.272030880618015     
  0.296329849234113     
  0.235566901699403     
  0.204301991860030     
  0.236118637351378     
  0.233040845888839     
  0.264650014726480     
  0.220942091313970     
  0.257794021778450     
  0.219532831535344     
  0.229092328934537     
  0.204105430578471     
  0.231767266222992     
  0.267480894472919     
  0.233464161017164     
  0.227733076281537     
  0.213888580789539     
  0.229182723465861     
  0.263773574063577     
  0.246626722713706     
  0.184520097729871     
  0.234944398774251     
  0.285905773651466     
  0.246389746152812     
  0.235351160746525     
  0.245036598344198     
  0.264595137288694     
  0.232011208199524     
  0.231973666746247     
  0.199937535725497     
  0.256732787560051     
  0.274280556900612     
  0.259093158527837     
  0.245914330667268     
  0.268630073774840     
  0.215837769807332     
  0.215975518983596     
  0.249032210918082     
  0.254324005062964     
  0.266585308584078     
  0.238568904478676     
  0.233170259056417     
  0.216686610339135     
  0.268431308618797     
  0.253288937611630     
  0.236738259947180     
  0.241790620014809     
  0.285174049184050     
  0.247122148788729     
  0.206733193286415     
  0.243905983499536     
  0.251522104890671     
  0.238989785120597     
  0.226279063115124     
  0.276017818857165     
  0.250247131237538     
  0.250880804039056     
  0.241655786935426     
  0.207830288746295     
  0.232062172565873     
  0.226993728235167     
  0.294547554483628     
  0.253327286452895     
  0.229396991084497     
  0.245628554200009     
  0.258368699723821     
  0.284514767529709     
  0.225624484503510     
  0.271523148696494     
  0.224825136929946     
  0.261255725091983     
  0.242286297781722     
  0.281407579391141     
  0.251525128609059     
  0.242020809467675     
  0.281955838558017     
  0.217470153523055     
  0.235178705909383     
  0.209670982457431     
  0.228069142138694     
  0.245792362584925     
  0.234939331298863     
  0.271433206953086     
  0.240408510067094     
  0.195135148875679     
  0.235745017966868     
  0.253627743013691     
  0.245945473880639     
  0.236613834357356     
  0.254453693287055     
  0.270814822624395     
  0.290252812522085     
  0.271702309049214     
  0.270883215615452     
  0.265948711476856     
  0.255912736602981     
  0.249831751572009     
  0.258240632513769     
  0.236703923194346     
  0.246744772586848     
  0.218572286963816     
  0.246230735063934     
  0.293644663670250     
  0.217601372177462     
  0.286379902465224     
  0.233677430897402     
  0.220354571935021     
  0.250931327523343     
  0.194356222946090     
  0.249584861036292     
  0.227707351194761     
  0.324035560735136     
  0.273311403503670     
  0.228081824551405     
  0.219051558122801     
  0.240878496195861     
  0.323332005630352     
  0.235423131991824     
  0.223006367293969     
  0.273072822247126     
  0.296371291287967     
  0.258534778580137     
  0.248291251967174     
  0.245764217601562     
  0.238561637489440     
  0.216941325425425     
  0.254421293701841     
  0.253422128207430     
  0.294727184794399     
  0.286338509084264     
  0.231714997426814     
  0.260813916553348     
  0.231380317961236     
  0.204558110045558     
  0.267419701522758     
  0.328481909545761     
  0.234592460582816     
  0.254515671705321     
  0.251832398411480     
  0.240081396663643     
  0.218648215343260     
  0.240345128549273     
  0.245127132127114     
  0.288316905414321     
  0.223937321940159     
  0.232271121532384     
  0.273205450481029     
  0.252706852506104     
  0.233953105196940     
  0.245477987990890     
  0.240833713040036     
  0.234766574465080     
  0.239333701759471     
  0.254957471077756     
  0.271674942196297     
  0.202029894309473     
  0.266501074150115     
  0.243984052018341     
  0.275910296349188     
  0.284853209446602     
  0.298278686878460     
  0.264128110774211     
  0.237208419199909     
  0.231197793509868     
  0.228930252331830     
  0.227112685344515     
  0.236962977349915     
  0.220162943867740     
  0.258688304599196     
  0.253905603487277     
  0.217104668204593     
  0.246611677204869     
  0.245855921811616     
  0.258932888841307     
  0.260296835862589     
  0.280534261760873     
  0.266503850373727     
  0.209555164965794     
  0.250945061197825     
  0.229885117561621     
  0.239075109755975     
  0.237543186739545     
  0.243104855716751     
  0.218792855359892     
  0.211900186577016     
  0.277997617072484     
  0.278112530806899     
  0.257233803862170     
  0.239233627141176     
  0.273810216831695     
  0.275028035494473     
  0.218457439043765     
  0.247320758656501     
  0.257224684217346     
  0.232940742717929     
  0.230129640919964     
  0.227522537054445     
  0.252369294197067     
  0.243931348053228     
  0.224176365034092     
  0.212871096355939     
  0.221967701591926     
  0.275714722428294     
  0.238799868608963     
  0.252607219366287     
  0.243993698337719     
  0.277042542887669     
  0.281688967381680     
  0.235520080733008     
  0.244595372263384     
  0.265256198442731     
  0.247726547476623     
  0.219375324013088     
  0.226057515885203     
  0.261999519284954     
  0.233618831523957     
  0.281107081925650     
  0.232843211333121     
  0.192770125567429     
  0.238355554998029     
  0.228356819382114     
  0.214830773965339     
  0.264201866448991     
  0.238489309671236     
  0.253525674444664     
  0.226049994866191     
  0.254431160213433     
  0.260585213790946     
  0.244722070831299     
  0.251736591174376     
  0.230340911670656     
  0.224603149259886     
  0.256057010798893     
  0.254273051882656     
  0.233286660500758     
  0.248677493017292     
  0.242631164986283     
  0.239114386024902     
  0.221352622825672     
  0.291131038047761     
