  0.512133204227959     
  0.476415607731384     
  0.553553525471351     
  0.470738009296987     
  0.493881285141339     
  0.444257319998137     
  0.507741101978819     
  0.475049422718590     
  0.509651452356818     
  0.519081412048283     
  0.509219336950117     
  0.462727022830838     
  0.504168517990900     
  0.518180597012540     
  0.496636615912442     
  0.520680032311240     
  0.537908456088722     
  0.541631031314953     
  0.486090309870666     
  0.449702269053876     
  0.502460322325123     
  0.448770574649921     
  0.433013784302610     
  0.510570955355121     
  0.478389048976739     
  0.479959106317602     
  0.518704294707874     
  0.503324651971309     
  0.477351574323797     
  0.486862824207255     
  0.505233278688886     
  0.471098321115937     
  0.486637039614944     
  0.465044475896359     
  0.492176455661788     
  0.470593404778768     
  0.468902009544552     
  0.519804297091859     
  0.541972788657374     
  0.523052674503517     
  0.487000314421221     
  0.472752051797312     
  0.496861894641884     
  0.424421462878045     
  0.510642321374812     
  0.509466728049893     
  0.507262331893632     
  0.441284873819589     
  0.540300324856045     
  0.457984104909432     
  0.505602523334040     
  0.510952839217866     
  0.526765488352799     
  0.471733594582654     
  0.556982854042154     
  0.436168508875792     
  0.448277394107008     
  0.507159853874051     
  0.475501280966688     
  0.502615387697354     
  0.529553970834899     
  0.495712243987051     
  0.506672492464494     
  0.532105921544056     
  0.503526277087466     
  0.502125910090247     
  0.474347572778303     
  0.526688846711048     
  0.469383043924405     
  0.520541037586936     
  0.466694985844997     
  0.520291562280334     
  0.479644847958864     
  0.514965083326701     
  0.463713983288393     
  0.475755374385351     
  0.480594498043453     
  0.524883019333619     
  0.439356839066283     
  0.500314774939841     
  0.463297887086372     
  0.468555059005931     
  0.531644556613226     
  0.501692944851241     
  0.495325084369675     
  0.506049016323545     
  0.452521526829187     
  0.461676086171403     
  0.452413521364172     
  0.540280323138936     
  0.521037706563017     
  0.453775077206687     
  0.505469823219019     
  0.526003645868495     
  0.514734401581660     
  0.484576592637736     
  0.442222786226297     
  0.491999859250659     
  0.512323607488587     
  0.515537212630873     
  0.498959634276349     
  0.493091193778879     
  0.403799622137361     
  0.514386402176822     
  0.492628457197559     
  0.525439642750537     
  0.533231360769679     
  0.545040686922511     
  0.505397304404287     
  0.486408479633231     
  0.511397036679148     
  0.529779381576152     
  0.415577585720724     
  0.533053147728506     
  0.537581892490779     
  0.510541035119237     
  0.497960717995851     
  0.478158828299923     
  0.507921085250366     
  0.486832166027527     
  0.528172873975074     
  0.444843036389992     
  0.549085256019747     
  0.468159447792027     
  0.485014686550980     
  0.451692333313915     
  0.517440342932334     
  0.510340055957951     
  0.488506038051591     
  0.408028595898655     
  0.490454634883857     
  0.553123152061877     
  0.443432861488302     
  0.534832881518599     
  0.511009660065087     
  0.551287942227650     
  0.479606562101811     
  0.525014245054285     
  0.472202764557022     
  0.475052120003947     
  0.525754337989894     
  0.470349731942642     
  0.540578482872408     
  0.532078014512175     
  0.437485562981120     
  0.476401790690287     
  0.517545549024096     
  0.533476786408294     
  0.560319327091755     
  0.450528285006168     
  0.442138958644481     
  0.528659999582259     
  0.537011115211649     
  0.507238832171695     
  0.518309130036924     
  0.543650066363718     
  0.471466593628797     
  0.487297963955097     
  0.514060173251085     
  0.398989816579302     
  0.455672095084656     
  0.512478944828811     
  0.521777577991608     
  0.527038080829634     
  0.525656438475280     
  0.541167501183099     
  0.531963574307861     
  0.467907049017106     
  0.549715795195882     
  0.459160623875704     
  0.549774380630511     
  0.487474712320416     
  0.487170124986258     
  0.436327673841921     
  0.491493337264450     
  0.536262326454041     
  0.477124856977433     
  0.479385582679222     
  0.431416539306338     
  0.518398096058990     
  0.493186079313357     
  0.496886610761725     
  0.512940117751028     
  0.450243889137853     
  0.484845593942018     
  0.551101527742847     
  0.475766246322273     
  0.449133346166118     
  0.487510478870187     
  0.516531965224824     
  0.455207634377982     
  0.503528765522687     
  0.532955314131002     
  0.432775796343210     
  0.445268693473105     
  0.513377796716889     
  0.545663824551809     
  0.420834358749367     
  0.471973335394072     
  0.484991426727687     
  0.514451404222284     
  0.527027960664706     
  0.476807208900709     
  0.541704707881465     
  0.512676411955738     
  0.469018995496124     
  0.467353825146716     
  0.495601387519229     
  0.415039198583322     
  0.445469862484893     
  0.497180798226898     
  0.526100174419857     
  0.523728285521866     
  0.498650602065414     
  0.536322912157385     
  0.528348938151617     
  0.529201166431197     
  0.577883093929793     
  0.492071654841437     
  0.442503726276908     
  0.531104386319552     
  0.456877283796238     
  0.551836366875902     
  0.353811975557328     
  0.538094274301803     
  0.458720087715960     
  0.455603786686196     
  0.477961627129586     
  0.474982282876250     
  0.499671199934838     
  0.514339438705003     
  0.514622624234312     
  0.511661427621131     
  0.562829258216892     
  0.449997873331354     
  0.521021834305585     
  0.486874513013757     
  0.584007848545494     
  0.476900604810987     
  0.566913977499439     
  0.532428631465770     
  0.494541516403572     
  0.505698519604821     
  0.491166832205676     
  0.476790235659440     
  0.514425475374044     
  0.535776534682599     
  0.496629701138300     
  0.510067827210827     
  0.478148878683043     
  0.534506771195343     
  0.479971379017793     
  0.487736555536578     
  0.471048054595083     
  0.457141581384320     
  0.528049389154144     
  0.489201632418790     
  0.505232497790412     
  0.469993135598295     
  0.483694935397738     
  0.497539142261635     
  0.479845382211614     
  0.466748263646196     
  0.499463127938885     
  0.560384367792542     
  0.454427997506715     
  0.545987304822466     
  0.464709078092853     
  0.523704092068788     
  0.513345794527102     
  0.456916928770227     
  0.528723721802125     
  0.492168963989609     
  0.462260069695899     
  0.493357271288163     
  0.514232506313072     
  0.518780014122369     
  0.546207701866556     
  0.585191802829308     
  0.463661034024737     
  0.505500473745050     
  0.499748052724934     
  0.407158783972947     
  0.479123679202928     
  0.539418806106230     
  0.459550996462857     
  0.456876894794444     
  0.571376607647344     
  0.556701546469076     
  0.496756375680662     
  0.523742376386957     
  0.539816951046796     
  0.545957530164516     
  0.459807349183078     
  0.516376843926331     
  0.521052268681902     
  0.503015827638212     
  0.464162318636660     
  0.504888396406888     
  0.511493137545951     
  0.527747638613471     
  0.430638998672589     
  0.499806206984520     
  0.464102662289276     
  0.556487854838970     
  0.512391145181586     
  0.531793234481101     
  0.502681120542676     
  0.532060791002961     
  0.532365665536958     
  0.536019997541111     
  0.580241311727122     
  0.545006147931310     
  0.498625298135289     
  0.490821437109482     
  0.457549902079594     
  0.543439301794749     
  0.514095305400125     
  0.542485546552065     
  0.452254432834661     
  0.491693364059869     
  0.495036365657526     
  0.520404374297710     
  0.476852715555927     
  0.540754296320354     
  0.502740517648816     
  0.492939758833503     
  0.506719476217479     
  0.502833319405000     
  0.481123528022035     
  0.424489375292223     
  0.534454433025614     
  0.511902781570928     
  0.489578736020635     
  0.509491406138934     
  0.501564916308717     
  0.438214781961286     
  0.487792098635793     
  0.501991163027434     
  0.402325949812495     
  0.491354689869203     
  0.532052638263492     
  0.503939654925792     
  0.517653698584915     
  0.577505270683287     
  0.533671293834170     
  0.494786161310851     
  0.466591597882569     
  0.490225898158547     
  0.449392923002363     
  0.458892931855055     
  0.446761121551294     
  0.479769741981854     
  0.496148471062979     
  0.452832996548853     
  0.482250882748786     
  0.561626743378824     
  0.543127527818702     
  0.505813038807508     
  0.453567532321094     
  0.479508025575791     
  0.484870274035925     
  0.504731679932013     
  0.500051983134589     
  0.494694923827315     
  0.512265704404776     
  0.475215318400052     
  0.465565935406448     
  0.538580099634341     
  0.459183655781392     
  0.438614739164486     
  0.456936762302050     
  0.512217922146298     
  0.503424883603053     
  0.469591544253458     
  0.505758962262479     
  0.489546239262640     
  0.452823031408590     
  0.468892569976634     
  0.538935092421583     
  0.495516447447462     
  0.556477957037298     
  0.479187262507207     
  0.501461481427338     
  0.502033078798558     
  0.495555329872734     
  0.573928598230939     
  0.453625890216085     
  0.437055059308065     
  0.454598570433569     
  0.505734421305922     
  0.532884321567912     
  0.489490042144328     
  0.464165494545265     
  0.503069270543162     
  0.411551725619336     
  0.506504025346570     
  0.525216561516510     
  0.464952007018228     
  0.493347204882072     
  0.574015342415470     
  0.548865222337200     
  0.580751958813909     
  0.481247845421195     
  0.472236853886455     
  0.501271277084756     
  0.531944877095123     
  0.483457191817565     
  0.512427036503456     
  0.497840764923657     
  0.523928531065691     
  0.570227811872692     
  0.512080423247952     
  0.496046177418912     
  0.491976409681732     
  0.501826325200458     
  0.540095061141202     
  0.488048492262073     
  0.463212535345204     
  0.453013022634939     
  0.447662420984563     
  0.450814633896078     
  0.471128360212150     
  0.487415332461033     
  0.504881981188780     
  0.513775894494701     
  0.502034579428125     
  0.524349096146199     
  0.537415606268928     
  0.464962595576467     
  0.529891665052623     
  0.563719252458410     
  0.538908177858166     
  0.535315599552381     
  0.511668050533067     
  0.462313682084346     
  0.447402637400743     
  0.515313985365285     
  0.456648219188858     
  0.500155953938324     
  0.462580808121758     
  0.480909524074958     
  0.502967914143853     
  0.522382058901118     
  0.494798470811965     
  0.489005624378340     
  0.485313679181915     
  0.426249791752224     
  0.488314622479555     
  0.508986364900512     
  0.466858673424773     
  0.536133148623353     
  0.504885156248387     
  0.517924375258888     
  0.454678334863843     
  0.471406602147828     
  0.509464323978020     
  0.471996104046877     
  0.524914115386427     
  0.491673707444056     
  0.519998976517908     
  0.529437911449599     
  0.537308884015075     
  0.470687367799375     
  0.455155087326550     
  0.502502931581490     
  0.494194567153950     
  0.500525784783373     
  0.554943065507642     
  0.441884433496847     
  0.502025913909618     
  0.464992624474006     
  0.550807831022574     
  0.549154340832860     
  0.484105056576268     
  0.566555316013269     
  0.431451683350547     
  0.473323678922627     
  0.534122468241383     
  0.441242936938306     
  0.528268856141110     
  0.437931648434781     
  0.562468972887318     
  0.451497131950685     
  0.496505464321713     
  0.473307874099826     
  0.450560172228165     
  0.482534539809002     
  0.567069307604215     
  0.461893507135080     
  0.532405745868045     
  0.479200634706166     
  0.548141665136645     
  0.526476254091082     
  0.485418699189911     
  0.463427926183144     
  0.518029331776270     
  0.509503976356283     
  0.544067436005153     
  0.506925361516013     
  0.463294476799025     
  0.506458261276963     
  0.468388283175556     
  0.531614318829323     
  0.491795597825883     
  0.465847311690396     
  0.511530176801502     
  0.596589499480198     
  0.473317530419157     
  0.479955794808672     
  0.496312401344225     
  0.464230721965322     
  0.520370091762156     
  0.470744027800045     
  0.507673234432488     
  0.526924316757869     
  0.492185490794774     
  0.476702525758689     
  0.524759157997160     
  0.506866976920239     
  0.497092961878269     
  0.465258955442600     
  0.442370056575999     
  0.486933878700531     
  0.477739005293001     
  0.521731905183829     
  0.518157581824320     
  0.472707804939490     
  0.477090260873533     
  0.429651759575272     
  0.471424116842921     
  0.499303256764496     
  0.516917658570360     
  0.498404004163882     
  0.499922648866039     
  0.473123819866602     
  0.450627767586316     
  0.562532924219159     
  0.433439360553391     
  0.470684303745355     
  0.525299870935749     
  0.508410942942682     
  0.480717463108609     
  0.457040338643894     
  0.516227324157755     
  0.476185659206175     
  0.510172306003956     
  0.472278851960752     
  0.492394764991503     
  0.602781782174179     
  0.490280422361407     
  0.424770467298395     
  0.525097809728680     
  0.531414018047890     
  0.506982559108423     
  0.475569715656992     
  0.463084028316003     
  0.479864853233330     
  0.531744224223249     
  0.475297361228466     
  0.496380879133627     
  0.547967906837300     
  0.468839173303334     
  0.582890055093770     
  0.493562736474137     
  0.476814922670245     
  0.475795787385782     
  0.509906395259680     
  0.563017272452761     
  0.466744911995626     
  0.503038523179734     
  0.528262497908865     
  0.481218150691776     
  0.478652254366780     
  0.527249690123248     
  0.513294542093166     
  0.444504624541250     
  0.468067218231299     
  0.547935149441575     
  0.472763946374407     
  0.559448427114717     
  0.513640972998449     
  0.487313360156944     
  0.539937177088058     
  0.495297997315513     
  0.564499501796279     
  0.451014683609480     
  0.479215533217076     
  0.478586072747753     
  0.476364452465331     
  0.537812598750057     
  0.524603837268960     
  0.524996896767315     
  0.559099402559555     
  0.505381422960232     
  0.545904795511152     
  0.479512787216605     
  0.452608634363449     
  0.472536381867307     
  0.453271977570111     
  0.454800244315773     
  0.489039368976374     
  0.465164133691757     
  0.509858160293852     
  0.442752901819697     
  0.541342905976541     
  0.520297739779806     
  0.492510244406653     
  0.492282007512411     
  0.471610861027665     
  0.521361045561564     
  0.573927270418485     
  0.486638524441448     
  0.516119217377075     
  0.400644420330134     
  0.523860705690156     
  0.560293087936165     
  0.433402282981788     
  0.547006187135968     
  0.478772365802668     
  0.557811456293706     
  0.507494145259069     
  0.501599387150112     
  0.503364992387912     
  0.479474460788574     
  0.443294342301773     
  0.487343709240005     
  0.535291582401603     
  0.500523159004221     
  0.503069329020457     
  0.485486576672572     
  0.436853474176688     
  0.469055708350737     
  0.531805824426473     
  0.478213604171163     
  0.499188428496927     
  0.532276399695093     
  0.476243614936854     
  0.572910005535701     
  0.488185990455348     
  0.457529977775857     
  0.476594397452415     
  0.433246308643953     
  0.502899142890538     
  0.470703846266733     
  0.443647176819968     
  0.546390111708203     
  0.520068124983923     
  0.450840261299435     
  0.507654211529698     
  0.436340685334700     
  0.497230789891280     
  0.528258446921822     
  0.515932212523213     
  0.462846310482002     
  0.485762647474577     
  0.453674624341705     
  0.560057751536054     
  0.514312651422364     
  0.497802821251821     
  0.475707806721413     
  0.538201263341235     
  0.523527670429887     
  0.524428125117233     
  0.483401046482811     
  0.493930005313497     
  0.508146904036001     
  0.441301719585477     
  0.545179194092503     
  0.483547280328345     
  0.514528980200998     
  0.440962791558784     
  0.507158363021068     
  0.532752881767943     
  0.507826186422456     
  0.411490919543238     
  0.520687896680080     
  0.539799481740253     
  0.523533313911042     
  0.458287803272186     
  0.496582730764805     
  0.470418313264797     
  0.444488246027288     
  0.558494842019018     
  0.420510856027592     
  0.511856876745061     
  0.490111489587934     
  0.546040099815760     
  0.490479006185971     
  0.458548560371331     
  0.499117717348209     
  0.490962087700467     
  0.523541354138331     
  0.510340555419460     
  0.546679492760914     
  0.469386944734971     
  0.574018162089798     
  0.469087882053487     
  0.558542561551829     
  0.504004219693512     
  0.484158622890752     
  0.483988976708423     
  0.499290625371852     
  0.478180315783152     
  0.563240958577422     
  0.489285726961424     
  0.467218950803846     
  0.503893924444174     
  0.472104779624683     
  0.563920689055539     
  0.506689318617059     
  0.435901095613308     
  0.503748091917467     
  0.509266602048669     
  0.560424114657882     
  0.477014635098925     
  0.513547643057346     
  0.529491483620806     
  0.495474153339334     
  0.487067098750878     
  0.523629102248362     
  0.516119577612853     
  0.482831939646835     
  0.523832663074920     
  0.510635283506678     
  0.479625797301425     
  0.524650096331466     
  0.483366044796591     
  0.435507086508245     
  0.488731435676067     
  0.498003976087185     
  0.514531771980409     
  0.463654361515810     
  0.492410014746316     
  0.457973496776177     
  0.540341862667249     
  0.490689204925727     
  0.512963025138629     
  0.515305125052405     
  0.570381107613547     
  0.482299567016921     
  0.510972743598615     
  0.563351641599359     
  0.519835118460535     
  0.527178134438777     
  0.517845397443201     
  0.465274754415118     
  0.532013876537075     
  0.502886358963979     
  0.484265922998003     
  0.501344991492020     
  0.542532729183367     
  0.507890840608619     
  0.531778356032020     
  0.548903975971102     
  0.462795431232941     
  0.468043331605746     
  0.465045920196692     
  0.471881857209675     
  0.480885257598539     
  0.493081790957382     
  0.477706834029865     
  0.517030177997473     
  0.566401665919767     
  0.494914712259739     
  0.520951376949243     
  0.453598999432929     
  0.581476975362584     
  0.526696906184947     
  0.557121866419685     
  0.527815506682443     
  0.461636767951301     
  0.476268839787905     
  0.530156592759569     
  0.467337936853909     
  0.440182294580666     
  0.464300453171128     
  0.524800187237567     
  0.565670070403005     
  0.500936330574164     
  0.510803821248029     
  0.485051335309448     
  0.521435996078466     
  0.487668954078154     
  0.479632658724646     
  0.438533900568754     
  0.456610488554560     
  0.493556615619907     
  0.543189709036847     
  0.500674853989850     
  0.532684056657635     
  0.485522445537121     
  0.502852553629897     
  0.431874997224936     
  0.487926957395891     
  0.497140774533236     
  0.535991690392778     
  0.442295740425214     
  0.553758893186006     
  0.558224819953120     
  0.501211510024530     
  0.518202939824184     
  0.502998129620780     
  0.509508902426851     
  0.533710637084605     
  0.484471820174183     
  0.524978130882510     
  0.438671585366419     
  0.499353246685044     
  0.513314648042297     
  0.497878298069717     
  0.531587732390916     
  0.488878508993304     
  0.543615768571531     
  0.535817583924823     
  0.532587895371482     
  0.489045175532382     
  0.521009247709851     
  0.527245242234309     
  0.495954319541539     
  0.491071963680564     
  0.497590891225237     
  0.488892303561607     
  0.512375060581131     
  0.489682603471847     
  0.487349216659607     
  0.498511224245787     
  0.434692929751708     
  0.423468019590773     
  0.560883446526400     
  0.526190239333555     
  0.526690202202640     
  0.454233261416197     
  0.506119706262499     
  0.491530071354196     
  0.553794560333621     
  0.451726999816341     
  0.518868024941092     
  0.544013505097468     
  0.491988728780592     
  0.515128001928352     
  0.473558599922090     
  0.503401528564605     
  0.493235667424538     
  0.473064046949890     
  0.447720920107795     
  0.520597933116314     
  0.548271749526538     
  0.472233532385603     
  0.514958509796053     
  0.459896425454306     
  0.519783021394661     
  0.495873895710563     
  0.530346326374103     
  0.535048440924157     
  0.556328924360886     
  0.532824568522707     
  0.455436676724759     
  0.446343471565498     
  0.526953271451699     
  0.466286671538298     
  0.496023829044720     
  0.512759965902103     
  0.521408668764356     
  0.492698326310222     
  0.505349223513472     
  0.478027928545052     
  0.530387518834902     
  0.493967708918291     
  0.451925220264172     
  0.530292295634363     
  0.515512179574067     
  0.453388019668113     
  0.516768126552931     
  0.613751298349981     
  0.486612162644469     
  0.546686588657211     
  0.517365333376958     
  0.502175832549691     
  0.470761937789172     
  0.450932781908393     
  0.595529814808136     
  0.466738364456957     
  0.521574545176161     
  0.465840510984993     
  0.515983507465567     
  0.472663129065744     
  0.552821282442645     
  0.575607149056220     
  0.498881057914864     
  0.506886533161534     
  0.528264089117434     
  0.496984457160487     
  0.481964349730754     
  0.500192076185303     
  0.469639120377853     
  0.468136665890757     
  0.517214387897367     
  0.609863389630620     
  0.504334578995717     
  0.533186376092443     
  0.502121071500317     
  0.508803287519795     
  0.464201259768521     
  0.481980963867747     
  0.563640836125128     
  0.467111735546125     
  0.484985171479797     
  0.484669118245308     
  0.514783270920096     
  0.530967341694120     
  0.432478313401117     
  0.505300800811128     
  0.520635253789500     
  0.495990273714482     
  0.464992687853865     
  0.545451799490974     
  0.455526692167351     
  0.473740628262740     
  0.420323539178870     
  0.450776176014019     
  0.508376079918107     
  0.540986465079279     
  0.498070148840350     
  0.505785118045403     
  0.471986944821071     
  0.465384813129730     
  0.510579084595218     
  0.492186386343474     
  0.450974671963479     
  0.562835390940269     
  0.555674731412372     
  0.493011008100121     
  0.476201651155303     
  0.513732108713278     
  0.409530812491719     
  0.527629748815920     
  0.518034988012400     
  0.502236300207851     
  0.503323025884818     
  0.510243881291047     
  0.539361637761301     
  0.528678945192058     
  0.571776475971994     
  0.508500369199633     
  0.489457553920301     
  0.466126757893621     
  0.479793412163017     
  0.547279407165994     
  0.518261540172457     
  0.533994751785994     
  0.499153777909771     
  0.525234147684992     
  0.498547544923776     
  0.484578418850792     
  0.556772263488854     
  0.472210872538121     
  0.496500607313020     
  0.429893738018238     
  0.534536099366129     
  0.481990248791539     
  0.507476849241327     
  0.519417564280331     
  0.517325289682567     
  0.513308229380421     
  0.555433000762190     
  0.543169161242173     
  0.466645757925870     
  0.506871446861542     
  0.469147488753712     
  0.487855890095059     
  0.475021206857274     
  0.534672631497113     
  0.470786340102340     
  0.528760348585001     
  0.494473487392315     
  0.504212331500061     
  0.473395270469172     
  0.554998192082370     
  0.528072656708441     
  0.495949779551380     
  0.509473855581883     
  0.525749991119334     
  0.541907621329565     
  0.457127789007959     
  0.464214357052738     
  0.517622272890125     
  0.396509591021097     
  0.493313848487597     
  0.497925206516853     
  0.449445924888031     
  0.504892200191155     
  0.471555694087137     
  0.448375396063587     
  0.452314827339837     
  0.539525868045741     
  0.540202471199154     
  0.482853447415623     
  0.520703804902021     
  0.465907377536480     
  0.237014552242171     
  0.308295449060829     
  0.235699537314187     
  0.261824676034663     
  0.220682793140633     
  0.280817864145670     
  0.248019410091858     
  0.254592627642621     
  0.283905189273228     
  0.280995059257824     
  0.221890061699848     
  0.250814582936083     
  0.248035317316999     
  0.254349574058809     
  0.297130495889621     
  0.216518811265997     
  0.234065962252527     
  0.232539737196830     
  0.241451084828702     
  0.271971319713683     
  0.261717985075417     
  0.286117519429223     
  0.189330527803018     
  0.296077446077073     
  0.274766025826242     
  0.227178618829073     
  0.208315081968799     
  0.254136625978309     
  0.219766984269891     
  0.251283427725587     
  0.295454318449069     
  0.293390044774940     
  0.233714830165822     
  0.250679758114345     
  0.326331121346731     
  0.278012062109849     
  0.243594988836087     
  0.208058446663341     
  0.235279632110200     
  0.228845307438391     
  0.226825714964840     
  0.295142963919391     
  0.230670932459094     
  0.262824916141656     
  0.251369572303624     
  0.246507893851387     
  0.244067246276347     
  0.200654477794436     
  0.240236703309439     
  0.235155683370888     
  0.250603175451021     
  0.234851139023312     
  0.225605729591290     
  0.193719562104886     
  0.291877585018507     
  0.253797775973420     
  0.235606882305699     
  0.248270376708021     
  0.269908211076239     
  0.279572718832182     
  0.216741810815571     
  0.252593834227124     
  0.221805676943262     
  0.247322701247058     
  0.271453716626162     
  0.280642336902725     
  0.276886770066210     
  0.220952938493551     
  0.244656726894317     
  0.254084457320094     
  0.261289532365726     
  0.216492132665523     
  0.258857741421110     
  0.200638693650778     
  0.263971662613132     
  0.234520615675097     
  0.244619601454073     
  0.226337117415966     
  0.235434042624574     
  0.234811386545758     
  0.260342779184150     
  0.248055682145570     
  0.236461687234051     
  0.270608765716592     
  0.238533671096852     
  0.280082970243296     
  0.251313144602296     
  0.253740737383153     
  0.251167454934583     
  0.224965627294994     
  0.256364612617631     
  0.252024655663625     
  0.250242546709334     
  0.271827848699427     
  0.247431649862006     
  0.280386409523804     
  0.285599055179396     
  0.269581808698952     
  0.236646104656632     
  0.228203936911944     
  0.226390798791303     
  0.238014923481726     
  0.252099052812944     
  0.299705059444824     
  0.227044376358692     
  0.281254895670946     
  0.252362264591987     
  0.216547296518971     
  0.246815616728783     
  0.264840657805091     
  0.235874619096092     
  0.257313193424233     
  0.221817488208110     
  0.202423420430320     
  0.241102309713738     
  0.298828832455628     
  0.244629895735478     
  0.275256741316369     
  0.213895834029761     
  0.248462519175034     
  0.231028035944663     
  0.291884770390148     
  0.236887201193398     
  0.279693689383094     
  0.214418470544503     
  0.253350762888491     
  0.253794817405944     
  0.241614651237702     
  0.278693573860726     
  0.232699841146852     
  0.236616668115533     
  0.253739530880840     
  0.225567860046198     
  0.307381913457446     
  0.262234131465058     
  0.235815723469414     
  0.247166811090755     
  0.274745294868120     
  0.304564924942170     
  0.219049522517222     
  0.244007644630183     
  0.232192098467751     
  0.294561304223971     
  0.251791947012877     
  0.242495002371803     
  0.310528713221111     
  0.254672733012100     
  0.263591512225769     
  0.208362115683803     
  0.212255758043611     
  0.258469205561119     
  0.259082923840214     
  0.273838884247453     
  0.273063741235906     
  0.246034107838245     
  0.291685021430643     
  0.228871601504481     
  0.273651195825834     
  0.300154540751991     
  0.252064689814953     
  0.243269347388532     
  0.225257412913044     
  0.292775843335871     
  0.248664073260061     
  0.240645163093594     
  0.251099857423632     
  0.245185466594588     
  0.237418653278642     
  0.274092504807239     
  0.240735168335372     
  0.241880334824885     
  0.268415153660194     
  0.251516450113509     
  0.243238597692098     
  0.251726688141366     
  0.228244737096399     
  0.241137361436550     
  0.229152992769791     
  0.213604695250466     
  0.286334381456745     
  0.205532809978294     
  0.250533098593719     
  0.228354554326873     
  0.209558087223326     
  0.261227017855889     
  0.205575243335094     
  0.277943679151855     
  0.227114929672746     
  0.261167850372134     
  0.245647560187050     
  0.300574047731395     
  0.265033333258790     
  0.243534586906944     
  0.294116676132294     
  0.249439808452700     
  0.261500192289346     
  0.270014339088273     
  0.257642082874422     
  0.257917919641298     
  0.220324620940352     
  0.224667716813242     
  0.238612974960838     
  0.278544980959114     
  0.251738462628369     
  0.264403870415788     
  0.252986362124051     
  0.220346339856542     
  0.287736428308939     
  0.222879505524214     
  0.277639525760236     
  0.259213205514452     
  0.239992339101414     
  0.258919501852064     
  0.233211121647482     
  0.228912174859295     
  0.217656992236391     
  0.238680465261990     
  0.258633247075114     
  0.213765355854393     
  0.261091680824396     
  0.251170267491774     
  0.238665845061169     
  0.275598932587181     
  0.258832873625788     
  0.243731193265914     
  0.217213204087891     
  0.217353670568289     
  0.251141722265119     
  0.272630642436881     
  0.219725716338365     
  0.259565683040342     
  0.200167628357896     
  0.209975263383145     
  0.259426972492267     
  0.237419112607771     
  0.250410477724044     
  0.242016854862373     
  0.241580707068628     
  0.246380952062726     
  0.251091107460210     
  0.263649018202516     
  0.269843731756142     
  0.241516626108425     
  0.248977362500524     
  0.235877586492036     
  0.256250476648573     
  0.281342819557654     
  0.211613331053224     
  0.228160544987987     
  0.233149125132549     
  0.213805073532333     
  0.253899117943034     
  0.249697240736161     
  0.251775000317338     
  0.253385823620377     
  0.232451615106170     
  0.238202325091351     
  0.240597806850975     
  0.209214975555694     
  0.210668838893029     
  0.248714523071835     
  0.227411879431293     
  0.235335637232507     
  0.230546878723823     
  0.253484624867962     
  0.249895621165667     
  0.264088324303448     
  0.241816340894460     
  0.227848594518134     
  0.269623780669259     
  0.246986636092583     
  0.292966705984433     
  0.254697921007987     
  0.271968867504171     
  0.220275387175466     
  0.182971461340747     
  0.260791780635453     
  0.196139468355034     
  0.227625763843724     
  0.214096286783195     
  0.217447666012905     
  0.245641117920253     
  0.279162384374834     
  0.257945246197053     
  0.247720448560292     
  0.248893686889125     
  0.212890265727401     
  0.256009575032382     
  0.271981404599395     
  0.275294698586502     
  0.251088235735320     
  0.216655593282447     
  0.238659682732713     
  0.266494661498137     
  0.258660988024506     
  0.176151403044269     
  0.249548310228198     
  0.267442092512736     
  0.257690259177147     
  0.279564409375896     
  0.214514027234066     
  0.225168102051609     
  0.233502615291136     
  0.230161823090869     
  0.220428426288984     
  0.208005229862740     
  0.259606306250421     
  0.272439495918438     
  0.244078883166899     
  0.201182802554783     
  0.251455853394050     
  0.223797045787689     
  0.251020653452923     
  0.279708140058590     
  0.231116349099649     
  0.260872425575737     
  0.262460674841528     
  0.294936750809002     
  0.231984937190340     
  0.213089055235148     
  0.277517914370155     
  0.233358354177027     
  0.228593072635709     
  0.251663885640548     
  0.263276738777977     
  0.283662607888055     
  0.298466648094340     
  0.253963506698323     
  0.242039782465704     
  0.249313019411653     
  0.262272244056982     
  0.250204879733227     
  0.254176513850020     
  0.261541117906784     
  0.252382014428047     
  0.193876750691685     
  0.272434007299464     
  0.242043360916112     
  0.270130339196779     
  0.258224232855635     
  0.260044991637693     
  0.249933941000391     
  0.209000711905499     
  0.285318996370011     
  0.209320647715563     
  0.223341130311897     
  0.264260042316835     
  0.258212853274972     
  0.197024806287251     
  0.214264625965186     
  0.276294587987573     
  0.217681026864369     
  0.248254368313600     
  0.249437966983358     
  0.241388652964593     
  0.294510071224602     
  0.284220705799590     
  0.269339909404136     
  0.284054474907230     
  0.236829115393339     
  0.211512335962415     
  0.198028866634535     
  0.224164168549542     
  0.315748847097365     
  0.250042140481170     
  0.250591557908692     
  0.177117139163195     
  0.223483810258208     
  0.275686474284022     
  0.268310639806733     
  0.223806604566156     
  0.231755223719578     
  0.241732654283213     
  0.259097598847059     
  0.252384148432777     
  0.266079687215254     
  0.225715525343422     
  0.255405722441331     
  0.239854760267909     
  0.285830124908564     
  0.271571865404324     
  0.280146595926728     
  0.241552492984174     
  0.259032309632969     
  0.234396457143877     
  0.181882804182498     
  0.263900003096591     
  0.256130899194473     
  0.241651824432183     
  0.253636033851006     
  0.264749847986320     
  0.274680870810331     
  0.252012063835122     
  0.243149688048135     
  0.220394789749245     
  0.251280778687392     
  0.235325492287941     
  0.245399873583199     
  0.237991018537387     
  0.287105362093182     
  0.247893958030033     
  0.214326487712678     
  0.265876197037651     
  0.229840793737327     
  0.243128841115273     
  0.260663212359974     
  0.270008781355233     
  0.225822747840471     
  0.230231523985483     
  0.227225131322526     
  0.230021442467564     
  0.241542158009744     
  0.237411659929344     
  0.237886519698974     
  0.218303932804588     
  0.259820434133352     
  0.238628815754089     
  0.251979244070694     
  0.241688576212438     
  0.215742482361974     
  0.235858660959873     
  0.246693763998027     
  0.228973754166465     
  0.244642330180599     
  0.256783176316799     
  0.237670877550965     
  0.250079555177136     
  0.277348541867420     
  0.257574930182880     
  0.290471293544479     
  0.268093607605661     
  0.253268334585140     
  0.255999887286903     
  0.237998041087010     
  0.271512155934147     
  0.247350011398342     
  0.227715994525395     
  0.252485183772984     
  0.250992855553385     
  0.253974295394495     
  0.286162312580494     
  0.182426402429878     
  0.217404036385150     
  0.239273337443855     
  0.221743498471256     
  0.227829339854392     
  0.233434937167987     
  0.281391187620972     
  0.299185209467329     
  0.248912531201181     
  0.229039562288688     
  0.230032693823055     
  0.225473304555222     
  0.264682714908595     
  0.198136921495696     
  0.273440567999926     
  0.243096402148296     
  0.241672219359625     
  0.276375821014643     
  0.220573306616413     
  0.252344223440816     
  0.267052142784514     
  0.235977312371194     
  0.275160181087377     
  0.265689562208631     
  0.248907614167291     
  0.220642010439449     
  0.240125152719847     
  0.258737794971450     
  0.293482447226328     
  0.221509124037038     
  0.222806580811075     
  0.294578745194006     
  0.256925921427717     
  0.268525030992111     
  0.283559886152151     
  0.222116278869477     
  0.201567792139127     
  0.223487277129040     
  0.267673604072270     
  0.257922636591301     
  0.295667273301019     
  0.313390664068656     
  0.253315686687436     
  0.222120259913995     
  0.213851268746962     
  0.241112648950166     
  0.277651474950636     
  0.283521143245377     
  0.275073564699650     
  0.216152634929042     
  0.242952617876732     
  0.300237921971799     
  0.200150033952992     
  0.285740409503301     
  0.240213781230739     
  0.254131480928234     
  0.262157829945023     
  0.260234059836542     
  0.221096900630775     
  0.241049545834824     
  0.254481125604987     
  0.249065382294845     
  0.222968931328883     
  0.233007786146819     
  0.242114781753639     
  0.239573627698454     
  0.215799367402639     
  0.245364637610758     
  0.248364748758989     
  0.261756872005988     
  0.201519778516238     
  0.267869229592622     
  0.269705843726023     
  0.231943576185520     
  0.261052286194568     
  0.260855398259399     
  0.259158199555464     
  0.278647261450002     
  0.276486127024207     
  0.231191910283975     
  0.230795404903041     
  0.247394743617930     
  0.271962395534301     
  0.221443798116133     
  0.230702348639500     
  0.250993284500065     
  0.232038046679550     
  0.243981841118825     
  0.270615525275364     
  0.234800080288181     
  0.280433006254731     
  0.233595142068112     
  0.242156348578543     
  0.274682523051716     
  0.199874875871947     
  0.230317515799410     
  0.254533395740150     
  0.240977878395288     
  0.213470627293029     
  0.237386305703214     
  0.214923988380934     
  0.239488854342017     
  0.267093685475605     
  0.213018277025549     
  0.228505374861649     
  0.249091449433770     
  0.251396393253267     
  0.230170942744062     
  0.222882967822127     
  0.283589333319186     
  0.320958642524949     
  0.247783229359427     
  0.269258504363106     
  0.299110487689434     
  0.228351435702791     
  0.241024433709021     
  0.245250323473249     
  0.223773285719464     
  0.265727321488330     
  0.247283065323369     
  0.253563204197028     
  0.292721686844879     
  0.282039927011889     
  0.278865677523856     
  0.229517438599790     
  0.229729281206958     
  0.246294396522534     
  0.243045481669807     
  0.310389023301353     
  0.233815547317101     
  0.278151176811947     
  0.231948961094031     
  0.274453873008249     
  0.259212577793698     
  0.281484537326749     
  0.258758846533944     
  0.217239884020275     
  0.214190865177670     
  0.217347431226586     
  0.223253814977412     
  0.240739574081371     
  0.255823318136702     
  0.227403151414486     
  0.216770319900975     
  0.296165675565110     
  0.218098470643002     
  0.254757463090238     
  0.237729701673144     
  0.280848601409444     
  0.306239191505245     
  0.269711696492785     
  0.294072752280769     
  0.262427453716321     
  0.245545555080431     
  0.207312242269055     
  0.298743523922454     
  0.251957444886638     
  0.223272166404639     
  0.266224502251444     
  0.274611037566292     
  0.281180941536329     
  0.290369283422515     
  0.207637886663782     
  0.268345456845294     
  0.266818849030224     
  0.275963975465836     
  0.241059382302139     
  0.247594099458140     
  0.251401573811954     
  0.259164472678600     
  0.244513367523912     
  0.212588670060967     
  0.240607257094521     
  0.223568517523777     
  0.214805900497697     
  0.310544538921476     
  0.277251235168332     
  0.238801377455255     
  0.240563049915070     
  0.214699992362143     
  0.229440121689925     
  0.231405912874725     
  0.216225512373341     
  0.291624788673521     
  0.225011044617634     
  0.296255658799401     
  0.233422579757779     
  0.233698224946764     
  0.250341717900956     
  0.245264194622219     
  0.265605691826619     
  0.232432374118712     
  0.241244710529219     
  0.257919760533605     
  0.259470718954982     
  0.235304408336481     
  0.229516064163165     
  0.268626845838620     
  0.243983313760299     
  0.255997653896113     
  0.240382018897554     
  0.243477177533195     
  0.287272674765071     
  0.273493405367677     
  0.257670836832922     
  0.221134702960810     
  0.257372588104539     
  0.267302802575494     
  0.277317320512583     
  0.239380720137855     
  0.242331314412225     
  0.275074405248361     
  0.246833932572131     
  0.266188530491315     
  0.247627314505681     
  0.209828151959028     
  0.237607883474265     
  0.269815239288190     
  0.248999796111970     
  0.278556290719698     
  0.228726328368314     
  0.276276194605531     
  0.225014578600645     
  0.284254822775464     
  0.252018982992889     
  0.245691175087278     
  0.268052890528157     
  0.243414072885178     
  0.253414936945975     
  0.216816805471041     
  0.261644112765522     
  0.236550732975810     
  0.246196945089318     
  0.259453500537505     
  0.226637658341977     
  0.223543273667139     
  0.225805952231638     
  0.265360681678160     
  0.271852898943095     
  0.217834416931831     
  0.247194699066059     
  0.268111761261372     
  0.203464328740144     
  0.229013943621296     
  0.254568215760144     
  0.246943106409129     
  0.291669753582432     
  0.248408776882788     
  0.228107973101509     
  0.260499348690056     
  0.295890397109005     
  0.212762458345708     
  0.214819961804908     
  0.255493697782440     
  0.261571396999875     
  0.252395981962304     
  0.274186503045368     
  0.241208794332329     
  0.238208166285011     
  0.191383356252565     
  0.251156945172192     
  0.160726143231187     
  0.232894570271556     
  0.260253221200607     
  0.258272978991599     
  0.221561139801182     
  0.271627564772840     
  0.249362145704744     
  0.237210418512410     
  0.289790602623007     
  0.269863008207964     
  0.276712936420224     
  0.248341549961343     
  0.238310700391797     
  0.223784198272990     
  0.307609823868607     
  0.287607576101336     
  0.243236068008576     
  0.212790495381783     
  0.251469862736994     
  0.252691797159000     
  0.211243119126446     
  0.254252509766799     
  0.239699287733405     
  0.229260288571467     
  0.237032696601426     
  0.251333558934478     
  0.254984114785292     
  0.199669646287044     
  0.271880258133529     
  0.224768223256678     
  0.258453831563603     
  0.222594926525071     
  0.232954389030250     
  0.246205844672158     
  0.245591319242958     
  0.254972967314729     
  0.242059696570240     
  0.245513599783630     
  0.240045218340816     
  0.257481672145211     
  0.198094799485182     
  0.286640672035734     
  0.253977659021340     
  0.279610167731150     
  0.204848045957414     
  0.271798562070364     
  0.239186058554446     
  0.250321183225661     
  0.280047093984725     
  0.242767055531014     
  0.204468995543028     
  0.280647513523914     
  0.219568795938872     
  0.299194512268948     
  0.232509179015903     
  0.206134459484530     
  0.210589111226924     
  0.256998035437854     
  0.228515885579431     
  0.266170095163945     
  0.246571278058813     
  0.213803328027744     
  0.244901396495593     
  0.272199752000048     
  0.274313005160155     
  0.274072103859347     
  0.274618989724309     
  0.293771315261927     
  0.234225938414208     
  0.244340832195200     
  0.230336118624715     
  0.255176509226886     
  0.230703794192389     
  0.237298259578436     
  0.271514461213642     
  0.285529018892680     
  0.218107648277691     
  0.260104810482511     
  0.232189549305222     
  0.259969642697187     
  0.233585434163562     
  0.228227846039739     
  0.255850621173091     
  0.230310052938257     
  0.207667572987732     
  0.282011937861698     
  0.253334849849179     
  0.264462142012165     
  0.276724290046284     
  0.243955949671771     
  0.236715693366193     
  0.273579490897678     
  0.250228477499627     
  0.250400218235069     
  0.234403731725425     
  0.251394534407165     
  0.242318065081076     
  0.236699563238431     
  0.284159779628312     
  0.260624783178298     
  0.223672039698284     
  0.238662032831943     
  0.253580820024257     
  0.277206881495922     
  0.276345507412786     
  0.268879926499665     
  0.281775428676930     
  0.255694326605737     
  0.253958564888789     
  0.244895864153645     
  0.221588155331409     
  0.291712371103776     
  0.264636853265301     
  0.227825927253135     
  0.278406766498520     
  0.268557054288491     
  0.192906398488021     
  0.249271007379110     
  0.251202773038079     
  0.237234686170244     
  0.253777599300065     
  0.278244771897960     
  0.299730819931815     
  0.233119768608322     
  0.196465932918728     
  0.228006850542678     
  0.246740193322026     
  0.265502359981998     
  0.249337683302968     
  0.264077642036885     
  0.262719338193026     
  0.221330376435380     
  0.208917189603006     
  0.277454508210301     
  0.290456633068965     
  0.258926228723773     
  0.250001498220316     
  0.291649402565739     
  0.259340616837074     
  0.268576875450014     
  0.286269160663782     
  0.315053974554047     
  0.277271291522953     
  0.228524352142836     
  0.265300097999876     
  0.210890009117462     
  0.267167774190265     
  0.258840739540561     
  0.226157101632019     
  0.243699050148134     
  0.296327678610005     
  0.213094257376625     
  0.231872698108825     
  0.242744961176896     
  0.236833452660230     
  0.210452850713208     
  0.234038202535812     
  0.226144869300683     
  0.300168473592810     
  0.322832918485024     
  0.232732550582458     
  0.220933390273130     
  0.264144512979010     
  0.226757234715965     
  0.194319930380061     
  0.206670136504890     
  0.291223407689792     
  0.284141578486755     
  0.260824886710023     
  0.236249084571297     
  0.264081401429551     
  0.199657799350000     
  0.235303512266229     
  0.253865832535467     
  0.287057945505915     
  0.233755884496789     
  0.268223474036904     
  0.210491174009171     
  0.262874935419687     
  0.258158044021874     
  0.254853679270715     
  0.263721072844625     
  0.230098377116766     
  0.251633342402025     
  0.230192437569432     
  0.262385371816324     
  0.218176736337794     
  0.246532443436001     
  0.220883279656955     
  0.220426977352606     
  0.262407433715489     
  0.242858972005560     
  0.243233641773723     
  0.233081431859413     
  0.255835925865727     
  0.227754931351814     
  0.264050013240620     
  0.251162170385537     
  0.255337122462269     
  0.290515805566554     
  0.219471139824964     
  0.263474928920271     
  0.216867826536367     
  0.240425940954669     
  0.229371960765641     
  0.288120456605481     
  0.247636733521787     
  0.252890147409047     
  0.224071437433823     
  0.243849351886818     
  0.281131849342691     
  0.221050765206847     
  0.248989752160616     
  0.219385714752875     
  0.223806776783734     
  0.233777066838010     
  0.273924472114402     
  0.255267080401157     
  0.269887871933955     
  0.262775466014984     
  0.274247849169088     
  0.267027401531672     
  0.250177606264033     
  0.281530388187040     
  0.284488127196552     
  0.214837264921993     
  0.246368527589500     
  0.273417828177800     
  0.263632020869868     
  0.261085697447357     
  0.241677636699680     
  0.263596244005880     
  0.261821017218553     
  0.232282393205534     
  0.265960548732389     
  0.227531680661514     
  0.247694440142747     
  0.255148208840277     
  0.234540304761888     
  0.253074646726656     
  0.260020654617654     
  0.224593513832498     
  0.246269121565153     
  0.239483604224006     
  0.225060191699782     
  0.231401629810098     
  0.249986875329486     
  0.271137120778725     
  0.247545579892319     
  0.318198505674903     
  0.282896248638713     
  0.175062756153807     
  0.229221125623926     
  0.246614463392402     
  0.213574416162961     
  0.261133558972476     
  0.218277363631610     
  0.281081521264177     
  0.221042020180337     
  0.249750823064567     
  0.224700779424751     
  0.263035099459810     
  0.241681177041484     
  0.260096855049427     
  0.242753909701077     
  0.281328865042069     
  0.261682961499304     
  0.247350107234914     
  0.270641803616527     
  0.253663538213324     
  0.302861325349222     
  0.212093806532760     
  0.234632265081890     
  0.274394877822558     
  0.263282502872768     
  0.243237297244760     
  0.239064331847402     
  0.211325484031465     
  0.220317218577153     
  0.235545734539533     
  0.249887997204748     
  0.251097046450926     
  0.258154857607915     
  0.251275136719257     
  0.268043000992727     
  0.240165150430238     
  0.243596410731512     
  0.233078924817555     
  0.239613242665096     
  0.238932245820419     
  0.228158388159984     
  0.251194169249225     
  0.239898418435366     
  0.266663789963522     
  0.281287614677833     
  0.262836178670459     
  0.264444251439515     
  0.257175028259693     
