  0.515812146425971     
  0.492153620225312     
  0.536257681639881     
  0.537702183679767     
  0.520295806857955     
  0.476028523432846     
  0.459449265131056     
  0.484761978440456     
  0.463863684077948     
  0.504383376527134     
  0.417823682909512     
  0.534489036484032     
  0.563933459466280     
  0.536319901983285     
  0.588996375656859     
  0.456729290838599     
  0.524161082056930     
  0.503585092867708     
  0.505740518990294     
  0.538214679140874     
  0.511189481456990     
  0.450935327042117     
  0.501481951089778     
  0.494058986218270     
  0.472369058311612     
  0.498708991563433     
  0.464714438689725     
  0.500030700293243     
  0.499274127204209     
  0.488186892617548     
  0.459920578693358     
  0.485300746914399     
  0.487902606848975     
  0.526928306705879     
  0.518286586490706     
  0.523425544259829     
  0.526716494438556     
  0.493005558457291     
  0.462565012928384     
  0.480360973478943     
  0.486276100593342     
  0.473008339602122     
  0.510186311382558     
  0.487205628394741     
  0.499685470249582     
  0.504043269615374     
  0.504537483801301     
  0.495097020001902     
  0.446909336106573     
  0.535296620298658     
  0.549454961893996     
  0.538098107786537     
  0.530080954509616     
  0.541191087711187     
  0.529244366431564     
  0.541783061352026     
  0.491583457271791     
  0.497737237491830     
  0.458201244675694     
  0.516895132876117     
  0.576419957203171     
  0.512141333527733     
  0.446610316925774     
  0.499017140549359     
  0.466960950681244     
  0.513733429972403     
  0.519912403311743     
  0.503320511842187     
  0.510993842023153     
  0.482132654512209     
  0.519200487706135     
  0.498979379918022     
  0.489317169146890     
  0.440627563539291     
  0.548461342076416     
  0.465906641206287     
  0.453968524468026     
  0.419322360165941     
  0.530854206748813     
  0.543278621502471     
  0.441095085502608     
  0.463603532303181     
  0.470897347166035     
  0.521390341023163     
  0.507597967851541     
  0.543489089076033     
  0.532417012642880     
  0.496721467245611     
  0.500543484473342     
  0.569635738624981     
  0.468733937173287     
  0.564105005200659     
  0.490571063761575     
  0.489240119787716     
  0.506111774732270     
  0.493282654456314     
  0.475414993555823     
  0.510932115060830     
  0.541066552521803     
  0.476233947703923     
  0.480557983924944     
  0.491050173269733     
  0.460671895894371     
  0.505565790049813     
  0.533684353814965     
  0.473964934241864     
  0.543277139618785     
  0.521489687303834     
  0.506159087663630     
  0.541013265181591     
  0.548061790305396     
  0.492601987400913     
  0.429943733757383     
  0.544559398106261     
  0.498480140876154     
  0.488052460636423     
  0.556368843211133     
  0.516952057156399     
  0.439093134335006     
  0.491409427816671     
  0.504357506318269     
  0.456813143947803     
  0.501718767213189     
  0.458909752848979     
  0.482273945496473     
  0.530830760918265     
  0.471258597788504     
  0.525247830978608     
  0.548545931910096     
  0.525502143568403     
  0.426539828224545     
  0.533341939441728     
  0.579757738747284     
  0.509982295265326     
  0.480319266241401     
  0.525191752802070     
  0.534272259042161     
  0.482286221125775     
  0.516830089622373     
  0.488081152849071     
  0.489457593917858     
  0.445624500068547     
  0.490882255649106     
  0.552649623333092     
  0.469226027403003     
  0.533285994713268     
  0.418543794865271     
  0.485465563441599     
  0.500123205878709     
  0.468202068430945     
  0.546497272365632     
  0.502146757863337     
  0.479473409864895     
  0.504511120512202     
  0.499580429955910     
  0.403057475284622     
  0.563004081720677     
  0.530854849790605     
  0.501530481983015     
  0.457344623501826     
  0.509935385263713     
  0.516659804670308     
  0.522979656280133     
  0.508398733154887     
  0.472991703688244     
  0.550072799878648     
  0.494336836129946     
  0.436848414408338     
  0.517707238704579     
  0.532220992055222     
  0.524238182761867     
  0.490133868461715     
  0.462637199871856     
  0.495813829045956     
  0.510827324290635     
  0.479378933783030     
  0.522165251420284     
  0.490084239900357     
  0.475046705129134     
  0.541412612163244     
  0.443285983948528     
  0.501064724212648     
  0.472086962419731     
  0.544008718540319     
  0.487404927268360     
  0.503771322919489     
  0.502940510639338     
  0.491210375304616     
  0.491183774966689     
  0.581288963608212     
  0.481163668870826     
  0.548236346184087     
  0.534396439072726     
  0.516157643163280     
  0.478722151113978     
  0.481039029066116     
  0.492294247228518     
  0.477649969374866     
  0.479140381179089     
  0.471305641124615     
  0.555037778405927     
  0.482227820960224     
  0.508717399899471     
  0.499624406643695     
  0.488258705292477     
  0.503595969271564     
  0.535136211930622     
  0.510225655998962     
  0.483443009920488     
  0.580159022111393     
  0.528120742736385     
  0.571993009697831     
  0.464487742640832     
  0.507750180839839     
  0.480942654488741     
  0.542055882184416     
  0.467717590651504     
  0.449969936311716     
  0.545583398762941     
  0.498033059265579     
  0.495901073664788     
  0.446018663257173     
  0.499858892687610     
  0.459702609782010     
  0.477637044034595     
  0.492562953193991     
  0.496184522318272     
  0.512082302647368     
  0.480275881796838     
  0.550506330212094     
  0.539744361689972     
  0.565661444876916     
  0.482595005277637     
  0.537649845135917     
  0.463909395776267     
  0.485646111709061     
  0.479263858056658     
  0.493114799717760     
  0.533379757255457     
  0.506335449792557     
  0.452851407510311     
  0.490467339129874     
  0.513235196303313     
  0.441957723673022     
  0.446813400754793     
  0.536803266545677     
  0.480294751256134     
  0.434958377144140     
  0.455240275187614     
  0.570829631772564     
  0.422783809233103     
  0.455203600262741     
  0.492787742763951     
  0.515114540013098     
  0.507955218042574     
  0.553832088155152     
  0.557463125014666     
  0.479320144139510     
  0.518343686387064     
  0.442211787331324     
  0.520015943450306     
  0.453534342827522     
  0.504926740889767     
  0.515312939200012     
  0.499599601022849     
  0.524937924987398     
  0.572945648801445     
  0.504560989238588     
  0.528125759129494     
  0.506540833711837     
  0.512737968082627     
  0.452594556725814     
  0.488245700639505     
  0.541716623969407     
  0.479795876168003     
  0.555413418105936     
  0.412169385551519     
  0.483821789033467     
  0.474319354440695     
  0.490015215055875     
  0.492693942259141     
  0.516486572836253     
  0.440964214454139     
  0.515590759040929     
  0.486967432885927     
  0.465051448073831     
  0.522065257675831     
  0.532492825875546     
  0.511484467460053     
  0.457526875355186     
  0.530394350286745     
  0.528167243886465     
  0.493557204588860     
  0.434410779900397     
  0.438755713577794     
  0.561182831067523     
  0.517079033698837     
  0.500200961081898     
  0.545736926397542     
  0.415507202389074     
  0.469754280744666     
  0.510912636706744     
  0.494329453583983     
  0.588865324132628     
  0.555644644642383     
  0.544280696833042     
  0.495954125610330     
  0.507301001389209     
  0.497814668023016     
  0.497676428052492     
  0.509766116158140     
  0.506845269576651     
  0.450617352015404     
  0.516901610783565     
  0.487650427183596     
  0.552452687089294     
  0.481469583730749     
  0.505582753810861     
  0.536999772891193     
  0.528991976540807     
  0.490123421698708     
  0.532873627571442     
  0.584422429136542     
  0.496088925796121     
  0.488616419820080     
  0.510323227367932     
  0.467677197522901     
  0.534014449831050     
  0.489058343731583     
  0.418484434131723     
  0.471225976247578     
  0.451941671239822     
  0.498328661777737     
  0.471669194780016     
  0.499235440273311     
  0.467893991897746     
  0.515804002499339     
  0.487313163473709     
  0.588718410153280     
  0.538240048384165     
  0.522221225563153     
  0.508540800363349     
  0.485068748748712     
  0.479166362221729     
  0.494997356835682     
  0.542331713249997     
  0.477594908325163     
  0.489311362432841     
  0.514183260455909     
  0.535668732716614     
  0.541286154390448     
  0.410447240490808     
  0.521159973288194     
  0.426218449495987     
  0.516508750053443     
  0.439560471408891     
  0.479823892711607     
  0.476110356456552     
  0.493322359962809     
  0.487266300954860     
  0.471353975874956     
  0.487032566213338     
  0.495560972378150     
  0.528291550231124     
  0.510548646228188     
  0.469138956692481     
  0.506226304361157     
  0.491424563091118     
  0.528892833197725     
  0.532004740676108     
  0.548262036396692     
  0.545327869529070     
  0.495698001159130     
  0.483989536641380     
  0.443190832249267     
  0.494677843827448     
  0.536147580819206     
  0.503318232597044     
  0.507945502928812     
  0.462395183600309     
  0.483104744840967     
  0.522192977624860     
  0.470021800163835     
  0.498575708730783     
  0.498240002384004     
  0.490977961388148     
  0.552695069913071     
  0.440796850584963     
  0.518460616018267     
  0.528304544232325     
  0.485677739694810     
  0.465561529199052     
  0.519951663015074     
  0.500059107676803     
  0.546627780115604     
  0.523175290250990     
  0.565517415017765     
  0.475243167434843     
  0.560994787709558     
  0.444877980406245     
  0.545420626405282     
  0.462423740457484     
  0.504558109513083     
  0.456937803240322     
  0.488520552059493     
  0.457384885511286     
  0.519598298706379     
  0.421555110186644     
  0.483749288178923     
  0.461194238207067     
  0.493884128035855     
  0.494077584144051     
  0.412215781631983     
  0.570822764708733     
  0.499551190481278     
  0.455999671939491     
  0.503760231927346     
  0.579556470236142     
  0.513730047763380     
  0.508237651872709     
  0.485733001705969     
  0.408744269588846     
  0.451692567775965     
  0.505006395085359     
  0.543382903947391     
  0.562645789993335     
  0.578587990681261     
  0.473715245633757     
  0.468013182443545     
  0.427057505899378     
  0.483200477095231     
  0.555518173150139     
  0.485465239600237     
  0.500428998012633     
  0.503734693057345     
  0.435965422861902     
  0.463017367576074     
  0.410129102272918     
  0.515142740539443     
  0.544599398742702     
  0.440386648714434     
  0.492809642260541     
  0.431875098616128     
  0.452729406562560     
  0.438168222080946     
  0.588851391541694     
  0.500115855749494     
  0.475266300230961     
  0.518503419688598     
  0.508833121218470     
  0.518217808047471     
  0.475260905993616     
  0.476618119434629     
  0.536282795242718     
  0.529854658777864     
  0.454185675951610     
  0.535836532913254     
  0.512060010590211     
  0.497503184324036     
  0.498033670484148     
  0.452737181045318     
  0.468026348321624     
  0.444411529645125     
  0.561564462887472     
  0.472584016656126     
  0.526708952667399     
  0.490150823178477     
  0.458103060473850     
  0.458256999855276     
  0.459479979209738     
  0.510562274666941     
  0.386810430249265     
  0.526005301156485     
  0.417340667353418     
  0.493225078585141     
  0.565296795956933     
  0.550765141400600     
  0.489114920371248     
  0.556271124570942     
  0.501733955802305     
  0.500220642022598     
  0.473586831406799     
  0.498150816368810     
  0.505673031789259     
  0.478970179938503     
  0.529731765390983     
  0.490042564155653     
  0.527382934201896     
  0.532429813545958     
  0.546768596412930     
  0.580945260236950     
  0.523340899081803     
  0.472254931239798     
  0.504666379496789     
  0.517985334515193     
  0.541328978709613     
  0.515156498911920     
  0.523831096159831     
  0.530246640825078     
  0.463933668325248     
  0.546135939538776     
  0.513895773089449     
  0.467145857477808     
  0.502110132313075     
  0.536679710548863     
  0.497578561939543     
  0.492502155986638     
  0.487246779681720     
  0.458644174593635     
  0.501749945020420     
  0.552800627774957     
  0.505649245441455     
  0.553704677538472     
  0.531265545607016     
  0.464892400251805     
  0.490481481960420     
  0.517128289942841     
  0.514261321477773     
  0.429715820112569     
  0.465080989399713     
  0.461579463427335     
  0.515328298032657     
  0.476771008554255     
  0.510888600470985     
  0.537947993902958     
  0.482732000507001     
  0.508193534299697     
  0.484182807598066     
  0.498915635099759     
  0.541877126810919     
  0.535220622891267     
  0.465016845991468     
  0.470903515120018     
  0.546651626013496     
  0.508900694418130     
  0.506944072904058     
  0.506810618003578     
  0.590586164424357     
  0.475176696909199     
  0.491341117394283     
  0.498076699765304     
  0.532568628383156     
  0.492863505864150     
  0.448511189140179     
  0.508832427330355     
  0.500051283022711     
  0.528969204792254     
  0.563290755769466     
  0.467104163446120     
  0.506246750176767     
  0.447197406505611     
  0.421272319740825     
  0.468930832642369     
  0.520558370640100     
  0.482160347022495     
  0.476200424054545     
  0.467322856687948     
  0.436175761211302     
  0.501306569850028     
  0.447592075716291     
  0.495407023688225     
  0.521743369070688     
  0.451606622925923     
  0.531011720853148     
  0.522550922916654     
  0.473518327273771     
  0.543116361792514     
  0.465305821868175     
  0.464036550673244     
  0.468544153013822     
  0.460223131021946     
  0.478827056614714     
  0.490110551123781     
  0.482244369190521     
  0.531455461035342     
  0.540454616110475     
  0.581060569488909     
  0.437479028923699     
  0.530184204483536     
  0.563625926448682     
  0.488353849972131     
  0.504310375882771     
  0.435329562482483     
  0.513304626580423     
  0.573744601624360     
  0.495433473228813     
  0.558497321249464     
  0.515338533727189     
  0.537562592963873     
  0.486173667387475     
  0.468624701246273     
  0.460198029251005     
  0.448053185674366     
  0.441712089644422     
  0.443974093787409     
  0.467959483541152     
  0.491705978478114     
  0.537424822007428     
  0.546214850187117     
  0.504795452645447     
  0.494415653891245     
  0.509134923295754     
  0.501976377182740     
  0.463413832697344     
  0.528429344437143     
  0.502900824356518     
  0.490981997780888     
  0.471966937286799     
  0.443003202222115     
  0.494151660421576     
  0.449572427927203     
  0.493346136398517     
  0.496236578246303     
  0.492686633814134     
  0.515615774016319     
  0.470593104373048     
  0.566500798351847     
  0.494257981176644     
  0.480082575001814     
  0.465737502274426     
  0.483200572665850     
  0.517820338322935     
  0.513250940721792     
  0.508374891523395     
  0.579883470101828     
  0.511729775864573     
  0.478658431328423     
  0.442360607150913     
  0.546660342173161     
  0.545322995485162     
  0.421715569914182     
  0.504392693435939     
  0.491434159952025     
  0.458096402790636     
  0.497549593334398     
  0.512443666319700     
  0.522575745516456     
  0.498658216205205     
  0.537933895199552     
  0.496807825138428     
  0.486399700260319     
  0.487183151055224     
  0.476880522049620     
  0.434026977758235     
  0.558539214086495     
  0.452482571152717     
  0.476213632322626     
  0.481463614307220     
  0.584674925988757     
  0.435629790000483     
  0.496366845431507     
  0.533885082023652     
  0.536865445121722     
  0.453883539958488     
  0.510386056615299     
  0.522898429033624     
  0.575936350844328     
  0.551051573242262     
  0.547402345121634     
  0.513787908291759     
  0.533660702191319     
  0.492338744555434     
  0.502055336909204     
  0.532566430425080     
  0.545132468556262     
  0.460031014149368     
  0.510284486371474     
  0.476355036121461     
  0.446129327110026     
  0.506719659350749     
  0.426159254681523     
  0.436617134614329     
  0.538493423398382     
  0.532211087469206     
  0.526883451953894     
  0.509082961074507     
  0.492233747729594     
  0.538993639114885     
  0.491700316978996     
  0.482849584680163     
  0.511388200477111     
  0.572322477238470     
  0.527604458587630     
  0.455137251600264     
  0.520919971421394     
  0.517063174174420     
  0.575926747447146     
  0.506804750549783     
  0.492553397927459     
  0.476615431799433     
  0.552285914204678     
  0.520514248611224     
  0.455379030668897     
  0.573725807933834     
  0.508490099477061     
  0.515721197019815     
  0.538420041324142     
  0.512469414600834     
  0.524678108681297     
  0.500092214808688     
  0.482016194835317     
  0.506260392617695     
  0.447304364785804     
  0.465336000116471     
  0.535417025801058     
  0.490669687184369     
  0.512718902437121     
  0.529135666848362     
  0.545995670473112     
  0.509073691735130     
  0.582484396372172     
  0.525579873187758     
  0.530887217111994     
  0.514792208113330     
  0.525313951248857     
  0.476764867730091     
  0.506212341266448     
  0.519747796797178     
  0.480247460231504     
  0.517756796254933     
  0.472829507472018     
  0.514237137371883     
  0.583929436202147     
  0.488124817867471     
  0.496162107832827     
  0.439118176589026     
  0.498452209953913     
  0.500874010076891     
  0.473328434795332     
  0.482306268077812     
  0.506923718099781     
  0.506039555961216     
  0.488003312888174     
  0.490957449084491     
  0.527789629791095     
  0.498315544988421     
  0.550983637228535     
  0.497110313600797     
  0.458394043861141     
  0.429564904635660     
  0.501519255787600     
  0.473837220781284     
  0.465409573052506     
  0.466244218659609     
  0.587018931403963     
  0.500162235657475     
  0.476725273002764     
  0.479091083927711     
  0.580080454815432     
  0.464475288645853     
  0.481037332521126     
  0.498550177022271     
  0.483200398993999     
  0.445390727648579     
  0.453140530321144     
  0.528713145932893     
  0.511973441282732     
  0.487436472907880     
  0.498551931263108     
  0.503713606965023     
  0.483744175278781     
  0.476349941375105     
  0.501202153063649     
  0.493085022116265     
  0.444721068304737     
  0.502565472827609     
  0.535723680995777     
  0.478641628789096     
  0.434472275555544     
  0.443429930967531     
  0.528817455730440     
  0.510205914403397     
  0.500551209708442     
  0.507842985195113     
  0.501473872333780     
  0.484788883925057     
  0.480693905130400     
  0.530296846771463     
  0.501330767324033     
  0.504384601232129     
  0.482116448917295     
  0.509629838912098     
  0.492876063655354     
  0.425815822699540     
  0.485448383946952     
  0.444040322654465     
  0.511303027555382     
  0.442821992245332     
  0.536510131839377     
  0.495996558102583     
  0.463519840767326     
  0.544077304932925     
  0.571526615334969     
  0.530908842035548     
  0.532341751856328     
  0.555714117743766     
  0.469803158043580     
  0.488310143072553     
  0.540470385773195     
  0.466846811639316     
  0.521879233881596     
  0.410773915062667     
  0.463679521270355     
  0.516512875099758     
  0.504493796380289     
  0.463649564939237     
  0.483318995587917     
  0.503482029245292     
  0.455426697590591     
  0.523039350433187     
  0.455289915217013     
  0.496230420616173     
  0.502404930100257     
  0.494997520585555     
  0.431802206152012     
  0.437509277278309     
  0.520374810406669     
  0.497029914431549     
  0.492909631258475     
  0.512000473148468     
  0.577722029925276     
  0.472729895954036     
  0.537466843333929     
  0.525220704401755     
  0.501516736233041     
  0.497710104732736     
  0.545564005287945     
  0.552501915156626     
  0.505998102554707     
  0.513527771540701     
  0.546030437795806     
  0.486203141771269     
  0.491154885476890     
  0.512786957925054     
  0.546811803689014     
  0.560624379623195     
  0.499923944474674     
  0.503379247207566     
  0.491268205635679     
  0.422445658822284     
  0.527294808181898     
  0.466482402283993     
  0.487632626143972     
  0.521932630656830     
  0.449622188369556     
  0.510137882724749     
  0.525419636984949     
  0.509938960243051     
  0.526368211983356     
  0.502927451339197     
  0.544426311426046     
  0.481328824472501     
  0.486916553017634     
  0.498753611282107     
  0.583030965333510     
  0.526663435979648     
  0.438796649498996     
  0.542988257226891     
  0.440916901296613     
  0.515381451948278     
  0.531869237583848     
  0.501753287165107     
  0.546179060101188     
  0.451364074116047     
  0.508467145978067     
  0.457776726747702     
  0.569523458766322     
  0.519214806463781     
  0.562558434229233     
  0.534891922740017     
  0.477171994556827     
  0.498580456956500     
  0.497601666923817     
  0.498173758405550     
  0.433003132136236     
  0.461586948083569     
  0.500925642186561     
  0.495354114949539     
  0.481104184259369     
  0.525263128718899     
  0.554851039167092     
  0.449920778964244     
  0.492548028113863     
  0.506958973415013     
  0.509470261928981     
  0.516637709924256     
  0.459424241390970     
  0.535540853151155     
  0.521796903817388     
  0.573463277640866     
  0.507254249781049     
  0.523374500784270     
  0.542440507572340     
  0.478829471954933     
  0.428110217036343     
  0.493107854351300     
  0.491413978391795     
  0.496145428417176     
  0.519805577651028     
  0.478120958865401     
  0.509835541695896     
  0.520397376281551     
  0.433036941151461     
  0.453439938850063     
  0.495957228229772     
  0.524973980853387     
  0.530494470325505     
  0.537469901133373     
  0.531995364199623     
  0.480660190785359     
  0.450997858569182     
  0.507978331458764     
  0.507558682103518     
  0.553737845692921     
  0.467705787169539     
  0.480928613826038     
  0.527332358460424     
  0.518787765343940     
  0.470942760773308     
  0.492175329351898     
  0.463001576280841     
  0.508645089353878     
  0.436891466781648     
  0.455863447579901     
  0.421166505816362     
  0.509623258749907     
  0.463983850876187     
  0.522634346994084     
  0.492484615048050     
  0.482250531107200     
  0.513637279979678     
  0.568055901382187     
  0.499614988420707     
  0.503856384726792     
  0.510869702661964     
  0.520720334005029     
  0.517393769995921     
  0.516891303272215     
  0.527539814403415     
  0.520882857579273     
  0.572596119821422     
  0.423046272907813     
  0.508825983856457     
  0.469969027128855     
  0.529677145454974     
  0.459987022475379     
  0.488603949618781     
  0.527720667802628     
  0.538852977269697     
  0.533208047448063     
  0.448122056067292     
  0.560713464326783     
  0.536301767181110     
  0.483601583283201     
  0.485327574951036     
  0.498959385685747     
  0.494164817264380     
  0.510166338654400     
  0.515644069393155     
  0.530522438603803     
  0.495019836432569     
  0.479124147562182     
  0.525976070402046     
  0.523307891672846     
  0.508136440110913     
  0.544272676898713     
  0.554185221957701     
  0.566197643254994     
  0.520402083079204     
  0.555130036080872     
  0.427291715343727     
  0.523214385740500     
  0.558947358192614     
  0.423165919061028     
  0.451775471944053     
  0.509652898511826     
  0.592165189588994     
  0.575489046649499     
  0.500011494295871     
  0.431072188602441     
  0.536773171371389     
  0.474856823087235     
  0.467967987240761     
  0.548917306933710     
  0.522704463889869     
  0.489514836718342     
  0.529722827335711     
  0.498157180388964     
  0.473373721044363     
  0.493508782479898     
  0.502394579242640     
  0.511954082849579     
  0.489652448053006     
  0.567823873005679     
  0.575880490340951     
  0.466296513962634     
  0.544167537467752     
  0.486434546060466     
  0.516584325936371     
  0.486464382695053     
  0.199829091913326     
  0.260230741136476     
  0.267264102619618     
  0.266978942407229     
  0.261800857973588     
  0.303559573678745     
  0.175295644965598     
  0.250117004041066     
  0.248754027134103     
  0.257787843381861     
  0.288629730499355     
  0.290137392216056     
  0.216760836572355     
  0.237848825241253     
  0.277135628592103     
  0.227535442483763     
  0.239613565047581     
  0.213885044630988     
  0.206176691053700     
  0.237505497726059     
  0.264964011918424     
  0.311784737132983     
  0.248784550284649     
  0.255157386911734     
  0.248659115776917     
  0.249708095672503     
  0.253042939603462     
  0.205747334096447     
  0.202493662803528     
  0.242943820221835     
  0.195008300059876     
  0.283359980877590     
  0.245729838323349     
  0.229508138437282     
  0.256086880323701     
  0.248531945182792     
  0.292456412517436     
  0.229717691992473     
  0.258059323275407     
  0.284913657034162     
  0.289553520742899     
  0.286595951240415     
  0.277463281170672     
  0.244780822633184     
  0.236304506613674     
  0.213637350584597     
  0.220263065190909     
  0.269869642554130     
  0.269043049822052     
  0.265584348978681     
  0.216851376661490     
  0.285450823004054     
  0.235145247618287     
  0.244447553001991     
  0.258641896263822     
  0.258360578669453     
  0.232769932080460     
  0.213826252070093     
  0.208947654790032     
  0.269446405173369     
  0.249537191634325     
  0.292361462716446     
  0.257896433011509     
  0.227193029035459     
  0.258021515637262     
  0.231052022377851     
  0.229446952846495     
  0.277454780852296     
  0.263957007869560     
  0.246911543180296     
  0.261818677192543     
  0.220672243731229     
  0.211802101897294     
  0.238943138513243     
  0.239029838001934     
  0.255511038978258     
  0.220699509904157     
  0.227511734650122     
  0.267462768833250     
  0.261308218244962     
  0.225640290213893     
  0.292525428497627     
  0.286563518370186     
  0.235036760119596     
  0.250706246408046     
  0.283360742848750     
  0.221925445969426     
  0.232429695170707     
  0.254019397146323     
  0.245461481279075     
  0.256224490231162     
  0.268655215207755     
  0.248742313925907     
  0.227378177420948     
  0.275321940559530     
  0.206933094463470     
  0.212247358281225     
  0.250029888473455     
  0.211723706094693     
  0.249355145559876     
  0.277312136910079     
  0.274970278448004     
  0.248425294099657     
  0.214071395661908     
  0.256418452994960     
  0.257179586050396     
  0.261718300761996     
  0.193700529923117     
  0.276755797256366     
  0.276852201151865     
  0.249505853298118     
  0.232837626897873     
  0.239183805204221     
  0.266073896043266     
  0.211371725303292     
  0.270664119428993     
  0.221201132923654     
  0.214605287064177     
  0.240253939373125     
  0.257603166577488     
  0.211816252340469     
  0.252473163601762     
  0.256930258662647     
  0.217214040836945     
  0.223263616709702     
  0.256763920075753     
  0.217260900636593     
  0.267481766081890     
  0.264049148649008     
  0.292153618523452     
  0.259835398832422     
  0.248150575618586     
  0.263469481363960     
  0.249256402208495     
  0.251537134766512     
  0.193911519415011     
  0.290755412994389     
  0.279221677714874     
  0.252760912893039     
  0.275556238152498     
  0.239759070467922     
  0.222675627013196     
  0.235722872984193     
  0.250523745555802     
  0.270954431731881     
  0.263021350999400     
  0.253636794670296     
  0.203752288963976     
  0.240035105159232     
  0.212534151832856     
  0.311088862155059     
  0.273318360680476     
  0.246905627189655     
  0.256899033589658     
  0.220696003308133     
  0.250024009994802     
  0.262216468311227     
  0.229100614106939     
  0.243595424270066     
  0.257509513469437     
  0.290448993382200     
  0.318483922453053     
  0.248122381643217     
  0.229067281725233     
  0.239933834557606     
  0.239168938851727     
  0.221794693615409     
  0.261363224537849     
  0.250724045209046     
  0.273200953595674     
  0.236238584099984     
  0.252033266472694     
  0.266759477777288     
  0.228386055682711     
  0.205989164377695     
  0.254370554804763     
  0.262382351261377     
  0.241922076580379     
  0.250398089146221     
  0.269407106386260     
  0.231436683694897     
  0.303536950207732     
  0.248709698134716     
  0.294049188866839     
  0.249944735261638     
  0.261792159010421     
  0.241283217059937     
  0.268290427505462     
  0.227613943170965     
  0.249105679059068     
  0.248678270616550     
  0.239253901509967     
  0.276976268487044     
  0.212558338576515     
  0.229032836310616     
  0.218273627306198     
  0.240572998004760     
  0.222893015732988     
  0.257222523904914     
  0.255107020652453     
  0.278532762174902     
  0.255897681013731     
  0.264972321014645     
  0.228964774593663     
  0.228107883354656     
  0.242491445581506     
  0.232134048737533     
  0.262339467814975     
  0.283422532270456     
  0.266061743978064     
  0.273666241550563     
  0.247245267555050     
  0.239134163429241     
  0.226498952542756     
  0.291536101287677     
  0.261302972989933     
  0.225923429035783     
  0.220379189066755     
  0.293483656156959     
  0.210487010747632     
  0.267628975471833     
  0.250889526394985     
  0.316573256921230     
  0.245623217813205     
  0.222796279028840     
  0.266601576698647     
  0.204792643040679     
  0.245403094536137     
  0.221236531011511     
  0.182571363342953     
  0.219902489791021     
  0.214850075408616     
  0.245825568550898     
  0.263228238681556     
  0.245922682588103     
  0.232196436558975     
  0.291250171628016     
  0.230828517758332     
  0.231825836120365     
  0.298071028566990     
  0.236987154768546     
  0.254384413290510     
  0.253073816824295     
  0.224369224825133     
  0.226472640986035     
  0.295442596307793     
  0.240444766091090     
  0.241629744561152     
  0.223128112859636     
  0.286026823425095     
  0.224001917257787     
  0.240903638133142     
  0.258307668828529     
  0.244603218101413     
  0.243722830162511     
  0.263996130177347     
  0.198253928108105     
  0.259442275561828     
  0.226245209124130     
  0.290933620871299     
  0.253769862125880     
  0.229347446122713     
  0.272648282277805     
  0.303808359524353     
  0.267855016596553     
  0.215563216052458     
  0.240015955137856     
  0.250133551642289     
  0.227501351514410     
  0.273899408466923     
  0.226652820086924     
  0.268430938191394     
  0.269784485279092     
  0.287790637983487     
  0.204953567820878     
  0.228354468984181     
  0.237459233274857     
  0.266696267468831     
  0.182100813321090     
  0.278241014547406     
  0.289890722318825     
  0.258338172775740     
  0.212132542179550     
  0.279932285417500     
  0.257728846531112     
  0.262083735990485     
  0.226561071886063     
  0.256491849055782     
  0.230126855377178     
  0.210689456689840     
  0.244357251695109     
  0.243972528197048     
  0.240213614808280     
  0.206405956871188     
  0.248607615430765     
  0.202685254448543     
  0.195637011278473     
  0.257740155842843     
  0.241083799898732     
  0.259128874009461     
  0.259632011472961     
  0.258795908458718     
  0.245188751525471     
  0.249358594314601     
  0.200054772909520     
  0.258278185689110     
  0.275928804898465     
  0.208480914282109     
  0.296558368029089     
  0.268047117469510     
  0.238353384671758     
  0.215875941246590     
  0.240309014817586     
  0.282305162179485     
  0.274801121468483     
  0.212168482394822     
  0.251378183254408     
  0.264004690310572     
  0.269488377551620     
  0.183155005547954     
  0.208733439338900     
  0.240989838188835     
  0.274031898559180     
  0.235236991798034     
  0.220863046392962     
  0.299457554565956     
  0.252741240025421     
  0.230108616294757     
  0.292054111774111     
  0.233923380709899     
  0.280447936441202     
  0.223803620111402     
  0.227656773349052     
  0.263062242856785     
  0.264131850612497     
  0.272220054485854     
  0.244036918989289     
  0.241499395791581     
  0.240590779045050     
  0.274056659725566     
  0.274795012379518     
  0.275727120163607     
  0.245974388597664     
  0.271082571856300     
  0.281182507957659     
  0.262829043525948     
  0.254095423428274     
  0.235524320294487     
  0.255083332041961     
  0.249113639702464     
  0.253594523688543     
  0.281936230136598     
  0.274276813569673     
  0.264270369897068     
  0.211174068257293     
  0.208952838167877     
  0.283748667983735     
  0.210380825914093     
  0.208985811935766     
  0.245316220563289     
  0.249658227748938     
  0.283361720215379     
  0.239864478878554     
  0.258437817443289     
  0.316311260583393     
  0.210420160441210     
  0.303411198368311     
  0.246456760595612     
  0.189748692710151     
  0.215633447271415     
  0.231075411707384     
  0.225272914861514     
  0.232342725107665     
  0.246809241305915     
  0.238054701265218     
  0.279150038976536     
  0.254442208806470     
  0.278807172759883     
  0.211189775046955     
  0.269555658951688     
  0.236873903336470     
  0.212254705599049     
  0.265511116957098     
  0.234452366636316     
  0.240572583265945     
  0.263962041176955     
  0.226669206238814     
  0.320511178249404     
  0.281149255171095     
  0.301172151741656     
  0.235025128274949     
  0.256224580559948     
  0.231874451063900     
  0.206026611741397     
  0.249261527350069     
  0.224902861604452     
  0.272441031989139     
  0.235279679918618     
  0.236832209101629     
  0.288622291693271     
  0.250726238705311     
  0.255190520745362     
  0.234113220363237     
  0.233710640512082     
  0.261081519575106     
  0.267308918807759     
  0.211899530753774     
  0.220202170003316     
  0.272874945650517     
  0.253653602563149     
  0.270039722497143     
  0.281763703813244     
  0.308705953150691     
  0.229000769462155     
  0.231095852443793     
  0.343292805137871     
  0.272251278385301     
  0.233735453891643     
  0.306162460929967     
  0.210589136373424     
  0.275470687087549     
  0.285326102622518     
  0.257535842948460     
  0.238584617600166     
  0.270783604545027     
  0.268751144050165     
  0.272878120453244     
  0.191447799211841     
  0.265620495473934     
  0.225314501504868     
  0.239936820079616     
  0.248709470817457     
  0.238160875135056     
  0.288334504458419     
  0.228715110794260     
  0.267213089545734     
  0.289018565946211     
  0.262515494747914     
  0.236354426672564     
  0.234468799006806     
  0.219366594828373     
  0.294834701899145     
  0.271607226015563     
  0.202695197310121     
  0.254145298871612     
  0.259699308979800     
  0.221133545700257     
  0.246395898656889     
  0.263922679629905     
  0.270431214096014     
  0.259442627077947     
  0.287795686222054     
  0.221527086620366     
  0.265755763339726     
  0.273377909370585     
  0.248730193769705     
  0.264020078405576     
  0.276719305301887     
  0.246399760246755     
  0.253428506474023     
  0.261194326590866     
  0.263223462029646     
  0.239668866599850     
  0.298072629311127     
  0.204393132616436     
  0.197308410587570     
  0.253355533557369     
  0.277960310476025     
  0.240872730794572     
  0.213703264498625     
  0.268427911429595     
  0.266976098423607     
  0.287742350419748     
  0.221154638564942     
  0.234815988306178     
  0.256942660470326     
  0.271237728142985     
  0.226475333455526     
  0.275382644349105     
  0.229252997199077     
  0.246585642457685     
  0.249770214659088     
  0.239689809142404     
  0.233099020412665     
  0.245847247867842     
  0.220547106074912     
  0.237952051981621     
  0.227270843956287     
  0.239054357232238     
  0.273017762234650     
  0.248926887841304     
  0.249418192726303     
  0.255834465569854     
  0.229145997258162     
  0.240497581960990     
  0.227745945437915     
  0.268740326951373     
  0.258920274377347     
  0.289720516765902     
  0.251588632262365     
  0.305514506889887     
  0.249505794690295     
  0.236410161127566     
  0.199000688345798     
  0.227859003768040     
  0.254902208974025     
  0.308548160175424     
  0.268432624885449     
  0.237201726899317     
  0.247494038996511     
  0.264579411725325     
  0.207952492085369     
  0.279837404282366     
  0.266491040618768     
  0.272274376313299     
  0.272303627436159     
  0.263223636185203     
  0.248353302863025     
  0.254833315778768     
  0.210732373840895     
  0.230995156280480     
  0.237782043915384     
  0.286297876313174     
  0.278175686213159     
  0.257409411204994     
  0.243544788119906     
  0.255119146773760     
  0.258650142484180     
  0.247233432770248     
  0.234767491713668     
  0.241186031838328     
  0.268600369191740     
  0.259524144112822     
  0.204940119339080     
  0.262797725152912     
  0.293100061016294     
  0.225534957560416     
  0.244744844704512     
  0.201033832069269     
  0.217422043294045     
  0.209988578204671     
  0.219052453074697     
  0.236666216805392     
  0.240939231923212     
  0.240570821849969     
  0.254277784304367     
  0.304362881342331     
  0.270716352854577     
  0.252918448699413     
  0.248414138340266     
  0.254223682337289     
  0.254442944545372     
  0.284315717500050     
  0.242027399143902     
  0.229329181974558     
  0.297491157675512     
  0.206730980909722     
  0.246759120696552     
  0.258561245920417     
  0.262637768858051     
  0.258388424698869     
  0.204603744424634     
  0.235124628369435     
  0.248702880043528     
  0.281073662275781     
  0.248212343637864     
  0.242843257082206     
  0.213730912311603     
  0.267918574363714     
  0.239828484811870     
  0.287254624938168     
  0.275745322130805     
  0.274966056858726     
  0.220170190083092     
  0.272035209062261     
  0.234963844909962     
  0.275480580235304     
  0.236346455965446     
  0.242674127784731     
  0.248523229507392     
  0.273403616019300     
  0.253420181636767     
  0.269167064285947     
  0.309468973704861     
  0.252248725010197     
  0.302542983510613     
  0.237692036373738     
  0.219080895543292     
  0.253753906351099     
  0.244965964992017     
  0.251277182930613     
  0.214558755070037     
  0.229766126246865     
  0.263927247621988     
  0.237849982954782     
  0.241934997830819     
  0.260513279163856     
  0.218775905168654     
  0.242027100376446     
  0.248966526986834     
  0.252549348736858     
  0.204137773664423     
  0.204433522499964     
  0.265118743888583     
  0.277687810731062     
  0.222012820236759     
  0.239213655845007     
  0.272301963232127     
  0.246131520017093     
  0.216877002022186     
  0.239206580464359     
  0.227257561232353     
  0.216818959926427     
  0.224225531837225     
  0.286659019874477     
  0.275879831402518     
  0.241360215690111     
  0.290222992794933     
  0.270157132842781     
  0.262353594372086     
  0.246338783441512     
  0.245423418077647     
  0.253032127935302     
  0.277075980663085     
  0.250754047236754     
  0.249919936492313     
  0.259398641344973     
  0.264629037959002     
  0.294313242399161     
  0.230178294036703     
  0.261300929819199     
  0.219446947569027     
  0.211474456114347     
  0.285591494659058     
  0.298689628892112     
  0.223624221608731     
  0.257877014873068     
  0.247713991532063     
  0.247213786188682     
  0.275110913738097     
  0.236330594158009     
  0.210612931820715     
  0.240549122720016     
  0.240741454141393     
  0.232556427643716     
  0.221949926448036     
  0.262345097007312     
  0.236067897716471     
  0.273324479383291     
  0.215333978794691     
  0.272101460575021     
  0.259172329628990     
  0.246206839456556     
  0.275400976086342     
  0.251385829364648     
  0.245695026117192     
  0.208427741493858     
  0.235776861962139     
  0.238194200948764     
  0.247622370852846     
  0.201079233207388     
  0.255426378691774     
  0.267202316793949     
  0.290799205058067     
  0.231639718599588     
  0.269186414623862     
  0.222175166122212     
  0.174544934029852     
  0.247080993830865     
  0.280170046333403     
  0.301330314160034     
  0.229209369715268     
  0.206980451603973     
  0.244041995535649     
  0.263846038338467     
  0.221785110428265     
  0.262399096266900     
  0.286513717690069     
  0.228589929435774     
  0.230755412694908     
  0.220254364858306     
  0.233410614880590     
  0.241672446691095     
  0.260552035979808     
  0.264864036430882     
  0.217485220143724     
  0.288700923478697     
  0.276301959667983     
  0.278453557756809     
  0.268111320721470     
  0.242929788355050     
  0.240498037919587     
  0.249705516935883     
  0.290516333741358     
  0.255962478509478     
  0.256829796049048     
  0.311405423385051     
  0.241749356650323     
  0.262102279052944     
  0.271906422458843     
  0.249320092314069     
  0.238673753091884     
  0.199243520578219     
  0.218901355317632     
  0.293202704971478     
  0.224913415510920     
  0.288928276788513     
  0.268238908612776     
  0.248029701906537     
  0.246229433596042     
  0.266196186035167     
  0.242401966261425     
  0.222257175372591     
  0.241081891028550     
  0.227670912555365     
  0.229322121772676     
  0.232011973696861     
  0.227698094961886     
  0.170554202967996     
  0.264212561391229     
  0.257102534377289     
  0.256582576865585     
  0.275952795280005     
  0.262430079993949     
  0.208319073257319     
  0.294091238609519     
  0.236661436625249     
  0.242833118648070     
  0.232594314060749     
  0.293712054237739     
  0.199617974062906     
  0.206619169097362     
  0.325019929389962     
  0.212947359895200     
  0.291290742521920     
  0.238038047757932     
  0.236315870163099     
  0.280972604318613     
  0.257574843546344     
  0.237865670990800     
  0.284581651874457     
  0.195988853608185     
  0.277233383316002     
  0.251868202655802     
  0.202403058069848     
  0.263252145479519     
  0.319321767969647     
  0.234557651702275     
  0.256117578308920     
  0.281863265033554     
  0.258573758227431     
  0.237384650238672     
  0.316431989882471     
  0.264731761034038     
  0.238660730704867     
  0.200877329367432     
  0.218852195975466     
  0.255625354153501     
  0.265778810949337     
  0.247626794155213     
  0.230350080751617     
  0.244985479813057     
  0.243502735054329     
  0.218782855184967     
  0.235907391419515     
  0.222442619368216     
  0.256789334814749     
  0.212975133267537     
  0.241586279540556     
  0.224489382888495     
  0.248758300079500     
  0.269754468646516     
  0.250673641585800     
  0.245381356742952     
  0.249890329665117     
  0.254032770100139     
  0.288185301400351     
  0.251771140744865     
  0.240479708069296     
  0.261791552353532     
  0.280671398075343     
  0.243001053249097     
  0.253638673873892     
  0.244045045773033     
  0.261411532456817     
  0.283386551699529     
  0.234988727177031     
  0.235087757807275     
  0.240797227845799     
  0.232736965236436     
  0.230831557564765     
  0.264332186889809     
  0.221555468426390     
  0.235944980547929     
  0.264873696753429     
  0.221525187379164     
  0.214933662351425     
  0.278463833574424     
  0.284346504755653     
  0.258541293387870     
  0.240145718894644     
  0.269852347913954     
  0.221345235937522     
  0.221822129321554     
  0.218190146977019     
  0.266964502960081     
  0.210948229014400     
  0.235686996903323     
  0.263924811897546     
  0.280748596364757     
  0.256499007760073     
  0.260168920664113     
  0.228285136885265     
  0.248573602118633     
  0.251495927002820     
  0.226990348544329     
  0.234614239243687     
  0.238559507651992     
  0.250136239784706     
  0.261718322266613     
  0.243172067182525     
  0.269726082644915     
  0.244632659557271     
  0.279056680128901     
  0.251662913429765     
  0.282310474152969     
  0.264524166897789     
  0.288216710133610     
  0.222419111470597     
  0.263142312659316     
  0.252202030729970     
  0.263044318930264     
  0.223583190211117     
  0.210292337438209     
  0.257868386423445     
  0.283827695528769     
  0.231041411089507     
  0.264697047560420     
  0.240760768418886     
  0.259955109855385     
  0.236644449427454     
  0.299281668738265     
  0.249850608659935     
  0.224416915145407     
  0.206502931079748     
  0.249315537027552     
  0.264669549564393     
  0.275309495262547     
  0.273338708260379     
  0.308269137704928     
  0.291217584758689     
  0.249266178273151     
  0.229941698768815     
  0.233153327348795     
  0.297790973054102     
  0.242345809247607     
  0.215558240378063     
  0.226223259961309     
  0.209333948134599     
  0.289887180868298     
  0.247884395144930     
  0.277511075249899     
  0.271066836594926     
  0.248131327151701     
  0.241069149982012     
  0.251505143094722     
  0.269430627854825     
  0.231948078453365     
  0.269398221903222     
  0.232163862985555     
  0.268130770735726     
  0.292543452303914     
  0.267536108708710     
  0.202830402949888     
  0.228813916449205     
  0.261923903702717     
  0.250295469697598     
  0.240721673923358     
  0.238236772676870     
  0.234702446259680     
  0.252327524378567     
  0.307227466432534     
  0.241894570114538     
  0.271747035773919     
  0.268683856832813     
  0.241124812696837     
  0.219002785226150     
  0.203019388979459     
  0.284028900693026     
  0.237998580997423     
  0.267985033633954     
  0.250392037995285     
  0.211983974072219     
  0.266442587563638     
  0.309960165210200     
  0.245443919787292     
  0.246558223062986     
  0.205641620161021     
  0.239069121115088     
  0.291084757818924     
  0.282984762245969     
  0.239880274750172     
  0.272434662306507     
  0.254346046099608     
  0.217173890069265     
  0.249846676639326     
  0.300939455968917     
  0.265247896691340     
  0.199550712086288     
  0.190015456464337     
  0.233201342826177     
  0.276108254382600     
  0.265227715480388     
  0.246574698028709     
  0.283079796260145     
  0.267122105759852     
  0.217648282590877     
  0.250538331846444     
  0.262204660096197     
  0.235945700862287     
  0.249661096630414     
  0.269016487453542     
  0.244610385967918     
  0.276680092693747     
  0.263429022789595     
  0.240499628247341     
  0.280563699621384     
  0.249774930541732     
  0.226824236982067     
  0.244399511614310     
  0.245995686878383     
  0.246168589003581     
  0.194054680529010     
  0.251909262329562     
  0.243012236334667     
  0.244974843723104     
  0.246592375940608     
  0.248255399853634     
  0.263591055106873     
  0.229870447253520     
  0.281251987820345     
  0.253599599979041     
  0.206848793455314     
  0.233556947353030     
  0.260764772406343     
  0.220388394754566     
  0.249538239922810     
  0.229396233794610     
  0.266887331039016     
  0.215573565419857     
  0.218941797361272     
  0.244188681844241     
  0.244355332228320     
  0.240326247531708     
  0.213482042147111     
  0.280179460327029     
  0.227244113021519     
  0.288840273653160     
  0.267357157873131     
  0.245419790608962     
  0.239207757383900     
  0.225178690580233     
  0.208259263451860     
  0.281964549373341     
  0.211627739792092     
  0.232123042236314     
  0.282448993331783     
  0.235476897777276     
  0.256730182486185     
  0.233730549731968     
  0.204416064351663     
  0.279562211662406     
  0.204958818770324     
  0.241541628557135     
  0.246310685085239     
  0.229952165431169     
  0.252537130612797     
  0.280560973100811     
  0.254269826467341     
  0.241389537646807     
  0.260851199026188     
  0.264911737873828     
  0.254033751480695     
  0.258759229127981     
  0.255656706772861     
  0.239265065601113     
  0.213659602235147     
  0.223850096632503     
  0.272747667265748     
  0.281275587031068     
  0.252049648636611     
  0.238589797222677     
  0.256113550073528     
  0.205956705714383     
  0.244668502136763     
  0.237770943665141     
  0.256267073938502     
  0.249834745500402     
  0.248982496865356     
  0.240200105010417     
