  0.483644553964491     
  0.497134074206404     
  0.502696283642623     
  0.459815138715324     
  0.467491969732815     
  0.483105727342988     
  0.505178985403453     
  0.553895056407091     
  0.503676056530673     
  0.525826625369991     
  0.510439705539817     
  0.537206832228460     
  0.480758989151071     
  0.505472604240721     
  0.482671332865270     
  0.465510605488939     
  0.448803772363204     
  0.511660462266891     
  0.475674868515388     
  0.506219908952161     
  0.487498972884668     
  0.498350332080995     
  0.481600611060607     
  0.565083160545119     
  0.519863782049860     
  0.509976883536947     
  0.458335875727905     
  0.486243836423693     
  0.467423163132442     
  0.467321433771100     
  0.498532378159315     
  0.502939511232207     
  0.503128295553168     
  0.487096042889694     
  0.493281088783827     
  0.459118864172644     
  0.516174407755722     
  0.491401380675539     
  0.488677815628841     
  0.503463609270762     
  0.495041895039198     
  0.541150180166332     
  0.516153647187363     
  0.525329751749674     
  0.488125355430361     
  0.493600255069896     
  0.512588092676592     
  0.502465752598251     
  0.496032692606188     
  0.486496803164615     
  0.498288237470315     
  0.476928483946393     
  0.500785056781835     
  0.558637152403939     
  0.481796320818693     
  0.488544501165864     
  0.502935702092333     
  0.483401407997653     
  0.518548234336879     
  0.490890006398848     
  0.553744686384252     
  0.463676444716034     
  0.465930648081511     
  0.491351940501814     
  0.498549180292416     
  0.475887580061236     
  0.457049937413732     
  0.489985738176534     
  0.529658910922453     
  0.467820016449102     
  0.514573161985774     
  0.501436324493508     
  0.473364858714156     
  0.504474512237796     
  0.529207832527546     
  0.500627033051153     
  0.511387923673027     
  0.469773996416508     
  0.492555040334451     
  0.501186853858457     
  0.529230014571553     
  0.464949394749228     
  0.481235857403650     
  0.513140902839119     
  0.506062551835344     
  0.483500390215333     
  0.497501097709760     
  0.518222033524933     
  0.498341033939442     
  0.533437847125354     
  0.512578527145731     
  0.471550938750806     
  0.502854496389052     
  0.532512100271209     
  0.486294915943034     
  0.496717140029234     
  0.488782076774849     
  0.485957395106592     
  0.481330549968484     
  0.518773603878524     
  0.476915002811936     
  0.449706770399507     
  0.498455733534183     
  0.466659069569282     
  0.514016944586555     
  0.493227734395215     
  0.485699104668415     
  0.522081346834538     
  0.466282079211924     
  0.526825352938970     
  0.455266153868975     
  0.495314775142144     
  0.539484289556414     
  0.525723141508007     
  0.496367562200950     
  0.494228909542906     
  0.530698470791655     
  0.517956125220160     
  0.473686178331753     
  0.498170978793568     
  0.494839741186708     
  0.533777450898301     
  0.455378808469483     
  0.523136310404296     
  0.551336386365718     
  0.508515803010700     
  0.522931121733906     
  0.488106225838668     
  0.485727018762708     
  0.488967819657273     
  0.505415087823011     
  0.501069737981708     
  0.527253555212193     
  0.475415718407618     
  0.491382991826896     
  0.505146351263365     
  0.544340783285900     
  0.529617265364169     
  0.497506376336630     
  0.521179025889189     
  0.501930898299442     
  0.476524500809106     
  0.468956996377542     
  0.504432151770622     
  0.480912804340557     
  0.490468187489539     
  0.482993846903762     
  0.499059661377317     
  0.523056602492477     
  0.474376972451877     
  0.487350140797330     
  0.483477432090355     
  0.524761819107530     
  0.501051410175185     
  0.555707737074189     
  0.472419542035208     
  0.462782285317135     
  0.478775939638033     
  0.476465446484497     
  0.476861418059596     
  0.502323861479629     
  0.482246325615173     
  0.474491557074770     
  0.506789370814589     
  0.460873920460172     
  0.460914766527163     
  0.488800840136231     
  0.492397055003212     
  0.462365745989861     
  0.479191537684500     
  0.498895887887123     
  0.511610163293557     
  0.445161091650039     
  0.487677280731045     
  0.460711838508800     
  0.504699133825581     
  0.513818884392886     
  0.474904469683285     
  0.483977809703888     
  0.509548128271000     
  0.497539988557455     
  0.485914496203255     
  0.478997992299747     
  0.501634541583163     
  0.503648251385403     
  0.512073763770265     
  0.503712520024543     
  0.506812042218299     
  0.462320629069538     
  0.470888869788047     
  0.470576305199699     
  0.520749943298997     
  0.461438784861660     
  0.513531518129364     
  0.477685971904939     
  0.535520389463552     
  0.491159019917229     
  0.489795754337327     
  0.489614087062039     
  0.509591141158192     
  0.494557035161596     
  0.464760810602155     
  0.498362580797316     
  0.495021467417503     
  0.501990871112713     
  0.472251453918342     
  0.551435165163422     
  0.466320829910788     
  0.484001627049203     
  0.481806076001356     
  0.476277695665915     
  0.508420928305939     
  0.512075710903008     
  0.506170738010965     
  0.452233837004815     
  0.513710134246718     
  0.518785545021743     
  0.475078595724302     
  0.492776924390553     
  0.487143327563826     
  0.525511244120177     
  0.522505709266146     
  0.512050214925268     
  0.508519371497214     
  0.482096430935694     
  0.460914819841099     
  0.502941439214404     
  0.498473514646199     
  0.508309976719690     
  0.519705553135598     
  0.509211264770746     
  0.473057433589092     
  0.550616042803681     
  0.503986246416423     
  0.503813415855312     
  0.478305962278296     
  0.480173976097545     
  0.507855077861452     
  0.501055993938345     
  0.534809019493027     
  0.476110964258685     
  0.481764567306556     
  0.536877135978336     
  0.477689932323123     
  0.507677038429912     
  0.542440510811746     
  0.482475267338198     
  0.505295187445551     
  0.496073457308012     
  0.462765163865309     
  0.482337238845974     
  0.477280648525268     
  0.491933875249393     
  0.496583896741097     
  0.528610396662005     
  0.510956685678120     
  0.508399699931146     
  0.519632485382931     
  0.483747803048481     
  0.537797379615405     
  0.489802846415638     
  0.501793991337760     
  0.538526163683470     
  0.440561352391828     
  0.488807760067826     
  0.528228528304519     
  0.494671214197924     
  0.473540621909088     
  0.517097197778481     
  0.464885941856037     
  0.531934869494390     
  0.470383892807430     
  0.523185346728628     
  0.495466498220584     
  0.485770017954376     
  0.475204799219944     
  0.528850147810159     
  0.482148362735371     
  0.497051351025691     
  0.509938903054275     
  0.447150764548801     
  0.512702665125052     
  0.464370789532846     
  0.479574046708240     
  0.522504830447551     
  0.455755674710178     
  0.487853047468412     
  0.462768030310814     
  0.483263772967808     
  0.427599393681984     
  0.476466916877539     
  0.494105745068340     
  0.492073239467663     
  0.503828305782401     
  0.529415709672663     
  0.493884415429538     
  0.483665894089035     
  0.475775539664041     
  0.459272446893239     
  0.473711278602639     
  0.424581101173224     
  0.475016619042852     
  0.495637572694828     
  0.507902911190957     
  0.510277029603055     
  0.527947543454229     
  0.470432202666365     
  0.472218779319464     
  0.480074025792100     
  0.435877581032494     
  0.449131193918318     
  0.520997984548030     
  0.454731349087554     
  0.497576420780110     
  0.474279845480818     
  0.515781089341793     
  0.549487067845302     
  0.479017289257921     
  0.502069642843045     
  0.495570681106508     
  0.502834562027928     
  0.494029517456941     
  0.486609483642843     
  0.509066064334239     
  0.480792918623217     
  0.467676714543836     
  0.512812571640642     
  0.504616266003400     
  0.449348348123678     
  0.521906362606107     
  0.492935227018229     
  0.500715999737312     
  0.497785070659771     
  0.521148303622366     
  0.520216360985991     
  0.489229593406239     
  0.510934746430336     
  0.514370527325949     
  0.501918209301625     
  0.485885217833556     
  0.487647861481602     
  0.508778473097304     
  0.493981212853922     
  0.491378851709431     
  0.489138327761516     
  0.463094537807452     
  0.494632133967834     
  0.501417566199441     
  0.471572723280508     
  0.511081736156511     
  0.491240741606373     
  0.495038639403730     
  0.533006183040373     
  0.533095803343146     
  0.515602941857003     
  0.484176875124426     
  0.474421171600382     
  0.520064238200967     
  0.490932731484665     
  0.536116336487934     
  0.526964664056050     
  0.508519798100351     
  0.481148584341258     
  0.488706269689508     
  0.511931333340150     
  0.490331092729176     
  0.543447961120716     
  0.476151225798913     
  0.460888755177555     
  0.485816587000374     
  0.558359607902982     
  0.459379388572453     
  0.486415301381307     
  0.549945022134074     
  0.515905085702225     
  0.488896696306797     
  0.493192135540835     
  0.518207466041862     
  0.479447018736717     
  0.488545346820107     
  0.443969239893663     
  0.489554170750023     
  0.488345642968105     
  0.485706570251981     
  0.461980854310914     
  0.465667724200231     
  0.495357215638550     
  0.483094644419651     
  0.488111294523831     
  0.436346895951680     
  0.497815148573547     
  0.474155183564727     
  0.538343147659084     
  0.513728049668002     
  0.507091963716706     
  0.493745096942522     
  0.513098301369794     
  0.510090668073546     
  0.503829464170133     
  0.486185099474007     
  0.461834030645480     
  0.508308534547115     
  0.507505410583772     
  0.459022800434914     
  0.481593208424073     
  0.508812683934486     
  0.503931625170705     
  0.470086827611808     
  0.538607405757377     
  0.488582410541409     
  0.479821921554296     
  0.492158662628009     
  0.482737215741233     
  0.485184991640756     
  0.540648013303731     
  0.480612715400469     
  0.465390472117740     
  0.517153197407269     
  0.485869829589189     
  0.518647942768088     
  0.458054153413870     
  0.489329121781861     
  0.547983101350599     
  0.536181892837293     
  0.484373345281091     
  0.512365918313836     
  0.491527365155596     
  0.520666355196195     
  0.519116702467467     
  0.519743152089237     
  0.530776896660611     
  0.487443960075816     
  0.495501029267077     
  0.471814202247484     
  0.544247607711098     
  0.451629153233112     
  0.488864380579717     
  0.497033782878554     
  0.475744979985766     
  0.490218819369273     
  0.511251747470736     
  0.508779757333481     
  0.485965411716753     
  0.487711495098884     
  0.495774327878123     
  0.491976662436897     
  0.507420259520758     
  0.536548898702802     
  0.480905000076090     
  0.490096156366934     
  0.487952415875069     
  0.449445901423769     
  0.452840192354273     
  0.497898652248831     
  0.481943446963941     
  0.496627658900435     
  0.542517980635570     
  0.520893180035079     
  0.494883753220333     
  0.500480503981721     
  0.520758799131755     
  0.514085696915528     
  0.496691972285186     
  0.517466230284992     
  0.512587932405134     
  0.474846294030313     
  0.509012463570844     
  0.535810442184615     
  0.493838182785129     
  0.530658658103766     
  0.488698746429954     
  0.521522432137058     
  0.473195314455121     
  0.485657741300873     
  0.510152383573485     
  0.509373272394851     
  0.523378251884450     
  0.447875908242220     
  0.498994763212568     
  0.493793425636354     
  0.474041573932022     
  0.475588825430837     
  0.485834811898052     
  0.455531094115223     
  0.461137435804750     
  0.499309961056275     
  0.511524850202787     
  0.470334216689609     
  0.455671311757947     
  0.509346755680664     
  0.477320362616605     
  0.469731972536014     
  0.494103098774665     
  0.516259882220727     
  0.533702421964338     
  0.509709974542592     
  0.460966778800711     
  0.505977284787646     
  0.527904253644916     
  0.491067570443697     
  0.579127327797153     
  0.454682089404936     
  0.493808123519701     
  0.453724610771817     
  0.523802836644125     
  0.501493238658396     
  0.503174924584786     
  0.503820714878206     
  0.513434554931731     
  0.481598958003334     
  0.476603485462650     
  0.521106662548803     
  0.482689328124586     
  0.526972542594114     
  0.490652963031066     
  0.488204486667844     
  0.478519483591835     
  0.495986687111816     
  0.489150991024688     
  0.494408203290244     
  0.496634828317820     
  0.519367248873975     
  0.452750521863148     
  0.489459788769529     
  0.502684137901779     
  0.535916372410040     
  0.478970472815010     
  0.515137982663829     
  0.494327545841736     
  0.458371560125786     
  0.495019077027262     
  0.478126529867595     
  0.448254041235568     
  0.578062450951200     
  0.483945314265582     
  0.468377646267242     
  0.521625585607609     
  0.465472424963120     
  0.492636632387843     
  0.486424155862576     
  0.494538028839300     
  0.519585928081434     
  0.542370660662408     
  0.475687807483564     
  0.514139775799224     
  0.492240746941749     
  0.491222786884886     
  0.518518832803010     
  0.469798157450533     
  0.483890974285854     
  0.501678975585807     
  0.533277278702552     
  0.463175276835365     
  0.498050732579275     
  0.477232333829240     
  0.474137862326031     
  0.473647534963206     
  0.556160301338886     
  0.473383528935756     
  0.490971586558336     
  0.487729049983856     
  0.477964697866969     
  0.502072838576363     
  0.540027680056626     
  0.491875291849248     
  0.466032815235565     
  0.489581421704260     
  0.494530310069590     
  0.528952171359016     
  0.513594016580457     
  0.486767079544334     
  0.496108282569560     
  0.485184879602568     
  0.511348655313806     
  0.520073749786583     
  0.551184600465874     
  0.487718868178501     
  0.494245014048412     
  0.471458975609358     
  0.492090239958450     
  0.514126981959185     
  0.518852424997893     
  0.491300359574791     
  0.516925026168847     
  0.486954166361862     
  0.487356977863753     
  0.472175501398838     
  0.481379888138912     
  0.488062845906211     
  0.497125141213659     
  0.524609028229933     
  0.512845304461140     
  0.476702839407095     
  0.533229292885886     
  0.499479616852203     
  0.493221244505561     
  0.468527612155481     
  0.474802665895449     
  0.510827344637703     
  0.451244674708314     
  0.475553212668313     
  0.467231470160873     
  0.518723725034521     
  0.478674480936762     
  0.510390227614805     
  0.500816610700173     
  0.528358924508023     
  0.464814730376792     
  0.448922697250710     
  0.522854346063224     
  0.486158605601548     
  0.492114441809801     
  0.475752690798497     
  0.499177253853417     
  0.515435962343355     
  0.518919374758881     
  0.472069520260471     
  0.548864227382472     
  0.486607354620685     
  0.449790198413241     
  0.514884885655177     
  0.467782672481592     
  0.467707518300387     
  0.482406517248451     
  0.475249568748431     
  0.522386625837707     
  0.533542318482059     
  0.503548461967597     
  0.495124248807437     
  0.531019047578698     
  0.478008315660979     
  0.514577287171803     
  0.462986112619621     
  0.510310870602154     
  0.491339046440728     
  0.490040482491645     
  0.495741360231856     
  0.494088864394730     
  0.535440937206282     
  0.481661205800502     
  0.511527098392108     
  0.489762114888607     
  0.499489178264234     
  0.472697549050814     
  0.498326677135738     
  0.479353376642916     
  0.494858340411888     
  0.519523956638225     
  0.533257571201394     
  0.454733438127556     
  0.515358087936714     
  0.527834396167909     
  0.494041585548379     
  0.489323911761432     
  0.513439688663331     
  0.551253030970185     
  0.481441040445986     
  0.505027132923838     
  0.466696718130526     
  0.480564083464844     
  0.463777184249292     
  0.498577716904006     
  0.478906384487386     
  0.523074832141220     
  0.536712197293832     
  0.497509121087524     
  0.488147740457894     
  0.490659374671194     
  0.499479905053783     
  0.550405757672184     
  0.482718116138737     
  0.468441024013976     
  0.474459191903432     
  0.527375734582990     
  0.471872016198050     
  0.527543957064665     
  0.544805519729411     
  0.473272594059072     
  0.486511882581998     
  0.490671868721628     
  0.510416930614167     
  0.455670857857085     
  0.466594167145209     
  0.478364675363825     
  0.524457334933439     
  0.473817917083373     
  0.529744283994793     
  0.522808524736210     
  0.527545362685435     
  0.498968910559385     
  0.486243143451040     
  0.435693643700256     
  0.437930052134261     
  0.542555082624146     
  0.493775951500803     
  0.525215327418231     
  0.508986850778209     
  0.514070576985320     
  0.526332205072620     
  0.547970701467281     
  0.490633982477066     
  0.498187001885400     
  0.499775321362746     
  0.489013205082454     
  0.542190145445098     
  0.484661050998202     
  0.518384745080209     
  0.528499503154713     
  0.503176903383464     
  0.503018235294333     
  0.436312800452666     
  0.502381068491157     
  0.462812049922426     
  0.512996175990872     
  0.473631984510112     
  0.515468491698372     
  0.494952109183989     
  0.533556797323436     
  0.477375065163964     
  0.538520768613639     
  0.491492792941380     
  0.518788992761291     
  0.466595775100644     
  0.521752225892992     
  0.462666873504425     
  0.513916892655080     
  0.504372951695559     
  0.528330583305201     
  0.504921055165524     
  0.462738035415855     
  0.483873581479430     
  0.503558284943149     
  0.496344949961863     
  0.510619037955694     
  0.484442159822958     
  0.553035005078502     
  0.487946540440823     
  0.455923305470892     
  0.556827016382221     
  0.457050482849719     
  0.474549463234124     
  0.476782923514850     
  0.493332561545768     
  0.524265975058796     
  0.501260078030427     
  0.491385505006731     
  0.512537750485888     
  0.520396008200428     
  0.482311707005651     
  0.540032119392749     
  0.500323643586839     
  0.515116088827295     
  0.476676320580498     
  0.458128003137046     
  0.469732106096280     
  0.495337271312354     
  0.501710222124808     
  0.520643561151001     
  0.470420705957582     
  0.467349521680742     
  0.558171234375045     
  0.525755059915067     
  0.485212140725334     
  0.507941238166203     
  0.509359763975670     
  0.497101514756508     
  0.492750528230210     
  0.495753460627899     
  0.515108385124194     
  0.521846813357044     
  0.509311913536244     
  0.504201664636990     
  0.482824677332293     
  0.495996374125583     
  0.509081944823195     
  0.483868341811766     
  0.525956896298387     
  0.491583351389325     
  0.484753223691295     
  0.489270048113246     
  0.514753536336513     
  0.514327676727101     
  0.469727814958878     
  0.511161265776556     
  0.448362370081909     
  0.439948507076361     
  0.492867245017930     
  0.469187468948847     
  0.483072957645694     
  0.487703305374083     
  0.493558506760788     
  0.530967077606592     
  0.497999588325934     
  0.472180337399548     
  0.489626085095261     
  0.470687619216273     
  0.481914662960988     
  0.476988505069005     
  0.518072526795025     
  0.448745586611351     
  0.513647007195013     
  0.447460471337791     
  0.493664409674054     
  0.475907140251392     
  0.467399583531954     
  0.504231621445537     
  0.545493884014551     
  0.459081167973081     
  0.504211112384879     
  0.541167819719058     
  0.448615498353888     
  0.509552108279710     
  0.526734205535627     
  0.555807249914857     
  0.507288578069747     
  0.517490290357233     
  0.491996225844711     
  0.514845107739789     
  0.522469785726002     
  0.558907648545255     
  0.494033656873052     
  0.486648415896980     
  0.536810610670976     
  0.511736354629056     
  0.439260306421642     
  0.471931705269970     
  0.488777910905760     
  0.460830989030076     
  0.485079801481567     
  0.525488695264946     
  0.488509234411864     
  0.521965849912304     
  0.429455279153044     
  0.482913069473115     
  0.513227204047718     
  0.506949681234479     
  0.483075615461133     
  0.473302821607109     
  0.515013295472408     
  0.512540636884574     
  0.507711901529270     
  0.512025167245977     
  0.482363192731055     
  0.509413392423192     
  0.505655661709516     
  0.474920531243309     
  0.504660477422198     
  0.494933838362885     
  0.508430064519310     
  0.494662394375839     
  0.514307781362976     
  0.453422953326198     
  0.447009279328692     
  0.490123225126536     
  0.499041300223722     
  0.508564310154842     
  0.444060071139710     
  0.460410194498573     
  0.516568359522631     
  0.506168846294938     
  0.458635108255136     
  0.493999152828037     
  0.517499965521624     
  0.494624803358532     
  0.480934728619436     
  0.478878442009105     
  0.510568663054584     
  0.543326600553857     
  0.441279779497052     
  0.487991331081555     
  0.442665329947505     
  0.515430890458170     
  0.476590954556294     
  0.512847427834888     
  0.453002161265888     
  0.478012416374873     
  0.496722672610649     
  0.496316225211213     
  0.505377614327746     
  0.481244281791362     
  0.492736545783188     
  0.505641202262966     
  0.548253623407022     
  0.472826556250083     
  0.516685166595539     
  0.480056406293511     
  0.504947269490129     
  0.496920928291428     
  0.468302904138199     
  0.521370549282081     
  0.500225736694343     
  0.514752919006297     
  0.465440464657889     
  0.501788850924480     
  0.513964284971204     
  0.493256985528002     
  0.518037013271540     
  0.468960539108218     
  0.496397447116938     
  0.548462790523335     
  0.497223425266817     
  0.528666520802866     
  0.492011448443607     
  0.486551088856809     
  0.504343820749575     
  0.475722995294748     
  0.512576151882203     
  0.489940003852291     
  0.489998326082153     
  0.496332465388617     
  0.493346745213577     
  0.488343585174637     
  0.447701141884140     
  0.479613513228499     
  0.477879495185764     
  0.519616143542530     
  0.464524326043138     
  0.507442596518630     
  0.495475441113864     
  0.502976290119653     
  0.488863524199981     
  0.474079332919529     
  0.492712255553268     
  0.509606639996476     
  0.477274743442941     
  0.518485204205636     
  0.503072190982353     
  0.496091510718177     
  0.520523597362645     
  0.467117045757437     
  0.477986100193203     
  0.488067136515383     
  0.503807698843380     
  0.491765117756934     
  0.519334617785555     
  0.530904476798372     
  0.520971678801861     
  0.488265087492859     
  0.427418191173480     
  0.475468208449742     
  0.475625032896851     
  0.453398249624419     
  0.517430362753918     
  0.475487008242391     
  0.548302435159817     
  0.538761460175906     
  0.504019072136444     
  0.435134179829004     
  0.542811990007975     
  0.495380091184962     
  0.498006127446615     
  0.490934805935682     
  0.538559241431842     
  0.520218404409752     
  0.487690788022067     
  0.488824389876166     
  0.497617406277326     
  0.473018050960306     
  0.503782808900034     
  0.495864118402091     
  0.548662751827358     
  0.517766526926870     
  0.467740828953132     
  0.522167855103195     
  0.480993721798952     
  0.498298459761936     
  0.497526321774297     
  0.486992074152445     
  0.540501281656105     
  0.485915017269964     
  0.533649847073508     
  0.499215200148991     
  0.513372298695493     
  0.517976859398228     
  0.479169592359461     
  0.475082057109722     
  0.519039370498233     
  0.485285583416575     
  0.559133536911675     
  0.483890460769780     
  0.510764215912418     
  0.508562948838576     
  0.561457222577243     
  0.459531299572553     
  0.461371657327586     
  0.450729796285911     
  0.480169437804601     
  0.452750336631361     
  0.487048554711701     
  0.514171924264874     
  0.507874767125661     
  0.473648554287922     
  0.483281663964238     
  0.477677834104853     
  0.527706916512697     
  0.457043921142050     
  0.454405033351867     
  0.519163307253295     
  0.514596272904065     
  0.540831663098543     
  0.294431096983417     
  0.337837947594745     
  0.315591633716143     
  0.271104613184699     
  0.307202442494330     
  0.321751257419496     
  0.379107399550458     
  0.406077539979413     
  0.348368902100567     
  0.349966046398827     
  0.363235812944920     
  0.403070211180993     
  0.335023573815298     
  0.356274526666256     
  0.275021628809402     
  0.380811027884972     
  0.291567548953421     
  0.339749172624155     
  0.325637341022469     
  0.338173137391509     
  0.352341945358612     
  0.351110958407358     
  0.317831238737318     
  0.417122891734304     
  0.355859396023657     
  0.383593237534904     
  0.260427775694119     
  0.375846641615792     
  0.319808436695640     
  0.309136182298772     
  0.346033440328593     
  0.354637934376459     
  0.324001694021250     
  0.373014018433692     
  0.362509709415978     
  0.295010619755031     
  0.383931499383207     
  0.349844307975492     
  0.362377765013152     
  0.343233266100336     
  0.336517899768194     
  0.392464904993300     
  0.374466918103028     
  0.327557704545011     
  0.384393374787315     
  0.329841252668719     
  0.331529044957070     
  0.343445528303525     
  0.346837918521443     
  0.331050637975559     
  0.368804918466186     
  0.359948770751563     
  0.334051446211359     
  0.426977844326438     
  0.267488942088982     
  0.366202172609168     
  0.312637118628808     
  0.307018066858404     
  0.356355465294125     
  0.326539147139181     
  0.418447728298645     
  0.287898418778348     
  0.283024733797871     
  0.351231777072876     
  0.325402355376482     
  0.311320591845412     
  0.282524737692795     
  0.341516251156238     
  0.391189252885876     
  0.373989951908912     
  0.337412902338831     
  0.375896906390279     
  0.310547840795626     
  0.331296994200648     
  0.392405233645611     
  0.344763918214773     
  0.347064954092128     
  0.350206788498838     
  0.364809135157953     
  0.406498103348370     
  0.426357836603990     
  0.284231906425696     
  0.363125878529762     
  0.448084479071888     
  0.394955819795268     
  0.289746237198844     
  0.326664327846836     
  0.400094605821239     
  0.395949234516882     
  0.431411615039904     
  0.401699427861249     
  0.280324363921120     
  0.325676365909904     
  0.345280762394647     
  0.301454303259377     
  0.379139217989303     
  0.343010513587954     
  0.368135461160920     
  0.298900384437165     
  0.387084751541112     
  0.311472868528273     
  0.334366324336536     
  0.288642322387006     
  0.328976349616905     
  0.351312647534483     
  0.329759259738949     
  0.286190779788496     
  0.370115043001044     
  0.353138738336048     
  0.401628824150110     
  0.259208069329246     
  0.367010218435764     
  0.391783010816613     
  0.369323194993505     
  0.332475020987116     
  0.451867822071320     
  0.344635589179413     
  0.355571229701443     
  0.299386408167451     
  0.420387122285545     
  0.356404946873150     
  0.394503029911269     
  0.363110706768053     
  0.342706451196386     
  0.411133617222070     
  0.400655140808357     
  0.331454576233246     
  0.316882440419131     
  0.347844808891862     
  0.371204748993532     
  0.372234488174750     
  0.332496996917074     
  0.386177017852200     
  0.335914890000499     
  0.349711361504230     
  0.342484322768405     
  0.409983550196212     
  0.368948385024108     
  0.313852905424405     
  0.467428632634165     
  0.370724967159720     
  0.356652455951505     
  0.264519933984031     
  0.386722949978555     
  0.308821847004666     
  0.363749321696225     
  0.317893873762250     
  0.350126439684276     
  0.412689938986574     
  0.322980222539484     
  0.368891694548945     
  0.300142339508320     
  0.365766932777988     
  0.325847435638939     
  0.471271053507876     
  0.327786349414979     
  0.287124318731594     
  0.370566257501395     
  0.338869176218287     
  0.368547244754101     
  0.346438718981693     
  0.357088289794689     
  0.331469785748135     
  0.382669395516576     
  0.264744108709796     
  0.290944430997296     
  0.339633327260318     
  0.346305615107757     
  0.315373029821513     
  0.289009028776852     
  0.337852572886189     
  0.361175175171534     
  0.265124692926272     
  0.347868019845190     
  0.280135976320762     
  0.338983395603245     
  0.441116063570439     
  0.312734466652460     
  0.362178037599323     
  0.321782407746950     
  0.322857610546260     
  0.361414119831510     
  0.306609137642465     
  0.377698461157448     
  0.333206343177213     
  0.361219630037439     
  0.324168773153697     
  0.362176221628646     
  0.285978497281468     
  0.279182889309318     
  0.294915450606947     
  0.403937800253518     
  0.299523280445122     
  0.366900160523004     
  0.354963599840297     
  0.372380715284564     
  0.352791340007127     
  0.349307700318442     
  0.344277001938143     
  0.349184693639949     
  0.314510748943058     
  0.272447775372992     
  0.316271470929047     
  0.333201708050462     
  0.332976440272059     
  0.273842500533075     
  0.430915668335088     
  0.290955706824120     
  0.262251730521575     
  0.326977021211371     
  0.307027920529447     
  0.307480948214951     
  0.424261844966767     
  0.331324983709768     
  0.283713435346456     
  0.364221350411288     
  0.384537870413665     
  0.302039677096147     
  0.387413605561063     
  0.338200838717280     
  0.413893360440632     
  0.388648302351599     
  0.336409754872743     
  0.317120402446145     
  0.314526328452322     
  0.304298094823495     
  0.341075610980702     
  0.329853648483210     
  0.380926206438722     
  0.372863013785714     
  0.346014343870841     
  0.247394994753713     
  0.440898286223743     
  0.366627832223100     
  0.355229350386701     
  0.335896948540641     
  0.308919871353666     
  0.337853531803167     
  0.329116938088514     
  0.356019541325159     
  0.312739665304118     
  0.295505495869042     
  0.365527919203810     
  0.308880526983871     
  0.361998039317506     
  0.431791873612761     
  0.301958376452299     
  0.325843802548460     
  0.355799779661760     
  0.315592455433040     
  0.319910796005043     
  0.290772551572092     
  0.371789426238430     
  0.352286829957825     
  0.457059509588960     
  0.376591935125445     
  0.344023188654750     
  0.344180956126073     
  0.306726983329200     
  0.389237428574808     
  0.332483512834902     
  0.394223871781067     
  0.457448849839417     
  0.251840118719458     
  0.393620583982212     
  0.345039300839266     
  0.331545955839587     
  0.316642242326814     
  0.395597584168685     
  0.309704169778632     
  0.428963567353124     
  0.276784659692081     
  0.343686916175884     
  0.410988902265174     
  0.335188698851623     
  0.316614457035585     
  0.405822904731814     
  0.298715791113827     
  0.430479889044242     
  0.390123378116966     
  0.273127417259682     
  0.332522063842099     
  0.351315331062728     
  0.285390631490769     
  0.394755851592726     
  0.272150261967184     
  0.339151666001068     
  0.270572527500907     
  0.336271670642173     
  0.259807398518619     
  0.329836838692925     
  0.350901797111924     
  0.365999175609537     
  0.340835327557214     
  0.378754435940795     
  0.379022661500827     
  0.318351096899173     
  0.351747308727055     
  0.317255223632998     
  0.283497047356699     
  0.254857912234883     
  0.282899752417087     
  0.345438910680733     
  0.321920006706697     
  0.298534361708371     
  0.383636804686656     
  0.290889759586579     
  0.312212077220543     
  0.382789028675024     
  0.233479383906680     
  0.258329340393895     
  0.394078001811680     
  0.292243312356407     
  0.345693185917024     
  0.337504211806098     
  0.355901039753987     
  0.396793850609568     
  0.298341135400027     
  0.354992712655473     
  0.341960684121450     
  0.352787082659685     
  0.308599539623171     
  0.325231944734555     
  0.349359999105039     
  0.370576427886759     
  0.272858364441882     
  0.335664602885750     
  0.350775006068524     
  0.278376146253113     
  0.435104182529483     
  0.325327898046756     
  0.326571617553314     
  0.428768953612346     
  0.343647917219206     
  0.397342482452026     
  0.311624424046272     
  0.376104239484399     
  0.342030155616261     
  0.335729003808510     
  0.333468476084965     
  0.365857596153225     
  0.349486442598034     
  0.310961925193479     
  0.460186388283881     
  0.383068787712355     
  0.292195888822730     
  0.358224415156322     
  0.327699530585868     
  0.288360692122657     
  0.369711004669628     
  0.331235919139239     
  0.291557682385975     
  0.393971398799187     
  0.404017908973163     
  0.360800204057410     
  0.344998685460900     
  0.322447156106104     
  0.357061656111792     
  0.312372389768258     
  0.397236491121633     
  0.416675561322903     
  0.389818508969601     
  0.294569219486440     
  0.322884296182625     
  0.355511640400363     
  0.326192339951761     
  0.458541561206064     
  0.339881639858615     
  0.292019488702071     
  0.322262737104188     
  0.448825622377491     
  0.294434092174211     
  0.357417257617554     
  0.406367307601849     
  0.364429136466236     
  0.396583469238492     
  0.407151112303058     
  0.352856087044333     
  0.311542036690467     
  0.315030567655359     
  0.288696923867932     
  0.327405243505287     
  0.292988921575190     
  0.288892170253250     
  0.283855379876747     
  0.338005455925156     
  0.357761769643615     
  0.322498557039331     
  0.338026364790204     
  0.269505245700593     
  0.290045074228938     
  0.311823409295075     
  0.388425184344591     
  0.357514833409816     
  0.354035505609463     
  0.347362935995880     
  0.339814802895583     
  0.300620261690612     
  0.386547457668557     
  0.322546524132149     
  0.266685202354356     
  0.359540094826505     
  0.344689943598645     
  0.293775673805556     
  0.307754620852620     
  0.335826249041351     
  0.428148206880178     
  0.298786148320302     
  0.362304207581810     
  0.304963113633012     
  0.323180702514483     
  0.345752382974453     
  0.274099774933475     
  0.351104912913118     
  0.363199369393717     
  0.329948747143790     
  0.359440399787955     
  0.378939331633859     
  0.421921578582629     
  0.442997821337009     
  0.262171074454728     
  0.339792610298806     
  0.405778600368374     
  0.397305969561904     
  0.351569094555430     
  0.379188102859607     
  0.313376086735060     
  0.366895822966977     
  0.355117372505052     
  0.345845046142630     
  0.410279496672850     
  0.268054439423459     
  0.318139592084623     
  0.290328962683598     
  0.377760004951091     
  0.300336416823061     
  0.379507115506985     
  0.405528680072601     
  0.337365906342205     
  0.331547393319504     
  0.318129718221159     
  0.324023227005876     
  0.357982802418234     
  0.343617416683877     
  0.320169055824799     
  0.354851236205394     
  0.351589668885302     
  0.426166245264737     
  0.357104489190037     
  0.316381294403301     
  0.314087013221696     
  0.290727344407672     
  0.288289045817463     
  0.284654808077352     
  0.291820055597528     
  0.389237380157924     
  0.372000830485902     
  0.372214670934320     
  0.333941788032568     
  0.357002560375576     
  0.345505984059858     
  0.381811270457209     
  0.361631520479507     
  0.360770337366119     
  0.328716002935069     
  0.314887583612373     
  0.345616390689441     
  0.392574178347671     
  0.328140398812744     
  0.394777630141179     
  0.365928791942334     
  0.369500898824388     
  0.313705970596722     
  0.297298145681962     
  0.396726850540037     
  0.402623235924439     
  0.351492760629333     
  0.283764144610285     
  0.284488141797462     
  0.365622619257736     
  0.313763826479649     
  0.300419023034347     
  0.323941393101792     
  0.310057346543845     
  0.302396331691041     
  0.330754217213160     
  0.318803705447090     
  0.285141670988840     
  0.285597130706647     
  0.366091690249918     
  0.329353405022170     
  0.297596305630116     
  0.368010502907228     
  0.418735314574805     
  0.449120714976788     
  0.341224761287194     
  0.276102826540599     
  0.443053756788040     
  0.425694025484143     
  0.357079502516314     
  0.430311704569748     
  0.275420938725326     
  0.318094483636828     
  0.282098314232325     
  0.393461922793082     
  0.338272547520405     
  0.379198991592596     
  0.308830211246815     
  0.402340237697755     
  0.321071611475271     
  0.327285553649366     
  0.359824275484285     
  0.317203281123310     
  0.361367953576360     
  0.402576655936324     
  0.396475665252131     
  0.290147985907762     
  0.320520283437898     
  0.348391106152954     
  0.342554230118275     
  0.344108986620418     
  0.339453696791359     
  0.337463820895748     
  0.339257550824098     
  0.375074531601178     
  0.381861092026179     
  0.312436919855315     
  0.397344377722328     
  0.320371680163845     
  0.329044287036348     
  0.299388546946183     
  0.326886178692445     
  0.272127774526940     
  0.450645229679707     
  0.331133611492818     
  0.294491414461590     
  0.412606175015624     
  0.331699906664267     
  0.333153014470081     
  0.318963182001182     
  0.350239718722923     
  0.363513694056706     
  0.394488368066301     
  0.272125528387311     
  0.410732444221022     
  0.399913520663982     
  0.394142782249100     
  0.401330069647727     
  0.302344825040558     
  0.331204244454753     
  0.359004281831302     
  0.421652117783701     
  0.283237781114282     
  0.328681689567477     
  0.323197162876900     
  0.361204769385770     
  0.328420273878001     
  0.443563926735236     
  0.309352696772974     
  0.325115544640546     
  0.342581377117451     
  0.304427309177540     
  0.391720229770852     
  0.346166372585220     
  0.342080754833589     
  0.349466674686546     
  0.359601121093014     
  0.332608661250854     
  0.374910981399092     
  0.306201104598765     
  0.325419300936849     
  0.342799538398023     
  0.337269634762720     
  0.399864218984723     
  0.314942516620702     
  0.412261657298047     
  0.359408813884778     
  0.342347311256103     
  0.332107210983108     
  0.357732037586937     
  0.385154925964153     
  0.338127880264631     
  0.304049100183987     
  0.361661370144431     
  0.329414013238829     
  0.345153159716940     
  0.287735388442579     
  0.313365259288551     
  0.360822086079117     
  0.370505868812159     
  0.398612930859073     
  0.375922497729229     
  0.316805246813903     
  0.408070533347853     
  0.308890790528007     
  0.290226918914950     
  0.287165750212681     
  0.303878829307274     
  0.364349162468621     
  0.295438301394946     
  0.321116511164468     
  0.283886721070397     
  0.393105558375243     
  0.278439029717624     
  0.430866781242318     
  0.323779154710197     
  0.367367876226485     
  0.258662366877528     
  0.287675718448249     
  0.406157081698855     
  0.314121546695639     
  0.327386901091076     
  0.295848934767179     
  0.320458612110640     
  0.341003854687555     
  0.327052526275257     
  0.331581725209993     
  0.358093364904885     
  0.357234862132121     
  0.289407920007903     
  0.362648365609804     
  0.281581567990645     
  0.301198151132497     
  0.301513749389819     
  0.284392779549804     
  0.371143053490833     
  0.411862559175161     
  0.321733364494133     
  0.322282598306967     
  0.380826310929070     
  0.310278788789528     
  0.431147918001392     
  0.354838339179756     
  0.354410910958409     
  0.366779045327227     
  0.283366129669651     
  0.337580327346745     
  0.342406808604843     
  0.342508530219446     
  0.345464111310580     
  0.344067013724617     
  0.315948944000476     
  0.301367854030136     
  0.308596755472805     
  0.352818011022051     
  0.318415264606887     
  0.353179835461620     
  0.374474119899038     
  0.358172875299172     
  0.276669768626495     
  0.355277685015188     
  0.366478896351111     
  0.328704358282495     
  0.331236245605139     
  0.361324714408922     
  0.400646070981040     
  0.325382233279248     
  0.346016088127408     
  0.297994683934088     
  0.294192399656149     
  0.303504651042175     
  0.400357654324015     
  0.481886811728181     
  0.430602216064999     
  0.378917657701284     
  0.370918931527522     
  0.370985401986993     
  0.325152799064161     
  0.344129521157439     
  0.434687124201193     
  0.286112606074310     
  0.300907812794021     
  0.306277836780818     
  0.385044398147997     
  0.293263949591524     
  0.345982298277946     
  0.412529487996676     
  0.304426546333773     
  0.310632875602271     
  0.315400903590963     
  0.335527524882146     
  0.286270793433506     
  0.331569310357149     
  0.294133503485109     
  0.423398983319460     
  0.268375377375553     
  0.332631981966838     
  0.380463637985948     
  0.419595402520003     
  0.410471670251527     
  0.342846749432610     
  0.258563678085488     
  0.268432402428746     
  0.383161198445842     
  0.323750317095586     
  0.393371184123792     
  0.294505317396696     
  0.323340440052310     
  0.367701444641786     
  0.395913555501218     
  0.389769250944993     
  0.331060626716047     
  0.317581811430423     
  0.303945179806544     
  0.583503519092757     
  0.338426920617915     
  0.391161860035893     
  0.406468903093505     
  0.318244311801870     
  0.372368045601688     
  0.280318184610309     
  0.364763053101163     
  0.276838702143421     
  0.432124063078867     
  0.279330004577279     
  0.382796221529447     
  0.347815811214435     
  0.374827768138065     
  0.299568964290344     
  0.416120109657516     
  0.297646406249782     
  0.357221869837765     
  0.317968610814914     
  0.374984696127990     
  0.333572998345502     
  0.361498172016818     
  0.356391406706322     
  0.352289242239962     
  0.325975934406908     
  0.315413853402093     
  0.329293081872280     
  0.386464795975048     
  0.361138016242065     
  0.379571713148169     
  0.334084553014868     
  0.415777704267552     
  0.297334367492736     
  0.261848400156649     
  0.458979648196446     
  0.318388884764037     
  0.315928704456079     
  0.328996240892025     
  0.353670597021401     
  0.371426718723593     
  0.366234093373062     
  0.301112481792864     
  0.314304744016406     
  0.376895329719172     
  0.308203762503538     
  0.400509823804589     
  0.304168842855135     
  0.365003059021830     
  0.369718490649505     
  0.338484523897291     
  0.287760468007074     
  0.352121210305622     
  0.327311514123234     
  0.336549358724739     
  0.310393901118915     
  0.308503121171593     
  0.432021308386181     
  0.366515742805935     
  0.321042252327077     
  0.367505431961614     
  0.320381513235000     
  0.347967237027223     
  0.300396304285512     
  0.372769064454604     
  0.348519714502895     
  0.417768512517156     
  0.354644115144507     
  0.326657506531751     
  0.312627276631477     
  0.325041312649411     
  0.319581367108711     
  0.382223166008573     
  0.377712650098786     
  0.319691864285318     
  0.348430426122704     
  0.319906871960076     
  0.397122039079440     
  0.379009376050293     
  0.284854789380205     
  0.429847526032679     
  0.290790685088106     
  0.288788879120435     
  0.334989512939638     
  0.288734809740185     
  0.323206090232616     
  0.390543661179212     
  0.345952310687813     
  0.362549332950531     
  0.338027568334286     
  0.333605059730707     
  0.335761519678036     
  0.291998342853193     
  0.320142698536511     
  0.281679529452894     
  0.335906706730127     
  0.315043782769146     
  0.334850275595438     
  0.387538384286724     
  0.297186252830865     
  0.303085448830315     
  0.297730038506252     
  0.365968438862040     
  0.434089967692364     
  0.315609874953976     
  0.336330809595681     
  0.376107367542053     
  0.298324184499445     
  0.366899521172695     
  0.396742600662702     
  0.426708230129052     
  0.370194700476805     
  0.328826781420830     
  0.304919951746862     
  0.361091863628309     
  0.449845705209115     
  0.487424003946342     
  0.345231510332448     
  0.337570515465373     
  0.380051324358185     
  0.419045801993750     
  0.260318633154555     
  0.307074072441975     
  0.294703052978331     
  0.297800525754502     
  0.300332334625162     
  0.393180702221677     
  0.350552748251277     
  0.395823496750178     
  0.273801328450401     
  0.306952274924750     
  0.341655855806542     
  0.335672282310555     
  0.317269591403953     
  0.288553393043692     
  0.353085614096271     
  0.368994092687442     
  0.380455620995518     
  0.361839061834948     
  0.390065993796327     
  0.357495695999459     
  0.307963317244355     
  0.338416679596165     
  0.376325740625431     
  0.322921760607929     
  0.337289870414385     
  0.349519311594098     
  0.346509647576187     
  0.243189802779342     
  0.292226235031785     
  0.331362201331434     
  0.372855805362576     
  0.324274757272307     
  0.246201450710793     
  0.257748496667255     
  0.317993330993569     
  0.371882301726694     
  0.316049443896210     
  0.381464985083435     
  0.359520267194042     
  0.390178044502599     
  0.286579136684121     
  0.313807448320893     
  0.372474919433954     
  0.345712489943047     
  0.271725536630515     
  0.364251933890751     
  0.295046320306995     
  0.382081156052720     
  0.367044268242498     
  0.318997576518233     
  0.316839148827886     
  0.339773891748985     
  0.347682040617797     
  0.367194389876003     
  0.341403489828584     
  0.339174787793173     
  0.357902480436982     
  0.329053388727524     
  0.443956127886290     
  0.330514632213392     
  0.369646314917635     
  0.340488558467911     
  0.348668578252063     
  0.374617042329061     
  0.262051128421071     
  0.368415588845977     
  0.347100889074450     
  0.460314244396825     
  0.278036538828972     
  0.362980250355474     
  0.351541205312326     
  0.333836246268820     
  0.345097946641180     
  0.330062400895970     
  0.327526247009434     
  0.371262210122125     
  0.329687684874008     
  0.373279730177838     
  0.379983958235176     
  0.329551517244577     
  0.348471716843731     
  0.312800352164064     
  0.346616111124646     
  0.313322824118367     
  0.425793404966957     
  0.343675014870381     
  0.373870832719860     
  0.287518350052485     
  0.261326390991545     
  0.345110564481965     
  0.325647564046142     
  0.424569585601952     
  0.319085427001046     
  0.349886175416695     
  0.338841903305037     
  0.373455940707424     
  0.301481361691306     
  0.305606598180930     
  0.340219495649738     
  0.370235543631503     
  0.298359136746233     
  0.331005076420699     
  0.298409901139647     
  0.364634454585974     
  0.417475708321600     
  0.297923949044827     
  0.300870106287366     
  0.325318444656971     
  0.343438630957419     
  0.324988042149544     
  0.404209856610468     
  0.449083666274198     
  0.340120743516267     
  0.337714556233341     
  0.257737586662504     
  0.327208746532040     
  0.355877018710453     
  0.277024390970286     
  0.424676586548207     
  0.320145174661967     
  0.419462690969362     
  0.438018764457475     
  0.321983946912886     
  0.264922601825196     
  0.400301980214400     
  0.386899267338962     
  0.330099382073754     
  0.359950965633976     
  0.396823451861103     
  0.356707509041310     
  0.329521394363394     
  0.310540656717512     
  0.373002159589665     
  0.300832623725415     
  0.353109099350733     
  0.341665853928593     
  0.383676513474641     
  0.352147421998243     
  0.301296296375075     
  0.421315102634224     
  0.294904426066615     
  0.344285562996333     
  0.352478833566839     
  0.312173605435932     
  0.474723065930285     
  0.303632010358120     
  0.400921669190791     
  0.410928483866684     
  0.408033496872819     
  0.372417534932540     
  0.321950948969901     
  0.347987755922653     
  0.366116669739272     
  0.397479290535502     
  0.434582852533261     
  0.331102386949512     
  0.351859760099999     
  0.330755941885797     
  0.479425931980950     
  0.274985392831497     
  0.288664092161775     
  0.278841758737223     
  0.326716606840779     
  0.290508580219486     
  0.351472169459532     
  0.352782423631032     
  0.373914711619660     
  0.335341964401588     
  0.277875237353004     
  0.290137013317174     
  0.398739565964602     
  0.273774476161225     
  0.260565187312892     
  0.389233720034846     
  0.356731413392138     
  0.451789153475819     
