  0.488608845869052     
  0.562495536517913     
  0.483251238805788     
  0.513519364082513     
  0.471633845377416     
  0.536972477997236     
  0.498989930003916     
  0.514107122893870     
  0.540221591397693     
  0.540978992020087     
  0.472097272461212     
  0.492121383942043     
  0.499918220401917     
  0.508172982677600     
  0.542861986394161     
  0.467860638501576     
  0.488940969667385     
  0.473864121687517     
  0.479937065784253     
  0.524177647402938     
  0.508443917261755     
  0.542899582486477     
  0.433097225649784     
  0.539103923018324     
  0.520118170709804     
  0.470941789581483     
  0.458067684049554     
  0.502807294531143     
  0.467757041036214     
  0.505420370449698     
  0.543947219437249     
  0.547355622611372     
  0.479368561260275     
  0.507013415663218     
  0.559856076768678     
  0.529744450686019     
  0.487221444290478     
  0.458249893728856     
  0.487781770293547     
  0.481805713306395     
  0.481141243043385     
  0.529152084499266     
  0.484942052931963     
  0.508983317231669     
  0.504777577045000     
  0.503359044907767     
  0.484528650516976     
  0.448821401472224     
  0.479061059554544     
  0.487643926097141     
  0.500374802058635     
  0.476574028262410     
  0.480357678339650     
  0.435720824651748     
  0.540519309354903     
  0.500322367091719     
  0.488995925619758     
  0.495865005343629     
  0.530588371831882     
  0.522814836136162     
  0.472011319197348     
  0.501533379612247     
  0.476095422140492     
  0.494331701296790     
  0.521163438586624     
  0.529433525479931     
  0.524283319796986     
  0.468298050703846     
  0.494923899698130     
  0.497553528686388     
  0.517682622609779     
  0.463910726105165     
  0.518916320585823     
  0.452755273304907     
  0.513989638014045     
  0.493106556478887     
  0.498953677835116     
  0.485183866268115     
  0.487225203966838     
  0.499096393418616     
  0.522100097382025     
  0.500811782093113     
  0.487812668364004     
  0.515570769769835     
  0.494245721210267     
  0.522073271913350     
  0.496321588285028     
  0.509132466019303     
  0.499380822097296     
  0.472678881916771     
  0.510700054289072     
  0.500351281076034     
  0.493310757868358     
  0.524291202940571     
  0.485330711566316     
  0.521042037903596     
  0.531478813523142     
  0.515610620003457     
  0.489292421303488     
  0.469692635066983     
  0.483879064452974     
  0.483265663772538     
  0.507154528267304     
  0.558230588029750     
  0.465917229016220     
  0.532980934166683     
  0.511088642032875     
  0.464034689916584     
  0.491598027557823     
  0.517153678999608     
  0.490288016849131     
  0.504970359829895     
  0.467695328013815     
  0.443920574910342     
  0.496407552044649     
  0.538337327019752     
  0.503055710549015     
  0.526532455223647     
  0.468326687113812     
  0.501249334500192     
  0.476799207401647     
  0.545446538809384     
  0.484606709116442     
  0.524129390171873     
  0.462154856525707     
  0.499680707269966     
  0.502838627451505     
  0.492807856457246     
  0.525269912826934     
  0.495772994417073     
  0.487818627493302     
  0.504213339587508     
  0.475814549029450     
  0.548664366625618     
  0.509078132253995     
  0.483805649879073     
  0.496578653565628     
  0.519869681872248     
  0.558351212151864     
  0.468911209891436     
  0.497854561668032     
  0.474707034368482     
  0.536703059595470     
  0.501997658174167     
  0.485541913883066     
  0.557926300084463     
  0.505979646872211     
  0.507961542694327     
  0.461611456681349     
  0.462748284200971     
  0.507304700596081     
  0.503061540122326     
  0.518825707498969     
  0.528174121048274     
  0.501588463293261     
  0.538822314054045     
  0.479578042898362     
  0.524399155115707     
  0.544397899288529     
  0.501807068915128     
  0.500218832256001     
  0.478703909212481     
  0.550132663457361     
  0.503483716248959     
  0.489072966441128     
  0.500014849596952     
  0.489310776102887     
  0.486840714173087     
  0.522091411049204     
  0.489672863166455     
  0.493853544849426     
  0.512545569292379     
  0.506311869511889     
  0.496635195820302     
  0.498498706667163     
  0.478302993047566     
  0.483396198935228     
  0.483995382452947     
  0.463593756909499     
  0.529501029257346     
  0.467799189139648     
  0.504450949291418     
  0.483703562756599     
  0.459656857166758     
  0.516768627493470     
  0.458859284802537     
  0.527402522599696     
  0.467174820967764     
  0.503242286189843     
  0.499835816620324     
  0.536300498054576     
  0.512805584588918     
  0.497263064686748     
  0.554206071642315     
  0.506190690568239     
  0.520631767266383     
  0.526696804425076     
  0.517057700229559     
  0.513558054173280     
  0.471330058599355     
  0.469548789498473     
  0.486817099366263     
  0.527221165084821     
  0.503506767012599     
  0.511092467025849     
  0.497935018161285     
  0.473328720352724     
  0.530107270963333     
  0.465748897632281     
  0.521611482086398     
  0.505511155748891     
  0.492638148934209     
  0.511326398009798     
  0.485464057107839     
  0.466140946375729     
  0.463484691116318     
  0.495230870440283     
  0.492665878970942     
  0.460257848492339     
  0.513968434641832     
  0.500288458089746     
  0.489443357105691     
  0.528769249816876     
  0.506704442726028     
  0.489311590712484     
  0.467226503813363     
  0.472692263684257     
  0.500960115564536     
  0.528226583681382     
  0.468321851506418     
  0.503009958810533     
  0.454571825593995     
  0.460336479854780     
  0.517531637140646     
  0.484453108541044     
  0.506754859833486     
  0.496908140173430     
  0.492085619160545     
  0.500490575804023     
  0.510236282683594     
  0.515915040427168     
  0.532590342519254     
  0.491150331356393     
  0.506113268350616     
  0.486372971478763     
  0.506124395998529     
  0.538083290365989     
  0.460725123354589     
  0.479360911698833     
  0.486190890526581     
  0.461755785214063     
  0.507367663370511     
  0.491653934357805     
  0.505974274340919     
  0.510830706140179     
  0.486818838914646     
  0.483134425347277     
  0.491354272177315     
  0.450589938193768     
  0.455188144013766     
  0.493934281453189     
  0.477221640632292     
  0.485710244082885     
  0.476693995250098     
  0.493330096644157     
  0.504475236904282     
  0.516336296541874     
  0.491351018160476     
  0.487457533960056     
  0.514711889650794     
  0.492607878708348     
  0.552045112527852     
  0.509638348722902     
  0.529036658801118     
  0.477990054488071     
  0.432774235046909     
  0.511990144247150     
  0.443925682392721     
  0.473800926894791     
  0.464541823276541     
  0.459878777653629     
  0.499047233463407     
  0.527178634135927     
  0.502478336034380     
  0.504496137677518     
  0.506615528638098     
  0.471874883314802     
  0.513288542279573     
  0.524713463767282     
  0.537199286028696     
  0.491353053509741     
  0.465697772530049     
  0.493900945461690     
  0.516554987248212     
  0.505925503522199     
  0.421461782897120     
  0.487519736878373     
  0.518462656739402     
  0.509196020442372     
  0.523206623962312     
  0.466167678681649     
  0.479598234091054     
  0.476703299539100     
  0.486685478609791     
  0.478257615604009     
  0.454286142195144     
  0.511834929257196     
  0.524674699746896     
  0.482995347936123     
  0.440190784682185     
  0.504841626026796     
  0.468473897229600     
  0.502632782136248     
  0.515085219991044     
  0.472587026882837     
  0.514803148999696     
  0.509012420899489     
  0.552721649633130     
  0.469777892444608     
  0.454619377726762     
  0.533038321331824     
  0.481547523517397     
  0.475960721872718     
  0.495723178544429     
  0.512172971644239     
  0.531204953812986     
  0.549825542415388     
  0.502964310348840     
  0.492812473966843     
  0.495070250084317     
  0.512524166117385     
  0.508481366681232     
  0.504979367415154     
  0.503106516870071     
  0.502064392336261     
  0.449471735415840     
  0.518948229674443     
  0.481210872350483     
  0.524482102495448     
  0.515502845479451     
  0.505881441478394     
  0.506463337613146     
  0.459586358471860     
  0.528818346080439     
  0.450083789232530     
  0.469423918336734     
  0.528898662377036     
  0.516927371403584     
  0.445873877487704     
  0.460746331592431     
  0.536388273552964     
  0.459520646005200     
  0.492110204999310     
  0.502449073404773     
  0.491544135841155     
  0.549769475181345     
  0.526786326158669     
  0.525152503158669     
  0.524309985478170     
  0.487103767289900     
  0.452343674482373     
  0.433468621783691     
  0.474093759336770     
  0.568034753912061     
  0.502425296044512     
  0.499341908764614     
  0.419019778980461     
  0.471275474390507     
  0.516111440117581     
  0.513528245617972     
  0.470890034015903     
  0.484253114536741     
  0.491277408264581     
  0.512401893058209     
  0.497055594781032     
  0.518072489006628     
  0.479917183364223     
  0.512024202188800     
  0.489885212069236     
  0.532128141555801     
  0.532651280547592     
  0.532110185280098     
  0.488207462707827     
  0.503854345845716     
  0.477723528331783     
  0.426161575548696     
  0.505738938771146     
  0.518654097789999     
  0.491785027056083     
  0.506440146421512     
  0.516076964413304     
  0.532231984708659     
  0.498654554745042     
  0.490562229576192     
  0.472261649663679     
  0.505320877460379     
  0.488365157307430     
  0.495225093450628     
  0.496512272250760     
  0.543062986376584     
  0.506684598585501     
  0.457501804671370     
  0.520083052247787     
  0.473945058973494     
  0.490427438597915     
  0.512809013048958     
  0.528538295336660     
  0.475352785626943     
  0.489907584675567     
  0.484111734167981     
  0.473647819348849     
  0.500331288302643     
  0.491592267687189     
  0.489554086313907     
  0.465403621787818     
  0.507342095006555     
  0.496482818789980     
  0.500556530601896     
  0.503924525824465     
  0.463720651995735     
  0.470198018525307     
  0.511589168907187     
  0.474295835412085     
  0.492536443365594     
  0.509803167504637     
  0.487395458825187     
  0.495983648044746     
  0.527424157368699     
  0.502793051477621     
  0.546564670925934     
  0.525158001221704     
  0.501447602024291     
  0.503865785123601     
  0.477363225677825     
  0.527418296935450     
  0.506078233875223     
  0.471492787746735     
  0.510749228372746     
  0.502083114073636     
  0.504756735906701     
  0.531562707718440     
  0.426696274535950     
  0.466667351512464     
  0.487377556361537     
  0.474559394708911     
  0.471796618819733     
  0.485442141921245     
  0.531544564732191     
  0.550139130095648     
  0.505158124531100     
  0.484086536598918     
  0.486535464948116     
  0.469544911963541     
  0.499088600715501     
  0.438786414107270     
  0.521333599556171     
  0.495688948170899     
  0.486269931421721     
  0.515134562917543     
  0.470517927800290     
  0.491998401698827     
  0.517180427374079     
  0.489458808219258     
  0.525663634276154     
  0.515807944844798     
  0.491510976815557     
  0.472836103318002     
  0.495504686341714     
  0.510784325837571     
  0.538235168681892     
  0.466731510043101     
  0.477731951836322     
  0.543340197058056     
  0.512086314475136     
  0.520551613293307     
  0.538157980463248     
  0.471288963747725     
  0.439835901905183     
  0.464290652195524     
  0.518027897714740     
  0.493116397330049     
  0.546282815769556     
  0.557807379086407     
  0.505171443381747     
  0.472142841849805     
  0.462296179566951     
  0.490887657543527     
  0.525825622168550     
  0.520739732163795     
  0.524103175193441     
  0.468948059025227     
  0.479374708268398     
  0.542546964292179     
  0.443675862040498     
  0.545329877263126     
  0.483909455767960     
  0.503799124177007     
  0.509170374867457     
  0.512548926819882     
  0.473535955315410     
  0.485509051545353     
  0.513748310054674     
  0.509416832557481     
  0.469378063323451     
  0.484899817331516     
  0.485930323335603     
  0.487061691269034     
  0.463624923399509     
  0.498403633650919     
  0.502867852239979     
  0.506101234526596     
  0.449436955062106     
  0.511518990600982     
  0.515054656303592     
  0.477367048532585     
  0.508858162597562     
  0.509720960436648     
  0.516806750671418     
  0.520173874897983     
  0.534859914172725     
  0.472418822185848     
  0.478226081928579     
  0.500567212684484     
  0.526552443091236     
  0.475228812414663     
  0.482781915438670     
  0.500984414671594     
  0.484790863844101     
  0.499780079646969     
  0.513579833070773     
  0.479332506432068     
  0.536815219011782     
  0.485231405521367     
  0.497064185877623     
  0.523717838425295     
  0.445519320527963     
  0.484850966143870     
  0.519435162135217     
  0.497659954512746     
  0.461779944873367     
  0.481906254210968     
  0.460185315644618     
  0.489583748341598     
  0.513825585870250     
  0.464288706982883     
  0.474654654247239     
  0.493186611063882     
  0.506408641968552     
  0.482373594793645     
  0.475246051336612     
  0.539295492467315     
  0.562363259495988     
  0.497322637302225     
  0.516461841138442     
  0.545798944591966     
  0.474386934290298     
  0.484814205238651     
  0.502966444060932     
  0.470502408778342     
  0.508350052056657     
  0.499288128685968     
  0.507529245313725     
  0.536540601096778     
  0.528751539879250     
  0.537137229276365     
  0.477993502170991     
  0.481336600587295     
  0.484421221419152     
  0.491952514060882     
  0.558309655531921     
  0.483949949001803     
  0.526198939315373     
  0.487951831522147     
  0.538546246427051     
  0.503020942077090     
  0.529663294175827     
  0.505699280154126     
  0.460868879100845     
  0.473337733868418     
  0.466321235897289     
  0.470449289599932     
  0.489810643397720     
  0.499194613281883     
  0.484700163003735     
  0.460256922728831     
  0.537142039646282     
  0.463758861662953     
  0.506960145814446     
  0.483310166941175     
  0.529899637865166     
  0.556802330499099     
  0.526933923399604     
  0.542158406188815     
  0.519037843317363     
  0.489165191844010     
  0.456385913380240     
  0.543684029330826     
  0.510828154432194     
  0.477283976737448     
  0.528198769083053     
  0.514690608972120     
  0.532694232796410     
  0.540231151406708     
  0.459112153531738     
  0.524450450524059     
  0.521362572643323     
  0.534359834309192     
  0.497464987156317     
  0.495934166531997     
  0.494464110142439     
  0.520021026780077     
  0.493766769232407     
  0.457905837944005     
  0.487908492607586     
  0.469106764339665     
  0.458999906659294     
  0.552919472292092     
  0.518894534601627     
  0.489224186393695     
  0.493192071430847     
  0.465545393821763     
  0.472907159152920     
  0.478057090382756     
  0.462162535314104     
  0.539189739839432     
  0.470576020228546     
  0.528347008913209     
  0.483690873873387     
  0.491035798636927     
  0.506757342395243     
  0.496295203352682     
  0.528215992729208     
  0.480069451316165     
  0.489688780504993     
  0.501096794625623     
  0.504140552751498     
  0.491094783371590     
  0.479176252591768     
  0.531272443545899     
  0.498434926449384     
  0.511067890486142     
  0.482963174477751     
  0.497014032905021     
  0.542483108525249     
  0.528669023372671     
  0.515013122922129     
  0.473886709079385     
  0.502313624977264     
  0.520639748400021     
  0.519511369028581     
  0.481537126446038     
  0.495103530179328     
  0.528701898828089     
  0.495598437426657     
  0.503072515787909     
  0.500990942189520     
  0.452445626224231     
  0.480656275542745     
  0.517334055166921     
  0.496201693747068     
  0.531625803887196     
  0.485062537727635     
  0.523336172057194     
  0.470582611849010     
  0.539403879314221     
  0.503973013873185     
  0.500213993658862     
  0.520569616835813     
  0.501417611194778     
  0.508623267830782     
  0.473544387665619     
  0.515008421219073     
  0.495281263356922     
  0.488312364839741     
  0.510312648043626     
  0.466828469074412     
  0.481458089227705     
  0.470525870507319     
  0.507503064515093     
  0.524832525149279     
  0.467183521324427     
  0.497032920751654     
  0.520324750081790     
  0.438205523121471     
  0.484425977197332     
  0.500403501383418     
  0.491395579848809     
  0.544067650785365     
  0.496146667781488     
  0.474730236435793     
  0.512903541776195     
  0.558641755346845     
  0.468166013475135     
  0.469831704016823     
  0.506915378029697     
  0.503800800508537     
  0.499297542496896     
  0.523542388115060     
  0.493799711596459     
  0.481569834352289     
  0.450037724411765     
  0.494320443470991     
  0.400344751092528     
  0.483717288589510     
  0.510082368508516     
  0.516019753429609     
  0.470710902284712     
  0.520851627218409     
  0.496089801209820     
  0.485786019450946     
  0.538519535024919     
  0.516211026488125     
  0.520607801280347     
  0.498319062415670     
  0.490212091993833     
  0.484620910907877     
  0.555380734103325     
  0.536128760232522     
  0.484907561909938     
  0.457613188594849     
  0.501357495409050     
  0.504686127942531     
  0.459560032110691     
  0.495363485884111     
  0.496100791121135     
  0.479794857820155     
  0.479761677330510     
  0.505338790714524     
  0.499240938954759     
  0.449523642356200     
  0.526818258043171     
  0.469933399894617     
  0.500410103258009     
  0.469173609820321     
  0.483583858565635     
  0.495183095409139     
  0.505721346929577     
  0.513967539084729     
  0.493701779141310     
  0.498108264484509     
  0.488022266383702     
  0.505513057517576     
  0.441293579127686     
  0.541010270714946     
  0.509466053380032     
  0.524907935972587     
  0.449969267328189     
  0.523471987911526     
  0.488611056107579     
  0.509870149979120     
  0.526437010539799     
  0.498338218459627     
  0.459813474975992     
  0.536685290030983     
  0.474585964305264     
  0.535831484607641     
  0.482232149000502     
  0.453661397413752     
  0.454867761336724     
  0.520385677386365     
  0.475551317311106     
  0.522303794804568     
  0.505628762723763     
  0.464093196953956     
  0.497171300435860     
  0.527126206619544     
  0.512153860271236     
  0.517947163521705     
  0.537133920232817     
  0.548149287171523     
  0.489655838604123     
  0.500513900066899     
  0.489605259775647     
  0.491328928082900     
  0.470421269462608     
  0.489877598491367     
  0.523196823433469     
  0.526962087967381     
  0.468007559307737     
  0.503686905657334     
  0.483171542558730     
  0.505458061218441     
  0.476714457881798     
  0.484315603345085     
  0.500427315230477     
  0.480275975491820     
  0.467245701392554     
  0.538747385077786     
  0.505874821186301     
  0.518652892508909     
  0.524130949191794     
  0.488536712740408     
  0.482580109694315     
  0.527128129189712     
  0.504102171027147     
  0.495890580380352     
  0.483682236896206     
  0.487981522091113     
  0.484982811916481     
  0.485137117342997     
  0.529730040864901     
  0.500806436774886     
  0.477142333182067     
  0.488732035742433     
  0.496094354464272     
  0.540897861762704     
  0.529611639330480     
  0.512393391307585     
  0.535486658800405     
  0.515743660542075     
  0.514246846991437     
  0.494475172505178     
  0.461312539162497     
  0.542898504004302     
  0.509297866653370     
  0.471953801334663     
  0.532448386908208     
  0.521439123635928     
  0.435840468261961     
  0.508792551825555     
  0.507048483158791     
  0.491612637213001     
  0.498418992223411     
  0.526759022442859     
  0.542389550351907     
  0.477208368182581     
  0.447056007106047     
  0.476970743188350     
  0.502017079406346     
  0.520268770618907     
  0.506066151247443     
  0.518394214508945     
  0.513035239126259     
  0.470699918055663     
  0.460184228215267     
  0.529177349320216     
  0.541309848066760     
  0.510102783375873     
  0.495530539792901     
  0.550450475507559     
  0.504699216050069     
  0.515148958299471     
  0.533775552282682     
  0.564342222903280     
  0.532969463511711     
  0.477050279655635     
  0.506327947645771     
  0.459997967214319     
  0.514433166400219     
  0.508815191812322     
  0.481192260477174     
  0.496392123646137     
  0.545423518237317     
  0.460920944150151     
  0.495747359137372     
  0.495449306620928     
  0.483360038091889     
  0.466771923095482     
  0.483185217809194     
  0.473465636713138     
  0.545970550843917     
  0.564588544611179     
  0.480954613833256     
  0.467044695100237     
  0.521814822956185     
  0.482159611324923     
  0.438634488855922     
  0.449387983237985     
  0.540713689325142     
  0.532986509889084     
  0.517075521863745     
  0.488930225724058     
  0.515786103600743     
  0.442634740626955     
  0.491354740938664     
  0.495834192605148     
  0.538352358039663     
  0.484395654186903     
  0.516340908773465     
  0.463919444587740     
  0.507192878606865     
  0.500700936803637     
  0.498233876403874     
  0.529840686043377     
  0.487541423979617     
  0.498328709484348     
  0.483343539237358     
  0.507887871659524     
  0.465829310738680     
  0.498495645158253     
  0.468202311539210     
  0.472095791526558     
  0.520005686067585     
  0.493946462382391     
  0.498169062515238     
  0.485682371033964     
  0.513540820151313     
  0.475243323875784     
  0.517662665108393     
  0.499982187550622     
  0.504627496990635     
  0.542457276798497     
  0.473292980192178     
  0.505574387008108     
  0.461805803453869     
  0.496256663321758     
  0.483433898344445     
  0.553028055409060     
  0.487682914426491     
  0.496482131215329     
  0.480172336132633     
  0.483151494763880     
  0.528752975984821     
  0.476783189316340     
  0.504149666462872     
  0.456938760639150     
  0.481530921698284     
  0.485892850224488     
  0.517104074715112     
  0.506256175839923     
  0.520571580410297     
  0.509112738348788     
  0.531531008278075     
  0.516889281037380     
  0.506092335206772     
  0.524349504312529     
  0.529510704983974     
  0.466576239013384     
  0.491945280678124     
  0.536958579785833     
  0.511970194239540     
  0.514791601428401     
  0.490758921066109     
  0.508229643189000     
  0.525310217408159     
  0.478005445473785     
  0.509528336686681     
  0.483139268711648     
  0.486494270984727     
  0.510774144775352     
  0.490831220683717     
  0.497001690731413     
  0.503590127808982     
  0.481523507468117     
  0.503169227485860     
  0.491031680985487     
  0.484485455335278     
  0.469136194007267     
  0.508843481132567     
  0.523468031781872     
  0.493984086117867     
  0.570146038990621     
  0.528913935963761     
  0.424024271500787     
  0.470303365029906     
  0.485751471356849     
  0.460371842940973     
  0.512197319361319     
  0.477910943244089     
  0.535695085886153     
  0.466503562550582     
  0.498155089186169     
  0.472093446134959     
  0.507988318405529     
  0.495927612692625     
  0.513135802790376     
  0.490373591995851     
  0.546392138519360     
  0.508915506568318     
  0.491351453282852     
  0.528977555604928     
  0.498642601944885     
  0.549890682597269     
  0.454322567829179     
  0.486260670173228     
  0.523984934463827     
  0.504141248063121     
  0.485011537129861     
  0.491694972034918     
  0.454448500038547     
  0.479370469478669     
  0.485895503294043     
  0.507961485938616     
  0.505568940438603     
  0.509882458367169     
  0.503306419332986     
  0.517603997995299     
  0.490438264081683     
  0.495200723024235     
  0.477729824258780     
  0.496806857258911     
  0.495172678048179     
  0.485848841043137     
  0.503980588126879     
  0.496591730315038     
  0.518202090170559     
  0.526063923241431     
  0.511521214098670     
  0.518150089480511     
  0.505793277426651     
  0.300953030191487     
  0.421412945644944     
  0.362519762785409     
  0.415029191954024     
  0.321786217164503     
  0.395596875637030     
  0.340705014837768     
  0.371910735383962     
  0.385934364005597     
  0.423781264859199     
  0.324138117493347     
  0.317789626109691     
  0.309267207086427     
  0.311767546637372     
  0.372375587294850     
  0.313785772300885     
  0.322945836391694     
  0.314795109854262     
  0.333809405664016     
  0.353767329111551     
  0.400933058097175     
  0.330722163445401     
  0.261931091583569     
  0.384930084815524     
  0.380422605444040     
  0.311502155563651     
  0.276943405269324     
  0.337835497827132     
  0.302010818351755     
  0.373441519548316     
  0.402482036621286     
  0.433770022792556     
  0.321117966195497     
  0.340543609710002     
  0.436870515226882     
  0.454895085063420     
  0.322265261516290     
  0.290941754578243     
  0.299219065017692     
  0.329053733342687     
  0.321588041513076     
  0.399833739049701     
  0.321524992810714     
  0.348282682912848     
  0.340081861675685     
  0.351611144944752     
  0.314111309454124     
  0.254147530216875     
  0.364775804151796     
  0.314668249009295     
  0.374863765281881     
  0.304092769494792     
  0.348998579385095     
  0.255023705514404     
  0.419800298895591     
  0.428117880691744     
  0.341239841124030     
  0.365955950361739     
  0.408231841236113     
  0.423140562177056     
  0.320129976932275     
  0.376367829209362     
  0.304116504053391     
  0.362985837944458     
  0.350641377274861     
  0.392623663248058     
  0.401644617878760     
  0.319985371035227     
  0.345571571664415     
  0.467309365348190     
  0.356208498578615     
  0.311431946436383     
  0.451483032791227     
  0.299747679199065     
  0.375406282217571     
  0.281847156034374     
  0.334622833646047     
  0.315612524309808     
  0.310826498918197     
  0.312421600733089     
  0.323690797869327     
  0.318504321669622     
  0.293223948030028     
  0.362663823629564     
  0.309065809832717     
  0.394495215504339     
  0.403800723257156     
  0.351933924416701     
  0.341044610553517     
  0.349217081291515     
  0.375545095551062     
  0.327078925547971     
  0.368347625203662     
  0.386200373705364     
  0.356387992230110     
  0.452041248048570     
  0.366079554090731     
  0.339786645494820     
  0.317590587177797     
  0.315395719831850     
  0.321885994704310     
  0.341242391465586     
  0.358117506293976     
  0.410548334652404     
  0.330524103949147     
  0.374747911622774     
  0.370704484254045     
  0.305557519442686     
  0.363143863947948     
  0.405666355204112     
  0.309200429255220     
  0.368423349944448     
  0.300465810074888     
  0.295861723561409     
  0.369947699531779     
  0.406542177403906     
  0.282673063823846     
  0.415819914827432     
  0.301512590735946     
  0.296546297561257     
  0.291867262809205     
  0.392767719950857     
  0.346506439044514     
  0.372129680395094     
  0.306988484884834     
  0.330314271004397     
  0.364492470915733     
  0.364355804852710     
  0.382861928057722     
  0.379325114676578     
  0.288034427214367     
  0.308142418987658     
  0.393422979085487     
  0.403905742033925     
  0.364582656475178     
  0.338807930871599     
  0.319991188403181     
  0.362535915068842     
  0.378423674382234     
  0.288565939390630     
  0.345643538120873     
  0.336294509441080     
  0.395982936465868     
  0.371548014427711     
  0.347088997225470     
  0.361808734609732     
  0.329179869407563     
  0.441066596454089     
  0.252089300382577     
  0.302443087500837     
  0.368955092461599     
  0.387772954859880     
  0.374578789694722     
  0.335330107862894     
  0.320863005826413     
  0.405071127323956     
  0.351766891875353     
  0.442441367487486     
  0.432509969537921     
  0.361225773256782     
  0.367286515071034     
  0.318549902887795     
  0.435944099623734     
  0.325704180703652     
  0.349144957957372     
  0.323019942665214     
  0.319082580119829     
  0.317923098550025     
  0.409915629346644     
  0.316207288182318     
  0.331007371735271     
  0.366254356323458     
  0.382941270757531     
  0.342404690452150     
  0.329937421812355     
  0.320879572240288     
  0.329075192259464     
  0.298111039332458     
  0.310330832712842     
  0.391021181804713     
  0.291038857053958     
  0.334015733061392     
  0.360086266102058     
  0.313075146663611     
  0.352948697034591     
  0.311458985975840     
  0.424689110446281     
  0.333544888494080     
  0.351387085494562     
  0.349477481433667     
  0.387855105463323     
  0.473428088979466     
  0.365386611510372     
  0.353314484986649     
  0.334627059666336     
  0.359299821547400     
  0.341659453741163     
  0.353223631696760     
  0.359967925332433     
  0.356478399440886     
  0.322277139282835     
  0.319379423335543     
  0.387320219541544     
  0.348825261728476     
  0.392069024092611     
  0.309863580242085     
  0.325832339741147     
  0.363548505751048     
  0.267643581771827     
  0.376385036330846     
  0.407708057772822     
  0.320420836331956     
  0.377931106575989     
  0.365076392643634     
  0.331353814190551     
  0.282048599143067     
  0.362935559544337     
  0.347582708516738     
  0.335564006741606     
  0.400099759916582     
  0.308489281052928     
  0.333373140969419     
  0.366846394165103     
  0.363443185541484     
  0.379791098121651     
  0.298245665970985     
  0.285479130478903     
  0.331876458542628     
  0.401604425826200     
  0.329117134827871     
  0.352024039137415     
  0.254232881834842     
  0.293572970007892     
  0.348478289379218     
  0.378717270667659     
  0.352475777496629     
  0.332986978370979     
  0.372106433379712     
  0.302732635542166     
  0.335227690160380     
  0.342803342734276     
  0.410715885559339     
  0.419869823567950     
  0.331982404919630     
  0.318846977481716     
  0.348362995242265     
  0.367146183208364     
  0.304518683133912     
  0.356916547348958     
  0.313909719368604     
  0.329918591027443     
  0.379223470533203     
  0.373906415314926     
  0.354466622324600     
  0.315967237379521     
  0.342115633219720     
  0.338183018022559     
  0.354835651156028     
  0.332671285568429     
  0.332197448979067     
  0.342685341804810     
  0.288632442832427     
  0.403065287775542     
  0.294149703703529     
  0.355567347393568     
  0.371848806554982     
  0.414593355828793     
  0.334874145745775     
  0.315973991287043     
  0.405664210383053     
  0.327787442048533     
  0.378987873073880     
  0.387484490378395     
  0.396393869842257     
  0.313999527292447     
  0.249416077330049     
  0.342760635491195     
  0.278350108240649     
  0.290571837208001     
  0.308785912477088     
  0.275364095765189     
  0.346469565540330     
  0.375650170134571     
  0.380096972846748     
  0.389865808759600     
  0.359832363613899     
  0.291070266687028     
  0.412611001968148     
  0.346175454543405     
  0.355343888273470     
  0.346639285593507     
  0.313934065675984     
  0.340967104899087     
  0.347714838162582     
  0.398887837131129     
  0.262617059302955     
  0.315305600958316     
  0.442835208049515     
  0.348114505493083     
  0.418810136475769     
  0.285323226698960     
  0.307696960806177     
  0.329566214270945     
  0.340840526016290     
  0.317318536437951     
  0.286019689582074     
  0.390965408656210     
  0.339557370730277     
  0.388907546733981     
  0.260813089477568     
  0.369042687076577     
  0.335444351953118     
  0.354293218612951     
  0.353299691426424     
  0.289236311744676     
  0.349845742506029     
  0.404923143823412     
  0.418909719639950     
  0.265973512148186     
  0.252232417548599     
  0.352910925537442     
  0.323954815486946     
  0.299909891568000     
  0.390514529614656     
  0.367542114321854     
  0.346293707288588     
  0.403958064115395     
  0.369245154369130     
  0.318847143365712     
  0.337605184102577     
  0.421029204733835     
  0.413984946772294     
  0.340089606880173     
  0.357456971754941     
  0.354417077675141     
  0.263429841131871     
  0.382466658092060     
  0.324473023229384     
  0.440380855142697     
  0.364101427641224     
  0.393109040788621     
  0.386145741799605     
  0.275932847924853     
  0.408413420668941     
  0.286732357517833     
  0.309979619878033     
  0.473140407550013     
  0.387611817024088     
  0.360877347346872     
  0.269406066148971     
  0.441181152719453     
  0.267199802010407     
  0.340053924596621     
  0.360121350373080     
  0.384499093777842     
  0.428068931221214     
  0.425427901748449     
  0.430337753925715     
  0.471018990340426     
  0.324208014283110     
  0.264373320818152     
  0.288138016990973     
  0.307389192637746     
  0.431688671220696     
  0.316262036439566     
  0.317272458755240     
  0.176258448020407     
  0.297574320534066     
  0.433224960304441     
  0.391311823182428     
  0.331282789113366     
  0.333676997289644     
  0.280641602850762     
  0.385076822148130     
  0.345741527665280     
  0.370114352763675     
  0.328814588484424     
  0.383028498037871     
  0.323675537953242     
  0.401637625273986     
  0.385587251146894     
  0.416896206999725     
  0.320345384740982     
  0.392710818740395     
  0.320271781742616     
  0.273574931618538     
  0.353460637455662     
  0.335783316069706     
  0.329692386849379     
  0.317999180197169     
  0.407802755320118     
  0.350867935158753     
  0.375556519784055     
  0.369035776283778     
  0.290500861049285     
  0.340933518518038     
  0.322553132806738     
  0.343537455209306     
  0.352522138218413     
  0.457480346667031     
  0.295987462881867     
  0.303911558697641     
  0.348578760425758     
  0.328736650469190     
  0.351320177317514     
  0.382231699983338     
  0.397765119013837     
  0.341226895535410     
  0.351883935173679     
  0.286558509986753     
  0.320350280062095     
  0.382227525126693     
  0.356893395294472     
  0.342738279173729     
  0.306516010206216     
  0.365839284201145     
  0.317160507293289     
  0.368995400900188     
  0.349370798416963     
  0.292612044762368     
  0.276523271589614     
  0.323361469635551     
  0.289594760232471     
  0.338758292015019     
  0.348689360371882     
  0.331334692759659     
  0.350275578333245     
  0.404339054892323     
  0.346480159213535     
  0.441009658994019     
  0.340507035481221     
  0.357122141345748     
  0.337642068428722     
  0.314804257269280     
  0.338592819320233     
  0.368392602314253     
  0.278478649150002     
  0.382848714214047     
  0.342144052299188     
  0.352126234273971     
  0.415930596624246     
  0.259035715611256     
  0.320488140795433     
  0.321481087305935     
  0.268950493192300     
  0.299280910425872     
  0.321111203665573     
  0.387277928398656     
  0.371120647934494     
  0.365483837596119     
  0.284585458091771     
  0.299660930267724     
  0.354879418992468     
  0.409156089400184     
  0.248002599537536     
  0.401528357288861     
  0.379105463507905     
  0.318004706516043     
  0.383334052913925     
  0.302862802630136     
  0.379540361201638     
  0.373041779637048     
  0.343626692154434     
  0.409161258494991     
  0.406640307282939     
  0.330656711568100     
  0.259106785770838     
  0.318812540886089     
  0.339395611336560     
  0.496222274828427     
  0.289324308581268     
  0.354642063370671     
  0.459416285672671     
  0.313848162277349     
  0.393545380605988     
  0.348216387408665     
  0.345844479235090     
  0.283538799744761     
  0.284022366006911     
  0.412951492310821     
  0.341018581702118     
  0.412434291621613     
  0.368295019063168     
  0.377643833627513     
  0.263178049325112     
  0.268043365317769     
  0.289996555966691     
  0.371981424055206     
  0.478417827092964     
  0.389670940059569     
  0.299490847037717     
  0.322633183395945     
  0.442693259892981     
  0.301359680412265     
  0.406722326827527     
  0.284561038607261     
  0.387971729270727     
  0.355802460191250     
  0.440574745824129     
  0.297225346246950     
  0.357336008378237     
  0.354942183169458     
  0.388082352362320     
  0.346089684972641     
  0.338858144212859     
  0.332500253716524     
  0.321194941846973     
  0.301251510531634     
  0.336473357518666     
  0.337345301157854     
  0.383776300241771     
  0.249319565812695     
  0.385532795999840     
  0.425786758760034     
  0.320366864796627     
  0.369365663932173     
  0.362979353956559     
  0.369754128834957     
  0.355359111607955     
  0.353730565095689     
  0.317019476630965     
  0.328979905136499     
  0.288599066323108     
  0.332154804465807     
  0.290255720547813     
  0.288243474592405     
  0.395429439607817     
  0.289209723219342     
  0.354778306600875     
  0.385720963533232     
  0.320686983366261     
  0.377931691174747     
  0.359053085585692     
  0.370210713804857     
  0.361765790021023     
  0.261170544039643     
  0.333303410335130     
  0.316582213990609     
  0.325895738382670     
  0.287207582109055     
  0.318551894782119     
  0.313878312290835     
  0.316231446354993     
  0.436576947918763     
  0.303105573123322     
  0.300834065432190     
  0.380069861309451     
  0.389716327914822     
  0.319035535961127     
  0.283696871690379     
  0.412352945714790     
  0.441144988358780     
  0.382729860568502     
  0.432818993425259     
  0.377470422423628     
  0.301027933508753     
  0.310182324724576     
  0.332473633372434     
  0.286011700240945     
  0.391716352610089     
  0.343737768071417     
  0.385543424578138     
  0.385955726995074     
  0.392410128414042     
  0.382251177021392     
  0.319388168669642     
  0.336122890073268     
  0.389468571725435     
  0.349835225296614     
  0.404587090133803     
  0.321034484680683     
  0.391566759191649     
  0.313646653889543     
  0.360127880076965     
  0.349738138601664     
  0.417036243864476     
  0.373457220619615     
  0.322089320585067     
  0.289199282593084     
  0.332536012743711     
  0.290984030359600     
  0.307944942250916     
  0.359616549886820     
  0.388809142399539     
  0.305942866704066     
  0.431601547822679     
  0.277087935974900     
  0.338954712252566     
  0.334201773845329     
  0.424600567655253     
  0.428162903120171     
  0.370899561238561     
  0.459898990385488     
  0.356688992803542     
  0.309540314202000     
  0.250681304123487     
  0.372959535308480     
  0.354088770793279     
  0.388152476774471     
  0.387449762885079     
  0.398049390216501     
  0.397919776003631     
  0.410252711970514     
  0.269350688571136     
  0.368421916091247     
  0.410250766811214     
  0.361374071396679     
  0.309884361007833     
  0.331490669884828     
  0.308605097484445     
  0.355642933996872     
  0.350161955606175     
  0.254745012214200     
  0.329927732271178     
  0.294326655906097     
  0.265194274958383     
  0.562602718386422     
  0.355184566030004     
  0.348764768921165     
  0.328640593640974     
  0.286483742462966     
  0.287402507213592     
  0.319503001063309     
  0.275305390207407     
  0.401420721980504     
  0.291768213086749     
  0.386935056192826     
  0.348659709338042     
  0.269633480511194     
  0.300450162159683     
  0.318205003662907     
  0.373570606137709     
  0.320680413463030     
  0.331827934253709     
  0.364168278773725     
  0.410689814471205     
  0.360485567986731     
  0.297699945548364     
  0.425705103325074     
  0.302002587198193     
  0.327041011404849     
  0.298835315554768     
  0.412275601943028     
  0.355650951782942     
  0.385991954433415     
  0.331756486099785     
  0.430454978915388     
  0.362769892328277     
  0.393033783899693     
  0.372205374391667     
  0.391160206840509     
  0.309041079350004     
  0.363291815931628     
  0.329074232616582     
  0.379467973102617     
  0.340692354225207     
  0.312227896647123     
  0.286495488889977     
  0.408306668114272     
  0.365240595080015     
  0.368642484977483     
  0.335453224470533     
  0.347598468560883     
  0.336092750908301     
  0.396211834475095     
  0.348365465717880     
  0.441881278416785     
  0.447284956119918     
  0.339466633767985     
  0.335961109120015     
  0.344769873305010     
  0.364206336730512     
  0.321088484461034     
  0.301913541073802     
  0.366000203824509     
  0.265944404228762     
  0.324767867250500     
  0.309558477746279     
  0.330742111023599     
  0.387791611576642     
  0.303976074902850     
  0.329568479602968     
  0.433090928521518     
  0.274953605850105     
  0.313005716664414     
  0.399056748615289     
  0.340825200328974     
  0.467529133370057     
  0.359936132432865     
  0.350010591391324     
  0.409392802720830     
  0.409109449942232     
  0.314870584474326     
  0.317898459181846     
  0.318637975313174     
  0.400525806485627     
  0.330622979886482     
  0.411088389201637     
  0.361575657723311     
  0.340451160536990     
  0.253599409568506     
  0.335500020029556     
  0.238653459333820     
  0.290632343197645     
  0.310857874955315     
  0.392662531258532     
  0.286594011256027     
  0.430592470305915     
  0.327457633212077     
  0.339507371539029     
  0.399618216666637     
  0.377530527093999     
  0.397416509187478     
  0.329385820254947     
  0.372498383480146     
  0.297361446928837     
  0.433870462358022     
  0.468801356721607     
  0.292432472367150     
  0.289888785341936     
  0.356179070061672     
  0.330372203832559     
  0.291597799780472     
  0.309277535938618     
  0.395114826223122     
  0.325627257890395     
  0.336617488890200     
  0.356203048107839     
  0.343019316697944     
  0.329867176221709     
  0.380497415056168     
  0.290577973811618     
  0.360841512993941     
  0.333205454744839     
  0.287956097862176     
  0.371428475070842     
  0.330771274093964     
  0.359652995740748     
  0.331775958169933     
  0.339806878742109     
  0.319610232915844     
  0.333068280166643     
  0.246863157297432     
  0.428716446337198     
  0.336200410573166     
  0.362716902017733     
  0.299980528179350     
  0.381512729419223     
  0.353134094438691     
  0.350180287421442     
  0.393766093145473     
  0.362927002751335     
  0.287756804450082     
  0.361933069966499     
  0.267133073878261     
  0.412197597189713     
  0.315490328550517     
  0.275711602234243     
  0.268966229664960     
  0.325985661134558     
  0.340408690254706     
  0.383689245923241     
  0.337173786786460     
  0.334688561614025     
  0.377828661247734     
  0.363105812949859     
  0.399898356000251     
  0.327704082823133     
  0.335793496848991     
  0.388734839703134     
  0.275442278831831     
  0.353199364529102     
  0.334565735676369     
  0.338241986091064     
  0.293155676856970     
  0.304066591482801     
  0.351673120782013     
  0.351190775034780     
  0.267205665844655     
  0.376906963566653     
  0.321926540290075     
  0.406341123968055     
  0.325808235754651     
  0.315400054983756     
  0.358397009988948     
  0.361062033979041     
  0.272293360368960     
  0.391014327450924     
  0.384554456941249     
  0.317109229736001     
  0.377072739532014     
  0.318500130059170     
  0.338597007056099     
  0.354714190128322     
  0.313193415743715     
  0.330286720574463     
  0.357173239073234     
  0.347348517352935     
  0.337166787721587     
  0.324368056939505     
  0.349366360742443     
  0.339996994348699     
  0.339871225772221     
  0.338094584376646     
  0.331229763315003     
  0.384443314747758     
  0.339623295485208     
  0.363369175169638     
  0.386788510411503     
  0.336424593824670     
  0.363329156882313     
  0.315662541154890     
  0.316785171909600     
  0.397617312956881     
  0.406804513359044     
  0.344413109904415     
  0.422656299662896     
  0.374720616626964     
  0.294786770633309     
  0.395566508750115     
  0.328061314491330     
  0.332596603624785     
  0.399799948957689     
  0.434111992748262     
  0.424442924984982     
  0.312220684339356     
  0.261579921432533     
  0.325819830759111     
  0.392088516009798     
  0.368046547359188     
  0.347041813630765     
  0.371673234121782     
  0.357486318406368     
  0.290010115597721     
  0.274395642338129     
  0.422900714690234     
  0.424942891600831     
  0.417672185239748     
  0.362333983364210     
  0.368596804497293     
  0.325052826099604     
  0.379093298912313     
  0.433157539525296     
  0.430550858249976     
  0.412491691559591     
  0.322119145303431     
  0.351772593539102     
  0.272543007059603     
  0.397534589261440     
  0.359699078868220     
  0.356180496408314     
  0.329621108887959     
  0.434659661392514     
  0.305129842385158     
  0.310538546468979     
  0.361923270792132     
  0.289227437848922     
  0.341181997745936     
  0.332909506449191     
  0.313609753901324     
  0.411538940279484     
  0.442924557636167     
  0.311128530158822     
  0.293902960907981     
  0.403144325054183     
  0.292874183138308     
  0.241788631273721     
  0.268921811024878     
  0.323665807007358     
  0.446721582312924     
  0.428530128565732     
  0.322675708203043     
  0.370894709855364     
  0.296415486595504     
  0.374778652054106     
  0.328042447798451     
  0.394309316365108     
  0.321071837327428     
  0.456434154262554     
  0.280962428044002     
  0.358507149985662     
  0.368842859106205     
  0.353818825970301     
  0.376337329414597     
  0.336659123812734     
  0.325167368185722     
  0.315960512870423     
  0.332079985072527     
  0.310680183050296     
  0.349696865797251     
  0.306280712045377     
  0.326733321998947     
  0.437347041848313     
  0.380633814367237     
  0.323406549568112     
  0.367653388873344     
  0.367907581094858     
  0.288030634906195     
  0.357085199418109     
  0.351029620945611     
  0.389487999047153     
  0.390265011690931     
  0.280016673521768     
  0.359929100340855     
  0.303711919365731     
  0.315455355425676     
  0.300213518815712     
  0.376398672176592     
  0.362646481983299     
  0.399765436588044     
  0.339592010768863     
  0.336453678983593     
  0.371034397853301     
  0.327801822769030     
  0.333675982834491     
  0.308127639563451     
  0.354087083762063     
  0.340363939154954     
  0.411403264429592     
  0.383757364908681     
  0.362914902350165     
  0.403705176322632     
  0.394803291789734     
  0.373389990542593     
  0.376301718378842     
  0.397375503666654     
  0.508338232590186     
  0.269558911610276     
  0.309299912755274     
  0.357148253892138     
  0.403461998056723     
  0.367215192420645     
  0.309891536066453     
  0.367750219681051     
  0.316190646532148     
  0.315889390967083     
  0.353174793165373     
  0.315740561812962     
  0.372934775731342     
  0.397568884250722     
  0.331137624447319     
  0.383349145807926     
  0.394721826711393     
  0.318453683711612     
  0.357717855061882     
  0.366948924298172     
  0.295779972189678     
  0.314837131012183     
  0.355913571019548     
  0.341136029635936     
  0.335941360765351     
  0.439577450133341     
  0.437561656127619     
  0.283903905018120     
  0.308963511469278     
  0.310984779082384     
  0.289497223691445     
  0.352741791078795     
  0.335807111172595     
  0.433071879015537     
  0.358703440869496     
  0.373330446104752     
  0.282610594852029     
  0.332917039352077     
  0.301484103626198     
  0.381631299057374     
  0.286640739110336     
  0.398475680439325     
  0.321808965953784     
  0.333157944308130     
  0.390366420627329     
  0.372622210113444     
  0.504477529069346     
  0.299859492805023     
  0.329731621745854     
  0.412076181373377     
  0.362967856983951     
  0.301401984567928     
  0.372257921883119     
  0.279542735370475     
  0.344642767638480     
  0.306009042613331     
  0.351577397611769     
  0.339032161457724     
  0.362643911170983     
  0.319904262252752     
  0.372896774529641     
  0.323294420116516     
  0.363553709621383     
  0.328161566080011     
  0.380197355256283     
  0.283928157036247     
  0.333932848532068     
  0.328798527556408     
  0.362899841692820     
  0.359620010797314     
  0.393639722170836     
  0.324161417344714     
  0.342192918038469     
  0.388830592226642     
