  0.491103507793851     
  0.487339250648534     
  0.529508874088710     
  0.526100914462840     
  0.484726322956753     
  0.489170320519615     
  0.501910306086929     
  0.489365948118449     
  0.505421845904382     
  0.491606191172604     
  0.512597093751226     
  0.503649445433113     
  0.510920520603484     
  0.556093026850369     
  0.519389001144408     
  0.518334787743105     
  0.461466950108083     
  0.479095294211224     
  0.493214076601769     
  0.491311130975747     
  0.450223996665865     
  0.510402000118192     
  0.516795441220010     
  0.484918528336729     
  0.453070607914393     
  0.485422660471281     
  0.478595607202658     
  0.505666300458243     
  0.501052617153420     
  0.492758602543550     
  0.496735604169632     
  0.562509990556354     
  0.517149691789937     
  0.511833554407475     
  0.492033372152219     
  0.546825640577456     
  0.484636399878759     
  0.492188743603791     
  0.508867741332210     
  0.501920998571473     
  0.536662916774677     
  0.503755598399871     
  0.505709944018668     
  0.477248882281976     
  0.449276790585234     
  0.490748637100348     
  0.454802900135952     
  0.496229164782701     
  0.489107633445252     
  0.483959697401892     
  0.462584327755854     
  0.518541174299223     
  0.513532923408319     
  0.457859702696261     
  0.525397485294271     
  0.476436121315596     
  0.506968224602284     
  0.530313455739996     
  0.489120430827389     
  0.480003235125066     
  0.537560878466477     
  0.509134123726697     
  0.501976151002404     
  0.499851303020933     
  0.511675907441767     
  0.520358356107803     
  0.467012739799560     
  0.504877101012293     
  0.517092305425549     
  0.483682400722168     
  0.501465244864582     
  0.550962038181767     
  0.491304273125368     
  0.490563016005150     
  0.482353831463096     
  0.449942381623994     
  0.466136610180397     
  0.522262492069104     
  0.510644590157027     
  0.500678341683355     
  0.537340596063130     
  0.531534780607638     
  0.465113693459550     
  0.474406491871928     
  0.485098083839678     
  0.524378261411291     
  0.512764905056681     
  0.478627711027394     
  0.488878483942227     
  0.518055011936044     
  0.461126916759645     
  0.466972149872725     
  0.521538101012674     
  0.468553807566879     
  0.493611481304107     
  0.499231074138342     
  0.520617724129163     
  0.480703518261015     
  0.537132415780543     
  0.457080224772276     
  0.509617864373949     
  0.500325272049991     
  0.502310291037304     
  0.492896811393639     
  0.513926912390351     
  0.538200312435116     
  0.488109200662479     
  0.504009831839212     
  0.517624189073978     
  0.531216304233497     
  0.511226460862495     
  0.477913028575001     
  0.498331837077387     
  0.491135686968404     
  0.552535365077300     
  0.532467259938810     
  0.499803685565615     
  0.500788355672721     
  0.505829446263132     
  0.449238466629036     
  0.494202040377389     
  0.506999710554989     
  0.526686862221019     
  0.501332465058983     
  0.456583800363363     
  0.476263428754697     
  0.456163255640069     
  0.513405371757976     
  0.491692874389231     
  0.464026135881320     
  0.473178247232675     
  0.537880222990416     
  0.517877373018636     
  0.536193603745184     
  0.489938939589565     
  0.478958747424664     
  0.488944601501389     
  0.531037384278024     
  0.505976139615202     
  0.471503482177144     
  0.489396559813309     
  0.516264418145966     
  0.466686324002627     
  0.497643648456601     
  0.464620293986089     
  0.524248612732450     
  0.521655569833133     
  0.479888386600493     
  0.535720699296893     
  0.515062668735771     
  0.511691832686581     
  0.462455842740855     
  0.502211048232069     
  0.571620411221616     
  0.496823481540691     
  0.505760672690902     
  0.575016311779386     
  0.497459778198433     
  0.467880662375831     
  0.519934062948241     
  0.527830352350955     
  0.526889787670833     
  0.518867914258260     
  0.477144162472951     
  0.473072566319897     
  0.521274988119219     
  0.505883123774858     
  0.488323005731328     
  0.523694607969907     
  0.496271257220775     
  0.466757949688321     
  0.494851294956242     
  0.491558554845774     
  0.445993324611375     
  0.442281781492775     
  0.456401989013506     
  0.472560022672326     
  0.520437850553111     
  0.517080684636464     
  0.494183570665647     
  0.468831702166784     
  0.484296602450806     
  0.469106739198645     
  0.528660128291995     
  0.485228417333209     
  0.468421988949231     
  0.476918089184307     
  0.514283098070243     
  0.474109053568118     
  0.497146055720565     
  0.481555445274876     
  0.530602561234533     
  0.532677838438997     
  0.550982193054596     
  0.500674885900161     
  0.523797985962588     
  0.488248769089446     
  0.499556502478790     
  0.502481958767231     
  0.535922459936807     
  0.507434902531542     
  0.490455114899173     
  0.517762397573323     
  0.448056572516651     
  0.467910631590800     
  0.479746008967806     
  0.471860386354218     
  0.436516840997246     
  0.488302027982184     
  0.482275674613336     
  0.493081558892970     
  0.486328090834726     
  0.493198031450888     
  0.508044894643320     
  0.526965735878066     
  0.495426000661011     
  0.515505971848580     
  0.441050817230423     
  0.479814848401869     
  0.492083705985053     
  0.523698833520136     
  0.489015999824820     
  0.548411261798361     
  0.540494767777622     
  0.482937219491514     
  0.483531631020802     
  0.509274973057579     
  0.498674117266368     
  0.513154305493367     
  0.477601236667963     
  0.520986631001224     
  0.501349454620635     
  0.522487467591422     
  0.471063233347972     
  0.492748016779652     
  0.535431687017193     
  0.510315387111763     
  0.493297500065604     
  0.500404986733238     
  0.512995857786095     
  0.529390349179295     
  0.487749834799353     
  0.494147921061842     
  0.516192887810276     
  0.487779746380933     
  0.490133432490727     
  0.514239812706451     
  0.516882703377009     
  0.500484271992668     
  0.487481822234121     
  0.525690196471497     
  0.501789174075591     
  0.499902675933455     
  0.522949908551884     
  0.472977117334106     
  0.484787881008478     
  0.495005675132047     
  0.515223387890886     
  0.562682359534100     
  0.513921683433783     
  0.529379948324252     
  0.554298080377801     
  0.501077205711797     
  0.503080436551046     
  0.517325879474142     
  0.532697264744748     
  0.525862040859270     
  0.505826265271062     
  0.539591917140633     
  0.489576141724168     
  0.500069633515563     
  0.478189125542040     
  0.454049686924191     
  0.518990128801656     
  0.513491145999838     
  0.481515647852165     
  0.502623615061697     
  0.496824698017337     
  0.524071865119977     
  0.472902051794813     
  0.495189822970648     
  0.514504268472285     
  0.499993614802081     
  0.540898996166584     
  0.482227463754265     
  0.496420121258469     
  0.534545875461952     
  0.494122535103101     
  0.470910211037087     
  0.493187328640782     
  0.456732462018417     
  0.516444195469164     
  0.496654846677828     
  0.512422905150834     
  0.499935532080444     
  0.459257649955017     
  0.477451066379334     
  0.516333548062558     
  0.486668632210471     
  0.446353497133881     
  0.491478337922830     
  0.493139828699001     
  0.502317223171368     
  0.527109219041141     
  0.508607920289354     
  0.515224323130269     
  0.483211663927151     
  0.496308363724118     
  0.457259755107992     
  0.543473102565188     
  0.508968369544777     
  0.492048501785753     
  0.473242240000302     
  0.486531439945289     
  0.548651442493356     
  0.501159262094231     
  0.509408900506655     
  0.499983716172583     
  0.509278559561725     
  0.521557935389684     
  0.526551287936285     
  0.526546599288126     
  0.476875056039783     
  0.487265293598888     
  0.502680628551764     
  0.480610266595900     
  0.563131296095944     
  0.497958049730721     
  0.450966870844437     
  0.520010394350101     
  0.530139885614633     
  0.505698600117540     
  0.480016942634851     
  0.488358714255444     
  0.441870893060030     
  0.491360732694487     
  0.539379251058837     
  0.459207014899299     
  0.496345550760379     
  0.497532115677163     
  0.495901019237886     
  0.500541721573586     
  0.521579474498564     
  0.510968135603554     
  0.505340680306389     
  0.475214913121063     
  0.477141021727028     
  0.503301318312081     
  0.433298790580502     
  0.497502608258225     
  0.485304876498768     
  0.574237820125189     
  0.445849898585587     
  0.495468942764893     
  0.459288139775820     
  0.529777443216881     
  0.521662629029870     
  0.520934408236178     
  0.468654877661444     
  0.512351599945972     
  0.513991968881494     
  0.531703419232957     
  0.514869859601914     
  0.494570719421410     
  0.525901368339622     
  0.481111145465798     
  0.500289011573949     
  0.472599191127321     
  0.492201108041795     
  0.457139283004342     
  0.455845729632307     
  0.512371136665474     
  0.497169619768903     
  0.477799324468155     
  0.487741286616135     
  0.503340335429006     
  0.488860329384988     
  0.498538196687458     
  0.482548701376808     
  0.473888854157970     
  0.525895809602618     
  0.499404638609685     
  0.566467073387111     
  0.499828925557689     
  0.506021618241954     
  0.511582239219521     
  0.447016730420141     
  0.527220460497036     
  0.546616716166516     
  0.442891372466257     
  0.467541538123707     
  0.478582045141440     
  0.537951561120630     
  0.542590163171242     
  0.462889780605312     
  0.480462335150232     
  0.469805425211930     
  0.481566858045225     
  0.536407698751692     
  0.508034581863919     
  0.493034016372897     
  0.515579747282913     
  0.504624588623950     
  0.487305847667825     
  0.468631159633953     
  0.464774624355484     
  0.495079246541604     
  0.512259593377121     
  0.519828163494508     
  0.468100821116051     
  0.473808000241649     
  0.543102402249729     
  0.502840234939645     
  0.467157901005504     
  0.510580164361978     
  0.477385116181005     
  0.553353548118768     
  0.474305769932377     
  0.464910659278279     
  0.465479068996298     
  0.502579028266068     
  0.521613639799662     
  0.524894184549718     
  0.500465849879994     
  0.514843004202816     
  0.502609771239951     
  0.512228915001024     
  0.522019822518244     
  0.494472996992540     
  0.524171656470426     
  0.502333657202326     
  0.487234224639077     
  0.477763589216118     
  0.493372414404174     
  0.498077530510929     
  0.484345648778142     
  0.496377911000628     
  0.467212263505449     
  0.530759578792227     
  0.522423676366219     
  0.463964758533182     
  0.536575879258989     
  0.518312284440415     
  0.539023279022200     
  0.437550554801309     
  0.510044813459888     
  0.479488751984649     
  0.501953194011684     
  0.506054902746093     
  0.504529501911427     
  0.487775840276317     
  0.490786439106563     
  0.492022715828369     
  0.536041389616340     
  0.491464650060960     
  0.533848695315976     
  0.487211425010536     
  0.493138209134472     
  0.489702039229717     
  0.544906878935803     
  0.506280518725298     
  0.565016487485688     
  0.490024326003828     
  0.524353298458257     
  0.498682206528583     
  0.508576806463732     
  0.486470233542813     
  0.475042521865946     
  0.506015493710904     
  0.484850981742702     
  0.487712512316056     
  0.524096800236318     
  0.481046387411589     
  0.501932818224600     
  0.496327428100110     
  0.509137200132932     
  0.458457806430709     
  0.504434860555655     
  0.541107023478921     
  0.478641832512722     
  0.489726334659305     
  0.467495377440524     
  0.513642630568499     
  0.487204910952465     
  0.541401201081378     
  0.463739826394594     
  0.522081176017139     
  0.507019180019413     
  0.471972586046482     
  0.456963934011308     
  0.451859158559158     
  0.450255001152530     
  0.486352766388309     
  0.512919880008179     
  0.446425713284541     
  0.500537371933709     
  0.511022066155676     
  0.526426073083739     
  0.534803007076773     
  0.483687327778499     
  0.500828322353447     
  0.519471022245772     
  0.491394466169224     
  0.509666273377409     
  0.544655741694121     
  0.495251585864341     
  0.478232507793508     
  0.503177596955388     
  0.511990298911959     
  0.496203378942900     
  0.488209219268476     
  0.505205959275399     
  0.515325575415741     
  0.483630543969224     
  0.518356364818535     
  0.492802332948506     
  0.496482589932531     
  0.507801757414046     
  0.510049795752647     
  0.502716289651035     
  0.513167953521038     
  0.532245246846453     
  0.524719498223403     
  0.474198267547963     
  0.503039827131031     
  0.561911215833982     
  0.509611632803098     
  0.493218124167070     
  0.478730015326445     
  0.516884791843671     
  0.498347772786734     
  0.522337403394334     
  0.493014348329938     
  0.475983494517088     
  0.524475794298342     
  0.493824091904836     
  0.509453430394032     
  0.457479860494831     
  0.533423164899810     
  0.522781365899929     
  0.490907122521372     
  0.486352031206482     
  0.473423559141867     
  0.492361088157715     
  0.489442279902266     
  0.507265318094838     
  0.484173019153030     
  0.551038679068870     
  0.462910449840915     
  0.513405044307275     
  0.484617608859727     
  0.487498153281280     
  0.525326708494552     
  0.465998235822209     
  0.483377334677190     
  0.492344698213389     
  0.442435055202497     
  0.505881975732313     
  0.464885442271032     
  0.484242566870772     
  0.532309696557966     
  0.493437520001781     
  0.498605670525339     
  0.521943587257683     
  0.491360330507315     
  0.480264335718929     
  0.507714011439348     
  0.549119421702086     
  0.491900279608911     
  0.457883742244620     
  0.502544223974469     
  0.544208652595456     
  0.463023858615901     
  0.513567235895575     
  0.506574843032424     
  0.491924374979881     
  0.525511372607176     
  0.478899646095376     
  0.475787910013896     
  0.459266402668467     
  0.550175133439277     
  0.521428716370216     
  0.507997981319275     
  0.550009817612446     
  0.504484959962204     
  0.512721923367307     
  0.449213015295308     
  0.486841668842556     
  0.512187702020216     
  0.459620999138349     
  0.472881825903305     
  0.575242512470616     
  0.517988436671023     
  0.516074074443223     
  0.477098952832559     
  0.462275410530442     
  0.493237552242110     
  0.483475716494945     
  0.465047152580464     
  0.505384598412762     
  0.483873229045199     
  0.462436617747255     
  0.498972803126483     
  0.504496226691139     
  0.481174964616662     
  0.459020878750869     
  0.451106159717625     
  0.534022873999028     
  0.513954565334994     
  0.466832940317207     
  0.457112418447123     
  0.533768407696185     
  0.514172321135145     
  0.544762688168796     
  0.515570617958970     
  0.480398844771447     
  0.496531236281812     
  0.482337116324169     
  0.479831275842429     
  0.513858988271565     
  0.528867883289501     
  0.498462732880019     
  0.513258171217796     
  0.535177812249289     
  0.448610112114802     
  0.472111108817892     
  0.512811544741950     
  0.522457884370100     
  0.500751462394011     
  0.491861549783557     
  0.507979403825541     
  0.482739100131399     
  0.441664786413106     
  0.501271199018079     
  0.435153181878576     
  0.487056617707818     
  0.477126413281248     
  0.504418743618467     
  0.482868548763888     
  0.501277874186464     
  0.511199766889541     
  0.495032169092577     
  0.499725351705635     
  0.514798491776958     
  0.480086334334078     
  0.532878672471902     
  0.513161690592209     
  0.502226413018238     
  0.525022720879643     
  0.531712761973258     
  0.537796850875688     
  0.492940310573815     
  0.483265616140954     
  0.442413909888700     
  0.527973647611861     
  0.468219042035970     
  0.464188997428410     
  0.508472492885603     
  0.512032997674365     
  0.431515953204036     
  0.470308165496374     
  0.492623062197858     
  0.504687111210944     
  0.504107442585511     
  0.497630454955760     
  0.507052379142285     
  0.503452220280924     
  0.490119290407130     
  0.459814625585478     
  0.515602094978367     
  0.500131355189512     
  0.508092416105420     
  0.508925946005643     
  0.467754300796615     
  0.497638896497729     
  0.476194492947445     
  0.528888059461080     
  0.537279945808612     
  0.520231501293547     
  0.489709667008612     
  0.507213368876820     
  0.511866075952930     
  0.523280397690748     
  0.483210317725966     
  0.475607901806687     
  0.513149643199491     
  0.488059039205066     
  0.483278094129813     
  0.524843643796439     
  0.492242023521534     
  0.521235422736425     
  0.523628170915735     
  0.469980104941862     
  0.493188646265532     
  0.531141647836255     
  0.549861989857991     
  0.501806326744797     
  0.492851851369987     
  0.499697633273771     
  0.507186599900519     
  0.537520786202519     
  0.482084348976507     
  0.557755919298777     
  0.519257148233986     
  0.456606022568928     
  0.502662554416796     
  0.484548786830047     
  0.530955320575077     
  0.496339837255152     
  0.453813268829971     
  0.513504812638357     
  0.528891565159034     
  0.452646312854684     
  0.490847182144554     
  0.487950992864285     
  0.497432294961916     
  0.470259395158379     
  0.558912310110166     
  0.506562240131566     
  0.528574635446392     
  0.464569261126343     
  0.494705159827584     
  0.488114773950534     
  0.495714768262048     
  0.509566873325486     
  0.556324011686325     
  0.526801481762429     
  0.478356447957591     
  0.537258878441441     
  0.502033301014212     
  0.455896953158120     
  0.505835735610571     
  0.513702439788147     
  0.530221259100616     
  0.504506805879724     
  0.494402678539251     
  0.497561870136889     
  0.528547223277688     
  0.522269976538029     
  0.479869507245903     
  0.496393946930118     
  0.490019399214705     
  0.489384021132086     
  0.491660496719804     
  0.506695962415188     
  0.551491751975217     
  0.512076382992056     
  0.501933579795566     
  0.482015046044065     
  0.528145377576030     
  0.488503532204239     
  0.499109259198417     
  0.515955203083917     
  0.508171214573075     
  0.467290176498107     
  0.507323864877104     
  0.468840883452235     
  0.514351496967291     
  0.502035112659264     
  0.484053713221609     
  0.479636018616082     
  0.491813856140181     
  0.462784814805222     
  0.545748276404169     
  0.468291911455926     
  0.521338568060596     
  0.497422753467816     
  0.455662910195251     
  0.484919184481076     
  0.474560771346545     
  0.467309302803640     
  0.529491545467152     
  0.475149990070111     
  0.504648715816822     
  0.517575612922055     
  0.511318427953638     
  0.493682756432393     
  0.465511716698162     
  0.464414896071596     
  0.478477916261498     
  0.547832992617940     
  0.503505061206747     
  0.513954610757235     
  0.478722644128571     
  0.518862494387333     
  0.470253404173134     
  0.486309343170800     
  0.498464253924898     
  0.491111487124555     
  0.498970193687687     
  0.503485873127257     
  0.482893558599559     
  0.462980240642923     
  0.503770113044868     
  0.511183904261503     
  0.489608873425748     
  0.488638409861965     
  0.497620618208699     
  0.488802716720156     
  0.458145531734323     
  0.501175819216313     
  0.483554084831169     
  0.479088503439159     
  0.516498728931900     
  0.427967763182154     
  0.474151537565050     
  0.466208154827670     
  0.497642169380497     
  0.519675088541910     
  0.527079764271371     
  0.490089233709458     
  0.483485602951626     
  0.489245172231934     
  0.502644381333510     
  0.513671060970431     
  0.504472963223187     
  0.492092373921016     
  0.443046681939976     
  0.493327302154381     
  0.473836753816856     
  0.474343261212632     
  0.488826992312418     
  0.506792365156464     
  0.469490873664820     
  0.460209058313072     
  0.498036877269758     
  0.478302598360498     
  0.451400541508851     
  0.471080374858557     
  0.545976042243370     
  0.485728793309791     
  0.476292416515853     
  0.472366884640156     
  0.494566471101491     
  0.525744235127069     
  0.508443056065151     
  0.503716458214089     
  0.516656225188734     
  0.497181911281884     
  0.429232070358747     
  0.512958155824994     
  0.520672261685442     
  0.526330364177901     
  0.493104312520274     
  0.523316060610535     
  0.534690983694124     
  0.456343541894812     
  0.491093743082588     
  0.486954313429709     
  0.479336748899770     
  0.461027533319248     
  0.527012126474160     
  0.493015838829409     
  0.481483543895617     
  0.487787956187883     
  0.479393827407975     
  0.533560535375405     
  0.484375950731815     
  0.510630282972562     
  0.502133478138538     
  0.453921513430038     
  0.530901836817708     
  0.488133638371976     
  0.485618569801022     
  0.516761167303017     
  0.505818673987494     
  0.449644217473934     
  0.500779061104939     
  0.481063106846320     
  0.464694471165726     
  0.534573228572066     
  0.527499585437798     
  0.484550929199961     
  0.485993737135820     
  0.554916718737180     
  0.468390322892437     
  0.477521884854250     
  0.540309459429659     
  0.515386104872474     
  0.525855057304574     
  0.494958569331642     
  0.483731453774489     
  0.543462944332343     
  0.523587905335869     
  0.514329425614081     
  0.503352776351959     
  0.482328996341347     
  0.475935822983603     
  0.485292477833684     
  0.532349854630555     
  0.465447270734794     
  0.497353762804374     
  0.468890706997690     
  0.510252040604667     
  0.534110156507520     
  0.505007719328742     
  0.489146838649642     
  0.487756195568739     
  0.465387355387893     
  0.491233267749851     
  0.499305535572659     
  0.453511758261390     
  0.478139975262207     
  0.487320933083233     
  0.493465688070824     
  0.510435577961247     
  0.470367879320946     
  0.511493263249097     
  0.472948083930125     
  0.466170341608063     
  0.511291954323116     
  0.483162792037951     
  0.512257039593032     
  0.483793231139032     
  0.536060137313689     
  0.497280092253896     
  0.533461660948103     
  0.512118835910305     
  0.464758148014570     
  0.471415558315980     
  0.521414212570350     
  0.496788577959587     
  0.517111606816407     
  0.462665894077364     
  0.468646594986759     
  0.476816845989120     
  0.499495256285283     
  0.559292254229394     
  0.497989379637833     
  0.512509613615602     
  0.485212226962033     
  0.527383358364270     
  0.502884061950711     
  0.508610919850484     
  0.485697234728758     
  0.513323949223377     
  0.475394687220904     
  0.549722921479619     
  0.489998895417601     
  0.497542992808627     
  0.516438505838412     
  0.529046869438645     
  0.512798604764451     
  0.519172535394787     
  0.521202905304104     
  0.522208175526134     
  0.546736357130653     
  0.502522910984017     
  0.519686225273544     
  0.533298918289181     
  0.558058631101961     
  0.446092274290149     
  0.480391903304706     
  0.535395074012514     
  0.467143501149925     
  0.502014912706237     
  0.557701788982875     
  0.490107982652292     
  0.491756304492562     
  0.509036156483927     
  0.454153370051269     
  0.504649323488052     
  0.512642361355222     
  0.486007606797267     
  0.522309526327276     
  0.503557406570625     
  0.483836752361554     
  0.494200330073636     
  0.479502773093316     
  0.499370087552961     
  0.505251243227128     
  0.482263875691137     
  0.456676676654888     
  0.463839765288772     
  0.552690793744288     
  0.501671943405350     
  0.545222710850774     
  0.493394048703579     
  0.512148581439813     
  0.486819824101207     
  0.515009625703322     
  0.481368612689024     
  0.499218643853338     
  0.513772715045099     
  0.519058219920089     
  0.490687365864060     
  0.533775634772369     
  0.497297941525553     
  0.441662949329573     
  0.539474489331888     
  0.505775711600999     
  0.491659753468720     
  0.493209412209015     
  0.508526749617506     
  0.500006155560823     
  0.461873283877536     
  0.484648823002453     
  0.512492598295730     
  0.501781793686541     
  0.501888725914357     
  0.292742667008169     
  0.295921909358862     
  0.383494619389713     
  0.398771517069155     
  0.295980987341845     
  0.321309697637074     
  0.333832403297747     
  0.305166906585543     
  0.306717191625602     
  0.373134769278792     
  0.401459151609877     
  0.321584595879236     
  0.359650656876811     
  0.458001762999504     
  0.368094959083654     
  0.328695886396026     
  0.303323031399206     
  0.271365281565906     
  0.264361982158748     
  0.359426249802450     
  0.276852964632197     
  0.351650146990125     
  0.386033669286225     
  0.293851804158393     
  0.294694347223479     
  0.310220434612182     
  0.301517873085386     
  0.324355756472858     
  0.345062887351125     
  0.297853174862371     
  0.340353669643640     
  0.423849530039825     
  0.313613004736438     
  0.383985762515816     
  0.365934965590643     
  0.433869690556750     
  0.313412112816222     
  0.329218247881046     
  0.326385506758304     
  0.358833972490370     
  0.391071569443324     
  0.347904616367655     
  0.332364232385064     
  0.324807484275521     
  0.303954290193111     
  0.391079106974029     
  0.292985006006219     
  0.324280938118884     
  0.311626622590270     
  0.340000776619577     
  0.257693661283331     
  0.358890721682336     
  0.374904315286511     
  0.236456752304128     
  0.384757107666642     
  0.282683981944260     
  0.422022214738323     
  0.403227121346374     
  0.284169736675722     
  0.282300539588812     
  0.383465908880090     
  0.389735942091687     
  0.364986787202920     
  0.307878959001293     
  0.321567350555425     
  0.361790278022458     
  0.311000842864147     
  0.333359247384415     
  0.347344509487314     
  0.344049327163064     
  0.319852039097102     
  0.450511050795785     
  0.370989050138812     
  0.295174323715216     
  0.279659529406067     
  0.250943881428476     
  0.258685047082397     
  0.376647517271306     
  0.321500411849735     
  0.326765725769733     
  0.384623729809790     
  0.353463953846457     
  0.242898280652046     
  0.303564551712437     
  0.338514911251978     
  0.363231502295737     
  0.313910368007206     
  0.373298229433012     
  0.356966840820487     
  0.324364890349346     
  0.269784155931352     
  0.263735045839989     
  0.382241718118743     
  0.247005031667615     
  0.291190019099768     
  0.330069572246564     
  0.360151630709698     
  0.307959802973836     
  0.423575990833938     
  0.250613066083375     
  0.357480650917077     
  0.322434242398200     
  0.374397926135954     
  0.384081178024668     
  0.349141355218403     
  0.348058458342178     
  0.328979496629805     
  0.311983813553692     
  0.351443068580298     
  0.333246737345135     
  0.355240238099135     
  0.287275226859826     
  0.323133836155262     
  0.286096164495490     
  0.407636877907330     
  0.382624304391806     
  0.316156840432327     
  0.389737559061301     
  0.316714336231775     
  0.241657713489697     
  0.324737748298888     
  0.348644083652342     
  0.387148969377740     
  0.300879243324566     
  0.251934610172570     
  0.300847172732289     
  0.251817432520607     
  0.395373270787378     
  0.323112913549819     
  0.242769386577684     
  0.301451203749427     
  0.410411140132886     
  0.407463722683872     
  0.367367154198913     
  0.326566979229856     
  0.321525386579965     
  0.357168558390756     
  0.407587067632888     
  0.335407987664960     
  0.284253098035895     
  0.380415633654552     
  0.338335447051530     
  0.319206398993291     
  0.274154972175948     
  0.281562723391349     
  0.387795388715522     
  0.412750345719067     
  0.297710169627277     
  0.370135854323175     
  0.329263728282938     
  0.332491345097560     
  0.265400920149903     
  0.316928950505907     
  0.404491515677830     
  0.293021519951207     
  0.309135260367828     
  0.504775727019280     
  0.320862641094816     
  0.254679381217839     
  0.355140001096377     
  0.403596612791181     
  0.364470322378211     
  0.329804701189582     
  0.280669491220541     
  0.291846031262412     
  0.379602386447705     
  0.358063656934133     
  0.295463100201441     
  0.348505155335869     
  0.326231204521606     
  0.284504322519336     
  0.360748567315431     
  0.302442628707167     
  0.245424915828718     
  0.255320019768097     
  0.267040824432727     
  0.302888859593428     
  0.347331639487024     
  0.349831679335180     
  0.297654592352910     
  0.279784180080673     
  0.304585464280461     
  0.307686949669660     
  0.353869459782745     
  0.312651446746397     
  0.281041495628184     
  0.320883026135171     
  0.320401135283095     
  0.299706400629048     
  0.374813746152799     
  0.333650025520728     
  0.393317556368977     
  0.436031676085615     
  0.401093228541641     
  0.350006768390209     
  0.384972518971858     
  0.313563490035939     
  0.333854662911469     
  0.301065277728407     
  0.356259210383145     
  0.332648830906923     
  0.359125205615506     
  0.340724298338107     
  0.256306257051021     
  0.301459864379522     
  0.281630429915659     
  0.287060046969561     
  0.239876981579676     
  0.321882737703603     
  0.343795383696759     
  0.314765336023326     
  0.328106266170181     
  0.347238869807959     
  0.353742550731420     
  0.383556223592978     
  0.288195526914392     
  0.347031479121949     
  0.251058716429944     
  0.337468720473181     
  0.284971002731152     
  0.368573457424496     
  0.289150690593300     
  0.465790874597853     
  0.366525377387424     
  0.291729095745909     
  0.346559942435580     
  0.321392085193854     
  0.312827804304433     
  0.299443346881077     
  0.284024928253153     
  0.344744422126942     
  0.395022421742841     
  0.387374526091769     
  0.344686896895489     
  0.330359335951036     
  0.390430198210458     
  0.329692929167719     
  0.325040906443251     
  0.377057057694863     
  0.318378941675323     
  0.402803857730853     
  0.299581295278936     
  0.361396530307710     
  0.381365990208687     
  0.296533992756309     
  0.368967626949026     
  0.350404843879621     
  0.371529918829301     
  0.329408656960313     
  0.325320517608880     
  0.424788291848024     
  0.309671169877092     
  0.319342219352671     
  0.352766038281718     
  0.302275262312632     
  0.283408222193317     
  0.298662860920433     
  0.333460849997833     
  0.450160095656826     
  0.391711605526950     
  0.373052432195921     
  0.445219577193103     
  0.340846202367764     
  0.352904836814723     
  0.338420985135082     
  0.416543802056837     
  0.356355670156436     
  0.363855625957419     
  0.417611850823309     
  0.334461534705499     
  0.356089866879327     
  0.313828940094276     
  0.254655952438080     
  0.361283916754751     
  0.394869085195072     
  0.295255384949992     
  0.292959134409005     
  0.356219077763595     
  0.421432864339388     
  0.294334463423740     
  0.339542553902889     
  0.336427956931731     
  0.311774714191472     
  0.391157381368536     
  0.302317140399937     
  0.282742415410830     
  0.416559512313254     
  0.332927936565883     
  0.318091372457460     
  0.321044320551216     
  0.282442605411381     
  0.311240454671998     
  0.315856222958892     
  0.394339083366784     
  0.313366842334597     
  0.247118067370963     
  0.363557572313365     
  0.338934301680186     
  0.288493800165450     
  0.237009692328886     
  0.318612810480310     
  0.262029701096769     
  0.297215563956193     
  0.370418579875324     
  0.314731301603165     
  0.398296690759202     
  0.289424327849664     
  0.403242956598539     
  0.321355475945629     
  0.444729995728076     
  0.327367137026736     
  0.340603486571612     
  0.298963031156855     
  0.366188417553535     
  0.381656191167663     
  0.332991113193326     
  0.413921517454060     
  0.306738394024712     
  0.359613612536456     
  0.348295994669698     
  0.360523287675893     
  0.385676700117676     
  0.346351971877608     
  0.302771215605276     
  0.332283814288161     
  0.271943320337733     
  0.412161560886531     
  0.296014038944953     
  0.305159400718614     
  0.327527333569119     
  0.417692027071478     
  0.338499153736068     
  0.321271288444510     
  0.287178303401624     
  0.239717324593155     
  0.357101211633222     
  0.359279996094320     
  0.258094981415918     
  0.270104609494378     
  0.319624962335315     
  0.325405437924231     
  0.291477386996902     
  0.381787921804085     
  0.351101194874728     
  0.282075316782704     
  0.287622899628034     
  0.366176600247518     
  0.314467078498278     
  0.240773536563280     
  0.334193541815111     
  0.303368449620101     
  0.417069991306161     
  0.265857015070511     
  0.344556118716331     
  0.257512627225986     
  0.362765081569316     
  0.341945050580315     
  0.324386706345823     
  0.320446194690842     
  0.446771021126996     
  0.370589674059192     
  0.377608690338831     
  0.347124770876089     
  0.335199968959420     
  0.379944308504321     
  0.351522721875750     
  0.330530168436018     
  0.286815699814569     
  0.323376992293957     
  0.286960535649032     
  0.242800577612613     
  0.380130315000764     
  0.342890927753190     
  0.296602672737480     
  0.325192141743525     
  0.313260180783165     
  0.301523570950929     
  0.351216192394621     
  0.266753266992098     
  0.260611902930238     
  0.362878969402549     
  0.373033843562862     
  0.470088271151597     
  0.349819589621347     
  0.366723585568663     
  0.389647556567021     
  0.254025984207153     
  0.318770244322906     
  0.463526642972877     
  0.233945929356628     
  0.311721950220426     
  0.322749781857096     
  0.410650848905659     
  0.371144860449922     
  0.275016948780401     
  0.282001192577004     
  0.284378745907105     
  0.333476488824459     
  0.420356917303409     
  0.303387563790109     
  0.314640858556625     
  0.393203906044286     
  0.329621386203663     
  0.329866694988087     
  0.243843271114663     
  0.242444880744311     
  0.347701084425476     
  0.359396485497745     
  0.400236454655998     
  0.275413446465312     
  0.313521645062310     
  0.308440709622728     
  0.355547007904852     
  0.323892901614177     
  0.363533704705888     
  0.278211286912423     
  0.437570801524928     
  0.313291672407365     
  0.299992263546750     
  0.253177137354054     
  0.301970851048411     
  0.333697694515779     
  0.366630948334284     
  0.342303601600092     
  0.351048953706357     
  0.348635692300551     
  0.359065739317217     
  0.375688546159430     
  0.320824930780386     
  0.352928069547194     
  0.348024443890295     
  0.305904472449437     
  0.305563079839350     
  0.304722032870558     
  0.296891756489881     
  0.369327168082662     
  0.319572449028474     
  0.301654526336265     
  0.370944528312884     
  0.359429777955252     
  0.276076135500912     
  0.436214729836552     
  0.325825512608028     
  0.317823485531049     
  0.205399389267939     
  0.394554374189370     
  0.390917496067429     
  0.351312019857681     
  0.333037506345253     
  0.341481283439421     
  0.323879777732580     
  0.326018115723653     
  0.287845913238599     
  0.415179833992397     
  0.291647258482891     
  0.340588310949307     
  0.338028056402286     
  0.338282206814252     
  0.260987322704057     
  0.460925876784818     
  0.303129143400133     
  0.426712433448844     
  0.317129126207454     
  0.360989913496024     
  0.364447303090052     
  0.346245116359801     
  0.302427465051756     
  0.310582660193828     
  0.387162471598709     
  0.271010365039867     
  0.310317952045875     
  0.356245385508814     
  0.278416214079617     
  0.293194376996078     
  0.320885607883285     
  0.337813359186023     
  0.258540782273683     
  0.343865858360670     
  0.379873143763561     
  0.331636947454007     
  0.286606475606903     
  0.321669596016169     
  0.344040583680934     
  0.314288825998105     
  0.426233291921349     
  0.253387401954716     
  0.332418175643336     
  0.358208648902370     
  0.294684260090810     
  0.250778026424578     
  0.283375552270498     
  0.282848707113260     
  0.323808579240791     
  0.347220315017352     
  0.233225216357789     
  0.313719491203578     
  0.340512830228953     
  0.359295271775340     
  0.417436916651618     
  0.292925325452740     
  0.380073091738458     
  0.362775029510113     
  0.296021057779181     
  0.333227366064609     
  0.416373899033448     
  0.336505818803975     
  0.292575773145183     
  0.396714216055482     
  0.345576721375390     
  0.331390173205107     
  0.351097555634127     
  0.316202326142633     
  0.329016281929368     
  0.313949736799620     
  0.315171777398059     
  0.390559765719103     
  0.353132865928201     
  0.344194243097495     
  0.330223419670156     
  0.412951274128635     
  0.363536570649814     
  0.392651494327525     
  0.351875520438684     
  0.277302599634062     
  0.347130517283084     
  0.470573502455351     
  0.337108523261916     
  0.281918398185905     
  0.314655607777315     
  0.318713870553073     
  0.314631971574049     
  0.389464263854683     
  0.341574547900356     
  0.316277311440473     
  0.403280944242059     
  0.373479639680505     
  0.313813744453496     
  0.262397882062303     
  0.343892254937393     
  0.388765983316867     
  0.277384266950329     
  0.313619215548253     
  0.317769337635697     
  0.312512913164082     
  0.315741519801740     
  0.338111268532066     
  0.344437360813134     
  0.387240843006680     
  0.257475678299368     
  0.323617969320109     
  0.261831848788511     
  0.318096734571511     
  0.396057613394504     
  0.293020951077124     
  0.326414408890368     
  0.323571787872712     
  0.282324692926906     
  0.308483264215984     
  0.302392540544994     
  0.315319295754078     
  0.355880823024085     
  0.352881659746554     
  0.292035961716271     
  0.360301801515662     
  0.330053001234544     
  0.286412847380106     
  0.334512682183059     
  0.489759609355771     
  0.331690052291230     
  0.263728311900005     
  0.344175804686422     
  0.407296143201826     
  0.299063938013479     
  0.371646615505420     
  0.351592171309439     
  0.303726675763500     
  0.407110892589380     
  0.310187063027407     
  0.267046448686609     
  0.268662208306858     
  0.439014431036384     
  0.419650886971943     
  0.289916117134591     
  0.416964767082278     
  0.367648505955587     
  0.314812830110027     
  0.235570708537836     
  0.288698602679253     
  0.330497709450924     
  0.290762776534235     
  0.276062796013974     
  0.488890963684492     
  0.378228414826903     
  0.358316079588989     
  0.320692158784290     
  0.282638478661708     
  0.370212863182115     
  0.277945456363428     
  0.277727220301749     
  0.367136417568090     
  0.310126156964940     
  0.295086210922075     
  0.350131141455897     
  0.280055468187153     
  0.337194235171336     
  0.275611867161744     
  0.273501906598156     
  0.393893381390185     
  0.339972725844802     
  0.287594340890038     
  0.303960034189815     
  0.413702647520831     
  0.321688750906790     
  0.441216485808718     
  0.389677184530450     
  0.344572553784392     
  0.322269839115908     
  0.321229984833222     
  0.258159752151854     
  0.358826062621360     
  0.384844437550268     
  0.307230249602249     
  0.375102565397922     
  0.346231576799307     
  0.279311065994001     
  0.316265041520548     
  0.348961112771071     
  0.347110623486503     
  0.332831917714155     
  0.383065731531529     
  0.348420326862634     
  0.295221299886105     
  0.266807483532900     
  0.397959985023952     
  0.230433873268539     
  0.336285704240313     
  0.301481718949423     
  0.385962124878317     
  0.348977689997162     
  0.321134214186049     
  0.329752153988327     
  0.285946979619325     
  0.325885736393803     
  0.339669246443318     
  0.292253473216208     
  0.470899909070648     
  0.352066149869878     
  0.314198035381541     
  0.371790259345384     
  0.381505193273001     
  0.385716225341082     
  0.328162658282618     
  0.312829970017447     
  0.215652381465103     
  0.331373861654838     
  0.318044369990845     
  0.257068622266399     
  0.316927089355361     
  0.399321747395415     
  0.207544269083430     
  0.301241551498502     
  0.323692499679612     
  0.436064690489288     
  0.300889594880690     
  0.380626643297328     
  0.306055041562267     
  0.329101480577894     
  0.302746528677239     
  0.264053182027072     
  0.369508695997636     
  0.334916309601748     
  0.368810078793582     
  0.300814905406868     
  0.257880225991663     
  0.351824295985809     
  0.275231204937023     
  0.360547564546602     
  0.335612125200524     
  0.369713356924678     
  0.345218456954331     
  0.360845004438706     
  0.328520470761786     
  0.358494263106450     
  0.342824554472953     
  0.266529841414657     
  0.352806639090867     
  0.326886966217424     
  0.314409914042041     
  0.420905222116219     
  0.340552659964258     
  0.311155034721476     
  0.377717644643798     
  0.279476993207364     
  0.347773539353557     
  0.370340588934987     
  0.401856011608079     
  0.313480807372226     
  0.326772840779362     
  0.351237197535199     
  0.365922761463108     
  0.319201846120018     
  0.355828995313374     
  0.430830731586880     
  0.377929535922269     
  0.248607445439049     
  0.354226508829370     
  0.307059228622620     
  0.342612906095773     
  0.300032991322324     
  0.273542343150060     
  0.415234256141999     
  0.467167013288704     
  0.289896420502305     
  0.315698854232556     
  0.286161157266649     
  0.362813604268060     
  0.290858444438145     
  0.452329157412244     
  0.373756855513695     
  0.402587670105618     
  0.284890417153398     
  0.314823849611876     
  0.287473204533894     
  0.343387833090748     
  0.329416633107267     
  0.364867230075827     
  0.348929991505049     
  0.358045987040207     
  0.412853035460583     
  0.342186858309628     
  0.267545506990098     
  0.380759431333956     
  0.402199786787891     
  0.383783561705126     
  0.327943992238835     
  0.330504988156657     
  0.353481267123666     
  0.424793163135412     
  0.389553456990966     
  0.283234338403729     
  0.341143855678019     
  0.283525620619238     
  0.339671780350922     
  0.332432700417574     
  0.386003879270501     
  0.488714586915883     
  0.340646217704756     
  0.308222728881874     
  0.375964229517519     
  0.353644616765895     
  0.304882064110092     
  0.321717765229873     
  0.330173371032784     
  0.349302543049682     
  0.329304155978641     
  0.316004262741713     
  0.268838146235850     
  0.391735487608222     
  0.310707968808772     
  0.295037275492497     
  0.300555659059619     
  0.312747567511799     
  0.271679440493285     
  0.421123084077703     
  0.311115814587531     
  0.379096212673588     
  0.339906336298757     
  0.298951044043230     
  0.368179593679192     
  0.287632106761758     
  0.258285663553271     
  0.400684444731429     
  0.276653658906948     
  0.310992744667424     
  0.357712662434965     
  0.353236000972899     
  0.313142409160783     
  0.333496097426664     
  0.251361215758038     
  0.292328628509794     
  0.358779021727034     
  0.402043008968281     
  0.353531244181399     
  0.294405348573071     
  0.339976247168955     
  0.279678344782112     
  0.315818435283024     
  0.339849052343959     
  0.342746897444331     
  0.316702223340275     
  0.300988384312553     
  0.303220957717824     
  0.293590682092895     
  0.316961104224219     
  0.380728694604413     
  0.342761834840681     
  0.398413422912632     
  0.340947423781067     
  0.303066434559173     
  0.282757881308447     
  0.337876029247754     
  0.294034997548449     
  0.315716399519841     
  0.383815837678728     
  0.232774060125233     
  0.328369553946988     
  0.291142085188414     
  0.380650650154365     
  0.345340216960994     
  0.380327284458361     
  0.324522363661734     
  0.316647599438953     
  0.356716868441591     
  0.336497309146603     
  0.332303004139201     
  0.363100254215400     
  0.343767801073206     
  0.257941355507992     
  0.370208954985665     
  0.281310928522576     
  0.283638045149891     
  0.343678418530324     
  0.371893571120854     
  0.272190609031109     
  0.292539717982676     
  0.343170343250283     
  0.330016206539092     
  0.262954394910124     
  0.304726138162569     
  0.399699661038199     
  0.317446069479465     
  0.282925602294298     
  0.290614692334118     
  0.328347622563575     
  0.341357328357981     
  0.354188556931007     
  0.326669930156221     
  0.436137796086022     
  0.335391373865184     
  0.215116018434401     
  0.375405681578931     
  0.365726963711813     
  0.403327784239230     
  0.321956044948846     
  0.342447483240184     
  0.383566747107923     
  0.255269776717587     
  0.338526154945106     
  0.331188135723346     
  0.316519850355806     
  0.274130166485223     
  0.406523495562187     
  0.355739991880979     
  0.324056585416081     
  0.339789099204207     
  0.339826639493330     
  0.355374348768444     
  0.307719017720162     
  0.356563333247499     
  0.339951998611466     
  0.241571814866728     
  0.391789904224564     
  0.308794083888450     
  0.337193320838868     
  0.360371666871967     
  0.351146031437947     
  0.256496209025457     
  0.319967120771474     
  0.315013686284717     
  0.331428393167406     
  0.433705826031617     
  0.353252773400995     
  0.290395947106178     
  0.336130926488051     
  0.437051500080680     
  0.316029494599453     
  0.276493991551735     
  0.399020064759465     
  0.315401964236920     
  0.377048338464246     
  0.327810375457785     
  0.269923440862042     
  0.378916129637712     
  0.382213538206281     
  0.348595277161175     
  0.325857298445947     
  0.296353933541504     
  0.314809839205045     
  0.329943978137926     
  0.444310177062383     
  0.309463523122089     
  0.280568194602824     
  0.329960068824674     
  0.349414241252550     
  0.344290965644144     
  0.304160266328076     
  0.290857789036682     
  0.323986689694856     
  0.291491907517764     
  0.313148965809533     
  0.375966103835804     
  0.260937556304925     
  0.322153472374564     
  0.339996755091079     
  0.332122042955375     
  0.338838238766914     
  0.266638469144175     
  0.321613797404523     
  0.296253987825038     
  0.277865562535858     
  0.435873901863896     
  0.287210488619400     
  0.375914879025596     
  0.289229159623278     
  0.360346991333886     
  0.295139819049310     
  0.390623150854816     
  0.365393402738152     
  0.263630835655132     
  0.288101207980856     
  0.373844973332597     
  0.330821383717376     
  0.351706227737989     
  0.284758127322306     
  0.269064984247351     
  0.306998103452427     
  0.322645351945558     
  0.424672844035460     
  0.346284912595149     
  0.404914949622720     
  0.301206494047884     
  0.427086340473077     
  0.298573748967184     
  0.333010580998066     
  0.313506461980803     
  0.371745097308656     
  0.250780883064660     
  0.391171221539938     
  0.355538718589473     
  0.342084463967230     
  0.373035671572327     
  0.382707979179799     
  0.334246463718058     
  0.342355206504222     
  0.348073125576543     
  0.339846982340478     
  0.377452775095541     
  0.347498153826527     
  0.406044341435135     
  0.382884616177712     
  0.474430641008721     
  0.281420585096679     
  0.279511964843052     
  0.353984272208405     
  0.300963983553842     
  0.362070486994714     
  0.450701601625276     
  0.325606676309208     
  0.326230869990235     
  0.296631357064071     
  0.252753370360584     
  0.310157614706104     
  0.396410047627896     
  0.338619906730284     
  0.380865303181474     
  0.320143263841321     
  0.312772313625664     
  0.335533110928934     
  0.317698392521721     
  0.341602161738743     
  0.369123379751582     
  0.323027582937552     
  0.270453735459368     
  0.273646226001931     
  0.446401844625508     
  0.304169491584875     
  0.372717976404679     
  0.318635847908870     
  0.366552101660545     
  0.344659457846216     
  0.382381248556206     
  0.333196361333353     
  0.334102635230528     
  0.334440323384970     
  0.378884382013542     
  0.297465083225033     
  0.370643583426979     
  0.354273525163482     
  0.232960930236691     
  0.391965111730909     
  0.300554956866276     
  0.327537191692764     
  0.298621749796607     
  0.332606790011155     
  0.361957307366620     
  0.259576944721520     
  0.335711463010766     
  0.327981891356477     
  0.390039651883441     
  0.321701024590997     
