  0.448212919907847     
  0.448345552976743     
  0.443767195894184     
  0.445640306193335     
  0.443290747118273     
  0.448159293849056     
  0.451338967143143     
  0.442536488877813     
  0.447091619365811     
  0.448191309157499     
  0.448621073967188     
  0.447452853501299     
  0.446334795548502     
  0.450517070548037     
  0.445777060948658     
  0.449299093503104     
  0.449370091566987     
  0.445729421841297     
  0.447436717490627     
  0.451300502929370     
  0.446845367075055     
  0.444600184863496     
  0.447396188485457     
  0.445563105249219     
  0.449527364883393     
  0.441939331084296     
  0.449023603043215     
  0.449240077604194     
  0.447897339277934     
  0.444957840273555     
  0.447565461633769     
  0.445655497467253     
  0.444751562914484     
  0.450239077600182     
  0.445765249473192     
  0.449132300572656     
  0.452169939050580     
  0.448547803587259     
  0.444908782404064     
  0.446174594193493     
  0.445984153641857     
  0.444805812890830     
  0.446750021089323     
  0.449391112912549     
  0.446700303044933     
  0.443703221347220     
  0.444587746380927     
  0.448184279325107     
  0.445723960167839     
  0.444948407273442     
  0.450026914615003     
  0.445201054848411     
  0.445479407226828     
  0.448029564632929     
  0.441740536380559     
  0.446614305748779     
  0.446283625841905     
  0.444756351993263     
  0.445377866190015     
  0.441667618751781     
  0.446206876299707     
  0.445478025543278     
  0.447391881317540     
  0.448547438583302     
  0.446113199521819     
  0.445238999602016     
  0.445100003068220     
  0.448703967733496     
  0.440437519622850     
  0.446043035044542     
  0.446199189814105     
  0.445035343934105     
  0.451684777072368     
  0.446289228345334     
  0.446555642914123     
  0.449352656424613     
  0.443687406731266     
  0.445818651535213     
  0.446862688998640     
  0.451129779427438     
  0.448475167124758     
  0.448478357011850     
  0.449867386233082     
  0.446134080583628     
  0.451150698148113     
  0.448595392111678     
  0.444842964550249     
  0.452989498447450     
  0.447186051939071     
  0.447359732577484     
  0.442119147103569     
  0.449101115110104     
  0.443414852349493     
  0.448973075839693     
  0.447213375140706     
  0.444893918748254     
  0.446051034348723     
  0.449313587239043     
  0.446202874436063     
  0.447420816532828     
  0.445531955424292     
  0.449910296460214     
  0.441578073677382     
  0.444608141286734     
  0.446268292061617     
  0.447364778849348     
  0.446905272889878     
  0.439967745108780     
  0.444832903764736     
  0.449103669671666     
  0.445239007933700     
  0.444193410092708     
  0.444724223199970     
  0.449409926682721     
  0.445192517767307     
  0.449351489559457     
  0.446262976601068     
  0.448884033723999     
  0.449207418510029     
  0.447330218676220     
  0.447601028296407     
  0.448447726925989     
  0.446111400849353     
  0.447028855575302     
  0.447282304157019     
  0.445774302964301     
  0.448883530488483     
  0.447739826293137     
  0.447242032118923     
  0.449696789833789     
  0.442524630225091     
  0.448769476282265     
  0.444716780536689     
  0.446126896675319     
  0.449122409769981     
  0.446148576581755     
  0.442608322223604     
  0.451136900779420     
  0.443674501422239     
  0.449251289353448     
  0.447537583725752     
  0.449161726976988     
  0.448746642614966     
  0.444456131682562     
  0.450771020057869     
  0.446117079127496     
  0.449208621571850     
  0.448044335777158     
  0.447684817780256     
  0.449176193428082     
  0.453724270728043     
  0.446372487768207     
  0.442400390800468     
  0.446356453194673     
  0.445067690334584     
  0.447780363544536     
  0.447991099351878     
  0.443583420082225     
  0.447060216296937     
  0.449012562717789     
  0.441515069819471     
  0.447078544716596     
  0.445818126326351     
  0.446492956247313     
  0.448745750015351     
  0.446095971197595     
  0.445570271388081     
  0.444631897432074     
  0.448541217238227     
  0.445454809478881     
  0.451335035967297     
  0.449836464072939     
  0.446158596715971     
  0.447880481938011     
  0.449043656915285     
  0.446172678027150     
  0.444560331512597     
  0.445755345998669     
  0.447408082306030     
  0.443741772645462     
  0.442723458557162     
  0.445209832706250     
  0.445608126166813     
  0.446465589026383     
  0.447908841854480     
  0.451797427525013     
  0.445764587751898     
  0.445659009856853     
  0.444947479225288     
  0.446291428105417     
  0.446933113107590     
  0.448449279176181     
  0.442654365598369     
  0.446733009209245     
  0.448451907182791     
  0.450442145127219     
  0.444426997824315     
  0.444399071602087     
  0.446271725970880     
  0.447004851843936     
  0.447877415454737     
  0.449879224016726     
  0.448210944562238     
  0.451476449471461     
  0.445575110248794     
  0.445938437016865     
  0.443785200135050     
  0.445826462316329     
  0.451458917540143     
  0.443388987930310     
  0.447740490456507     
  0.447281490546136     
  0.453164033494949     
  0.447201189786239     
  0.448204363246070     
  0.447328363036626     
  0.447847195293030     
  0.448452940478015     
  0.450147031044881     
  0.451627753583622     
  0.444653217327299     
  0.450862988019307     
  0.441034100429499     
  0.448341133308128     
  0.447714500880822     
  0.447681480120066     
  0.452247648945146     
  0.450761558186314     
  0.451793337568373     
  0.447786636292007     
  0.451306213618679     
  0.446114266432988     
  0.450123744036794     
  0.440995065807579     
  0.447955143955527     
  0.442984809092945     
  0.444376542821588     
  0.448432027677663     
  0.449684778750850     
  0.442192501031063     
  0.444352933685741     
  0.448165673304259     
  0.447273443682329     
  0.446991662753520     
  0.448130763655609     
  0.452992992612688     
  0.449859258869776     
  0.449714745718701     
  0.444073137633428     
  0.447567787483522     
  0.451531864674097     
  0.449204447983241     
  0.447014316647987     
  0.450363975649330     
  0.444902877237070     
  0.444274418734318     
  0.449100995421681     
  0.445426221492538     
  0.450286407541759     
  0.448195566118450     
  0.445683373800121     
  0.448896896709447     
  0.445608041267361     
  0.445249405090758     
  0.447234042413443     
  0.446102759932366     
  0.448766221902100     
  0.445938135880785     
  0.450203976929160     
  0.447497661346689     
  0.445413045289724     
  0.445199906865401     
  0.446845028103390     
  0.444981934319304     
  0.446526987722849     
  0.449021154035329     
  0.445334462356381     
  0.446970919347748     
  0.450908989356981     
  0.450931894444289     
  0.452274734087398     
  0.445856919239551     
  0.445385385872103     
  0.445125364128699     
  0.446686101750589     
  0.447624805288499     
  0.444754329066951     
  0.442157369367691     
  0.449095108347681     
  0.448757397437440     
  0.448116213855013     
  0.448214996428060     
  0.447042929890255     
  0.445063082145134     
  0.449308962722629     
  0.449641716245213     
  0.449480312950404     
  0.449541404756200     
  0.445534248603420     
  0.445263827765461     
  0.448425689589863     
  0.449311248427998     
  0.443561834612167     
  0.445541367289641     
  0.446586209006287     
  0.446390229199685     
  0.449379790615403     
  0.447793741461008     
  0.443161956683709     
  0.442324213337181     
  0.446408801922495     
  0.446619177075184     
  0.446573779472314     
  0.445604960383645     
  0.446210635354060     
  0.449511750590768     
  0.446984661080116     
  0.448902012765387     
  0.444847397183775     
  0.449151533763527     
  0.449957807312078     
  0.450519688749529     
  0.444386249671858     
  0.448067735479652     
  0.442532578013382     
  0.444640383086215     
  0.450137518992251     
  0.444059178723990     
  0.443172359082711     
  0.444537398227613     
  0.446581766587868     
  0.451578066170435     
  0.450887128831884     
  0.443944603423997     
  0.447472233316589     
  0.445458775740415     
  0.448418596504474     
  0.445686486553713     
  0.444816447665256     
  0.445934244737057     
  0.446248829774314     
  0.447499211481702     
  0.448498471170249     
  0.447971742132496     
  0.448332444100468     
  0.446545955385386     
  0.453040449567419     
  0.440920902812632     
  0.448119583294224     
  0.445326409463223     
  0.448630804153026     
  0.448295738266625     
  0.447497817861572     
  0.445260981830246     
  0.450339981754517     
  0.449428203877026     
  0.448695478340106     
  0.444862974222124     
  0.445277669418455     
  0.446707840644774     
  0.446729535975344     
  0.443779888395338     
  0.446158520682141     
  0.445767269143514     
  0.445814345011860     
  0.445549499790591     
  0.450875307256263     
  0.443711673508875     
  0.443032204258862     
  0.445132615995526     
  0.446094004436764     
  0.444712921720724     
  0.450827329120399     
  0.447047781971776     
  0.448931923448855     
  0.448065797696670     
  0.443923775050996     
  0.446271091554881     
  0.449915144647093     
  0.445770643573543     
  0.445953696503550     
  0.445128933177075     
  0.450803740098841     
  0.444356758013985     
  0.449940495556782     
  0.446406076195244     
  0.446812820966732     
  0.444608910280288     
  0.448402457945465     
  0.446110536777464     
  0.447078248764111     
  0.443201713243172     
  0.446044883540134     
  0.448363458547376     
  0.445438524232105     
  0.450179433775998     
  0.443198543329983     
  0.442418827291826     
  0.446749130128810     
  0.444080614142483     
  0.444924731806753     
  0.446399958432654     
  0.441690269185581     
  0.447424435532996     
  0.445125791600481     
  0.449471689854430     
  0.445059586230664     
  0.447485372622167     
  0.443594809316716     
  0.445708889420556     
  0.446830280845396     
  0.447079755233317     
  0.451223276238547     
  0.446041964580396     
  0.449273895942517     
  0.449597627338987     
  0.453473570167996     
  0.444419610409678     
  0.447517321020352     
  0.444364022750350     
  0.445457126942340     
  0.452023656584366     
  0.446647357169314     
  0.443872007779639     
  0.450745548433555     
  0.450132739152984     
  0.450178876194886     
  0.447142056304989     
  0.446581502411427     
  0.442307569993184     
  0.447323096495441     
  0.448004391901662     
  0.448444217792790     
  0.448609959137460     
  0.445253695280656     
  0.445506978562321     
  0.445893139004181     
  0.445113082705810     
  0.449195211330757     
  0.446341170418925     
  0.447018684921716     
  0.447162850174200     
  0.447696653907247     
  0.448048849565734     
  0.449928735443434     
  0.447661009444574     
  0.448162620757265     
  0.443868648893532     
  0.448735239928444     
  0.446994218819333     
  0.448815158259659     
  0.447827946120320     
  0.448029654777441     
  0.450177482175944     
  0.449594091711230     
  0.449182839401457     
  0.449671046156281     
  0.450546802998876     
  0.441130479509393     
  0.444766921753231     
  0.450747999993489     
  0.447073319855128     
  0.443321145344788     
  0.448081458883237     
  0.446369170672410     
  0.445825705242268     
  0.443930796020067     
  0.445486969359505     
  0.448261345096291     
  0.451282827446177     
  0.445793374057178     
  0.444838096777810     
  0.448809926109952     
  0.450346327726628     
  0.444384332767038     
  0.447952074716124     
  0.448797113635954     
  0.448219395719376     
  0.451316849224763     
  0.450130215655975     
  0.450558978682763     
  0.446683566022642     
  0.446375249558169     
  0.443065783864262     
  0.446502859707926     
  0.445337899374319     
  0.447505938933683     
  0.447336867910545     
  0.442875495798680     
  0.447133563726801     
  0.448620994368551     
  0.444941807077569     
  0.446938574835783     
  0.448386766430304     
  0.449153123426499     
  0.445516468848202     
  0.448551804300484     
  0.446746371162402     
  0.449359324846116     
  0.445002183980984     
  0.443188329004505     
  0.446703402508186     
  0.448487990297193     
  0.445551558861923     
  0.447425547921570     
  0.445748255900293     
  0.446018068685960     
  0.439096617731348     
  0.444945191884343     
  0.446203202086859     
  0.450692179892636     
  0.447767333435119     
  0.451540889189168     
  0.449250485156341     
  0.445228139489315     
  0.448057044303194     
  0.449735326600834     
  0.443139307137783     
  0.449512195550777     
  0.449326235646607     
  0.449194424537234     
  0.449625367520670     
  0.447844594884371     
  0.446838950462580     
  0.450330391683342     
  0.445494727263808     
  0.449109302377722     
  0.447140545316411     
  0.448876244738036     
  0.444199814939958     
  0.445618948946417     
  0.445350647268487     
  0.443756648132434     
  0.443839247819433     
  0.447122077152021     
  0.447035650815555     
  0.446755026035121     
  0.442968696566042     
  0.447870107159973     
  0.443139733465524     
  0.448834377267701     
  0.449629563545740     
  0.446271669743483     
  0.446109710477593     
  0.449518687898243     
  0.445491369340190     
  0.451299017909446     
  0.450640414762159     
  0.447166545591735     
  0.443945656050247     
  0.446049534170094     
  0.441888052897394     
  0.448831878809470     
  0.449228505204349     
  0.446595153222950     
  0.442742106949852     
  0.445321792618627     
  0.445943927103297     
  0.448655560197293     
  0.446579175392433     
  0.446624159696285     
  0.443210504383454     
  0.446942505648350     
  0.444948281830537     
  0.445548721726532     
  0.446205957267223     
  0.447061532222278     
  0.445323823690976     
  0.447255322677348     
  0.448315943537308     
  0.447588937880474     
  0.444300402727462     
  0.449411771428363     
  0.449734835757256     
  0.445542035022734     
  0.448550483835302     
  0.449570503059665     
  0.448291090379915     
  0.452368632770040     
  0.450553912455129     
  0.445951586227146     
  0.452838079345772     
  0.445624341561571     
  0.443535314536206     
  0.448766685202924     
  0.447317546949483     
  0.444023722267156     
  0.444210827331512     
  0.449932726196317     
  0.455053594058653     
  0.449817607739642     
  0.448557052378216     
  0.444224392931427     
  0.446939183674551     
  0.450233404996477     
  0.445680401484306     
  0.444086519375100     
  0.447166411031130     
  0.448100657512313     
  0.448282442823178     
  0.446472755033791     
  0.448872670491791     
  0.448980790270075     
  0.449623818901499     
  0.450292878888594     
  0.449973911639919     
  0.448971344904213     
  0.445473236103407     
  0.453761081090616     
  0.447603027166948     
  0.448951667781698     
  0.445358088494943     
  0.449433665741885     
  0.446785196210583     
  0.446203625078998     
  0.445510301932796     
  0.448926205740078     
  0.450471104212124     
  0.441248829642327     
  0.444686680756031     
  0.443849790276158     
  0.447703243992374     
  0.450906883047298     
  0.444680169890247     
  0.452912746169197     
  0.446758252501530     
  0.446751419218882     
  0.449685216595531     
  0.447687158424306     
  0.445235947061342     
  0.445967466027614     
  0.444956539665786     
  0.449672319999082     
  0.446775271327560     
  0.451746064677346     
  0.449339147860864     
  0.450849819839724     
  0.443444090315574     
  0.446412011076591     
  0.447383041223065     
  0.448280821381361     
  0.447388011891193     
  0.448270153036245     
  0.443331417024781     
  0.443787505405954     
  0.443235925655590     
  0.448394853420587     
  0.449389210499880     
  0.447697538105539     
  0.447378471267671     
  0.446318726837298     
  0.449429258573526     
  0.446184248045788     
  0.448584802388455     
  0.443484112398387     
  0.450172829478193     
  0.445249091320624     
  0.449950308350645     
  0.442729327311300     
  0.444331236431330     
  0.449763004161217     
  0.448999493235758     
  0.446991602474298     
  0.446335315796632     
  0.445696659620580     
  0.446548756097865     
  0.442298452350408     
  0.448536650771248     
  0.450106190951166     
  0.448571271096105     
  0.447054588364110     
  0.448774133946452     
  0.447865586637564     
  0.448046435205602     
  0.443467470940045     
  0.448148725626968     
  0.448033564240357     
  0.445162503107098     
  0.447969885435411     
  0.443739875091461     
  0.448634132555562     
  0.451988624364549     
  0.448152699602178     
  0.448055313347205     
  0.446379899537541     
  0.448527649942635     
  0.448360464996524     
  0.443346057758510     
  0.444127884214968     
  0.447408925417677     
  0.444708974516500     
  0.444801629303430     
  0.447682571117553     
  0.449008876190099     
  0.448782000164825     
  0.445703120939477     
  0.443425821897666     
  0.447653685713284     
  0.445513108470001     
  0.447843768300952     
  0.446329111548997     
  0.447135783994848     
  0.443945486724039     
  0.446353931954211     
  0.448687784569912     
  0.451452189728646     
  0.448489700447204     
  0.449447011259998     
  0.446785440546992     
  0.446461403778130     
  0.448507409348198     
  0.451200078273685     
  0.444457482421839     
  0.444584935290939     
  0.448287946943311     
  0.446943905114575     
  0.444733760492635     
  0.445020386326943     
  0.444817472165784     
  0.445048059767934     
  0.447419673235905     
  0.448769349389787     
  0.444742293464297     
  0.451230985557430     
  0.446812923375184     
  0.445215155935102     
  0.443230497039027     
  0.443605059183392     
  0.448106554833665     
  0.446771054830680     
  0.452110393441518     
  0.443226660511062     
  0.448852528898000     
  0.445938896298403     
  0.445734710944814     
  0.447789699679865     
  0.446090731053688     
  0.444207409211087     
  0.443897167252039     
  0.446842308918962     
  0.449571506830546     
  0.447879908867874     
  0.446149555298729     
  0.442469361703644     
  0.447450002032129     
  0.450495600631133     
  0.446330049399486     
  0.449992759148469     
  0.444604916828818     
  0.449507646145500     
  0.445458709814721     
  0.447819800716631     
  0.449671252623789     
  0.446703806698998     
  0.444290207540748     
  0.449139571377516     
  0.443490022531568     
  0.445847242926384     
  0.441792919123247     
  0.446246577982154     
  0.446537135654608     
  0.446686874704630     
  0.445598844936078     
  0.443665137613371     
  0.448738072375857     
  0.447386160476507     
  0.450019627335514     
  0.446383145999204     
  0.445074118111877     
  0.448285930287705     
  0.444339893349914     
  0.444999754553628     
  0.445587171142242     
  0.448470417129292     
  0.450638287523579     
  0.443341884202738     
  0.447254173805647     
  0.447659517001991     
  0.446169595898974     
  0.448229679015473     
  0.447824280094539     
  0.448320818703318     
  0.449651076815479     
  0.444338070019179     
  0.454018396363734     
  0.444150869856246     
  0.448184081985355     
  0.450839026233323     
  0.449181235673255     
  0.449154288524572     
  0.450196673183940     
  0.446416212196105     
  0.450054703275180     
  0.445211296178820     
  0.442720472954907     
  0.444175448725210     
  0.447871281631837     
  0.447569942530941     
  0.447527903723160     
  0.444692507807133     
  0.449464411393550     
  0.446528851092966     
  0.448565168097259     
  0.445243080750844     
  0.450294303007947     
  0.445148860534397     
  0.446250952892845     
  0.447013244751312     
  0.441168874178627     
  0.448841723256922     
  0.448283844050458     
  0.444302560651476     
  0.441353939353597     
  0.444611741174231     
  0.446352004872439     
  0.446474918888234     
  0.446169337307535     
  0.447545952304880     
  0.447514641942940     
  0.443250300063787     
  0.448321623821653     
  0.451407685704094     
  0.445515928537119     
  0.447279299402877     
  0.448221339338793     
  0.447224865189318     
  0.446465354567037     
  0.445268897868523     
  0.450274948097117     
  0.447256661833728     
  0.445040905085819     
  0.447946889890037     
  0.445508689790177     
  0.450163932471144     
  0.447372091290760     
  0.446575358859062     
  0.445232532896911     
  0.447523002528323     
  0.449694114423706     
  0.447009288457698     
  0.450644344778721     
  0.448725911269301     
  0.444010820860011     
  0.447167569464218     
  0.449070803368705     
  0.445714625820715     
  0.449110079680791     
  0.449398403195694     
  0.449285392367151     
  0.445536353678662     
  0.447223465621984     
  0.447502052163141     
  0.449207905039403     
  0.447473997928878     
  0.445231069503208     
  0.447893856290299     
  0.444686172564458     
  0.444018050393129     
  0.443203471374716     
  0.447050845710226     
  0.446201419786472     
  0.447127454455647     
  0.449389555889705     
  0.448597465372050     
  0.446195595224969     
  0.450238620369795     
  0.446189127724898     
  0.447889589737668     
  0.446912355397337     
  0.445450269587798     
  0.447578037958360     
  0.446110660046990     
  0.443890662575266     
  0.452783437630982     
  0.448951129207046     
  0.450266938467690     
  0.445892142298984     
  0.449242738546152     
  0.444217139194245     
  0.447592775507814     
  0.448439809341580     
  0.448225091450032     
  0.447791020254509     
  0.446517954479804     
  0.444784502685119     
  0.445894323809617     
  0.445489136664789     
  0.446660020783881     
  0.450845124503586     
  0.448672674483314     
  0.450769071116583     
  0.449274918172006     
  0.447323172179124     
  0.446584124158749     
  0.444091510635262     
  0.445543884802290     
  0.447141156064386     
  0.448598444221215     
  0.449993002390668     
  0.445145573062857     
  0.444295119878880     
  0.446079711473460     
  0.449823187274770     
  0.446102952988662     
  0.444489704066474     
  0.447960718428684     
  0.446883185426657     
  0.445017720672766     
  0.443864807657508     
  0.452454016303862     
  0.442555288983474     
  0.448326201472761     
  0.445068800873392     
  0.446919154029593     
  0.448076163098886     
  0.448014635219703     
  0.449514095418007     
  0.447491773138444     
  0.447389559154597     
  0.448709061663339     
  0.446954404240004     
  0.443751470493268     
  0.445127262206279     
  0.448038580540471     
  0.440608950396078     
  0.446403982375590     
  0.447860161897032     
  0.446316714126894     
  0.445656719664650     
  0.442891860432438     
  0.443733652951746     
  0.445043222001682     
  0.445144539682663     
  0.447997506314654     
  0.448774928881914     
  0.443872795445875     
  0.448083093342999     
  0.444757067282402     
  0.448208273545051     
  0.446121084013316     
  0.448316092848167     
  0.448453884201247     
  0.449128913844688     
  0.443745191167619     
  0.447112884244327     
  0.448932194124919     
  0.450667126490439     
  0.448462512903549     
  0.447377406069021     
  0.444858193268895     
  0.444880236541349     
  0.446767849374368     
  0.444759406275460     
  0.447059300368463     
  0.445002394161886     
  0.447863254205681     
  0.449226416747042     
  0.446943254411905     
  0.445401910622943     
  0.452041560952087     
  0.448400446471225     
  0.444745589147262     
  0.449458626414741     
  0.445819211572818     
  0.446561939554390     
  0.444856562170835     
  0.447057527418198     
  0.447703450066700     
  0.446175335792278     
  0.448459002381666     
  0.439671679911595     
  0.448346466643548     
  0.445021094705322     
  0.444193875273477     
  0.449353958829263     
  0.449899115241291     
  0.446309797530689     
  0.448985845999403     
  0.447829706777356     
  0.446385358288560     
  0.449067774931234     
  0.450091576715112     
  0.448862051228389     
  0.450702062982150     
  0.446964658178710     
  0.446967074112669     
  0.447465386707779     
  0.446113201319014     
  0.442819687449555     
  0.447523510785575     
  0.444571480074417     
  0.445647254727425     
  0.447532905842424     
  0.446956524024309     
  0.446335033237456     
  0.446150126951054     
  0.448002731967168     
  0.443945466790759     
  0.448110941761139     
  0.447384968886799     
  0.449455397223217     
  0.446280208986535     
  0.447058224929700     
  0.448122793812607     
  0.450416674654344     
  0.450689395194299     
  0.448985893631405     
  0.448646420789543     
  0.448319779373450     
  0.450663229848983     
  0.451020731655002     
  0.446570496951207     
  0.449539965959115     
  0.444867554177965     
  0.449967401015888     
  0.445690425430513     
  0.449163732935983     
  0.448842964957783     
  0.448120123577068     
  0.449922406385348     
  0.447710268603925     
  0.440686146537324     
  0.446765993165392     
  0.446595628873528     
  0.447091476999516     
  0.448945389281516     
  0.450825578228937     
  0.444974169873819     
  0.448175169192138     
  0.448370326577231     
  0.447146256240100     
  0.446022421125157     
  0.447127487237871     
  0.449074812312742     
  0.444949859636514     
  0.447926124162976     
  0.448026972464863     
  0.450386596660367     
  0.445800449283496     
  0.443640758534015     
  0.448207752140531     
  0.450227850082918     
  0.446007713456302     
  0.446815025319420     
  0.444882950431003     
  0.446441483787005     
  0.444395293753637     
  0.447328344127129     
  0.444597960595012     
  0.441577967288290     
  0.449269903933718     
  0.448722584582243     
  0.446664211104789     
  0.447998793897811     
  0.441524058401104     
  0.445634957691753     
  0.442795096140539     
  0.445067485086013     
  0.439285630350661     
  0.445580363548086     
  0.440392841515559     
  0.445905368792823     
  0.445988448350995     
  0.445141984686382     
  0.448030683430536     
  0.444812219509026     
  0.445983288541742     
  0.448560403080961     
  0.443951768039804     
  0.445122382847434     
  0.446189181402380     
  0.448687890570071     
  0.447462428692581     
  0.446038620297556     
  0.454159040590117     
  0.447886888876894     
  0.445013851035780     
  0.442541815714551     
  0.450243997241697     
  0.444582824435522     
  0.449962842712054     
  0.443784109235117     
  0.450725946569041     
  0.447188555581011     
  0.450632164150733     
  0.445863363654774     
  0.448352272549414     
  0.445898025420113     
  0.447528514400882     
  0.446267775414190     
  0.447262096765921     
  0.450351843473866     
  0.443948170062081     
  0.449266443568220     
  0.451553400769289     
  0.447312285358237     
  0.449687725565506     
  0.450716176221520     
  0.449747406339170     
  0.445767551826821     
  0.443177242280613     
  0.446109340603780     
  0.447158964563167     
  0.446699205956912     
  0.445987820682762     
  0.453252128836827     
  0.447979097762988     
  0.451150092212956     
  0.446854230112410     
  0.446631648517091     
  0.445418267120266     
  0.443249894524459     
  0.450538357813579     
  0.444460350737278     
  0.441117992219452     
  0.447907204552363     
  0.445721357654425     
  0.450982695152559     
  0.450219768618370     
  0.445315546571528     
  0.447846694119413     
  0.451879459109587     
  0.445507269721891     
  0.447392544980158     
  0.447411841134434     
  0.445490607732735     
  0.446343186425288     
  0.443762564030571     
  0.448646983091797     
  0.451047861763709     
  0.452394639486296     
  0.448994498149496     
  0.444278483684667     
  0.450334956425287     
  0.445916876323353     
  0.446180321620172     
  0.445107386298344     
  0.452440865567341     
  0.440104349112837     
  0.448928553904382     
  0.448182375261115     
  0.446726890414815     
  0.446751180111944     
  0.448427176341579     
  0.450695122156201     
  0.449523334854174     
  0.444633934699929     
  0.445652176654700     
  0.449142317699077     
  0.445950516213722     
  0.449500953313024     
  0.445599954167909     
  0.445427621259063     
  0.447357756635902     
  0.444080115131207     
  0.444105952009126     
  0.450142874303799     
  0.442267316685700     
  0.449736226033535     
  0.447100751884535     
  0.446634467312595     
  0.447964604869473     
  0.445642425696593     
  0.446697383755298     
  0.447258277344702     
  0.444379360763364     
  0.448804574648937     
  0.441106926905672     
  0.445018445871430     
  0.447317169459281     
  0.447091686750654     
  0.448280019291484     
  0.444892965711067     
  0.447084809125841     
  0.449168890723181     
  0.444850545320607     
  0.443912810631865     
  0.445103645063109     
  0.450182708430877     
  0.448348317270479     
  0.450874605370988     
  0.447581847787789     
  0.447650664366102     
  0.445474034645116     
  0.445164282762067     
  0.449898121070406     
  0.443842266546928     
  0.445487660459816     
  0.450805538936516     
  0.447134269613382     
  0.443825877473387     
  0.449547420092851     
  0.449346396602104     
  0.445718846239537     
  0.449667574971261     
  0.445774798374440     
  0.448932103226490     
  0.448490202238182     
  0.447883239027265     
  0.446750281477155     
  0.445745815556706     
  0.449255150923074     
  0.451041682521766     
  0.450084756787735     
  0.443822093389827     
  0.445968162085362     
  0.441607224585040     
  0.450547198899615     
  0.452860481731791     
  0.447784909219127     
  0.447346295374776     
  0.445497364625090     
  0.446783044979010     
  0.447103706375517     
  0.449790031508498     
  0.449958976975412     
  0.443384222481880     
  0.443564776984296     
  0.447009061340984     
  0.449150622421607     
  0.450327416149777     
  0.447150146510038     
  0.444035819592698     
  0.450755535448310     
  0.447693824890270     
  0.447931346674934     
  0.448490749988413     
  0.444930589441554     
  0.452794312238122     
  0.446811339835400     
  0.447107478543052     
  0.450170000461459     
  0.447629299460871     
  0.448484252562273     
  0.449637624479268     
  0.445415234416773     
  0.446602050444677     
  0.448003765226868     
  0.448721036951028     
  0.444954917645487     
  0.449937924220108     
  0.448654561889037     
  0.447925802397220     
  0.446935489887472     
  0.444224428285523     
  0.446811768721689     
  0.447356068227041     
  0.444910274828904     
  0.448728997835243     
  0.447102966243989     
  0.450334276107799     
  0.447445928537635     
  0.446705667292080     
  0.449977835611642     
  0.449016852512068     
  0.447385629441108     
  0.445098213633243     
  0.448674470649988     
  0.451531513279683     
  0.449699935927417     
  0.446795370217502     
  0.444428930883352     
  0.449876183007884     
  0.445366668404456     
  0.446110091706560     
  0.448571671157838     
  0.450860961876309     
  0.445410245510022     
  0.448791307876341     
  0.448134416716933     
  0.450747007103293     
  0.443514830315854     
  0.446411912600802     
  0.447077230852632     
  0.443255441394286     
  0.445151030598297     
  0.448275921461665     
  0.448814001678382     
  0.446253575632182     
  0.448286531954332     
  0.451456193072456     
  0.449399009550457     
  0.448204619175215     
  0.446268542950141     
  0.446577400240964     
  0.449142334780181     
  0.452842923995212     
  0.440785210576424     
  0.445864310557332     
  0.449517570578436     
  0.446964676936302     
  0.443055586091546     
  0.447435586737967     
  0.448172015300989     
  0.446883921593869     
  0.448290170755476     
  0.445861363073671     
  0.444662305138026     
  0.445935339792299     
  0.442782185068114     
  0.445984849963174     
  0.443516678213745     
  0.450039443712831     
  0.448933409043311     
  0.445050025255780     
  0.445940137074341     
  0.445636462376596     
  0.449226195200315     
  0.442470634252721     
  0.447434616185275     
  0.445142653323505     
  0.444046020116036     
  0.450608664977496     
  0.450357414875955     
  0.444722641849333     
  0.448849556967627     
  0.443669539976938     
  0.450597426070030     
  0.448250085556180     
  0.449956460529708     
  0.452426092937358     
  0.447826050688637     
  0.444225260994465     
  0.445435612774945     
  0.445086058782916     
  0.444840836841584     
  0.452515289439364     
  0.445624440639935     
  0.450019187151793     
  0.443389104214408     
  0.454536547418313     
  0.449936494996217     
  0.446263761778335     
  0.448049020584226     
  0.444788920318132     
  0.445108158323627     
  0.451672767169706     
  0.443147952582342     
  0.446709521042259     
  0.447328136357274     
  0.444823722434212     
  0.448973505858709     
  0.445194561621195     
  0.448569409697840     
  0.448500709624241     
  0.446412345101490     
  0.450849326231775     
  0.441247905350503     
  0.447818414257803     
  0.443885631346042     
  0.448051783158080     
  0.446151462395236     
  0.449310053576505     
  0.446391453267954     
  0.448529866006863     
  0.446865655031938     
  0.444119311077866     
  0.450667404208130     
  0.446351111742496     
  0.444396135054389     
  0.444668456003069     
  0.450984760604824     
  0.449270078839677     
  0.443411716364358     
  0.444417423784763     
  0.443848223893989     
  0.447239522904574     
  0.448476230188300     
  0.446083878101370     
  0.444485731015096     
  0.445113400595085     
  0.450847072337542     
  0.448900389559160     
  0.448366525733017     
  0.447600378321714     
  0.445967685491515     
  0.447153029374011     
  0.450131618109431     
  0.450451250274301     
  0.448299646563374     
  0.447293244758932     
  0.450191389737460     
  0.448281749014091     
  0.440086530115806     
  0.442624418621190     
  0.447054885060830     
  0.448794498326997     
  0.443359676304287     
  0.450598062923353     
  0.448825756358836     
  0.447494620127416     
  0.443541285709045     
  0.446094321810810     
  0.447028983993590     
  0.446577440408385     
  0.445465391856236     
  0.449026293808159     
  0.447837329913303     
  0.443825076868413     
  0.444967877004308     
  0.444344515986290     
  0.448341623306710     
  0.449685829068815     
  0.444571438379755     
  0.442941028401665     
  0.444280213504422     
  0.446631479783583     
  0.444251450233619     
  0.448644088863925     
  0.448506947783931     
  0.447078383467740     
  0.447471158936930     
  0.444514875324937     
  0.448504926392128     
  0.453231749939640     
  0.449959949128738     
  0.453116001894063     
  0.442169216249750     
  0.443544838471257     
  0.445360385477598     
  0.445735077383636     
  0.451215302117777     
  0.444642043646538     
  0.446434412160630     
  0.445918939008669     
  0.445494343014667     
  0.448885603747012     
  0.447575846808389     
  0.449072860386665     
  0.443853742588702     
  0.450721925117872     
  0.442365885057818     
  0.448147202247842     
  0.444750077605769     
  0.443759751331940     
  0.445770456543543     
  0.447525916093749     
  0.442737937499441     
  0.446246706127423     
  0.447345764091556     
  0.442365540076017     
  0.448658610435028     
  0.444223440241769     
  0.446129571475201     
  0.446696136399839     
  0.450567968273362     
  0.450002668918498     
  0.443447100245287     
  0.448892717443656     
  0.449835451472278     
  0.446347292929203     
  0.445233679739579     
  0.445499322118306     
  0.453095926719165     
  0.448592607918102     
  0.447146847414207     
  0.451306162748835     
  0.447304015155905     
  0.445738879758059     
  0.447882084996900     
  0.447818232299017     
  0.445344375016634     
  0.443978854963276     
  0.446965966688595     
  0.449588880151320     
  0.447127178264098     
  0.445483120864190     
  0.449914925988977     
  0.447756435816244     
  0.445339303103844     
  0.448065379234964     
  0.447268794202920     
  0.450532627246749     
  0.452895010623352     
  0.444912876918021     
  0.446484285652219     
  0.448414657589220     
  0.447228339928080     
  0.447445521462002     
  0.448493552183705     
  0.447636965433598     
  0.445301374008623     
  0.446891379846605     
  0.446616147018182     
  0.446407211267710     
  0.444787054946903     
  0.446648016304850     
  0.446079272958314     
  0.446339989820644     
  0.444832676417765     
  0.445586357908973     
  0.450418719615026     
  0.450103409084705     
  0.448497911706794     
  0.445159142636157     
  0.447252049684161     
  0.445400078744759     
  0.447830761560616     
  0.452029749930624     
  0.447431398099854     
  0.445050211036322     
  0.447641740159754     
  0.448948758988620     
  0.449550556329509     
  0.443907500330181     
  0.447404557827932     
  0.448105558439183     
  0.442165076735560     
  0.445592904667363     
  0.448976707509943     
  0.447133886935507     
  0.450651472689804     
  0.447663249900457     
  0.447105743697459     
  0.448883041423161     
  0.452277985997484     
  0.449528217606768     
  0.445633839078026     
  0.447442081678366     
  0.446198616194971     
  0.449287978019068     
  0.449035218364795     
  0.443018440275400     
  0.446372331895667     
  0.448962256092227     
  0.445995647430630     
  0.445405720903663     
  0.443845253343821     
  0.442855603417651     
  0.446643246386350     
  0.444773891693583     
  0.450520218546816     
  0.447985226969122     
  0.445851129490874     
  0.448028749546177     
  0.448776826618629     
  0.446641514664602     
  0.444393379611084     
  0.445897366234173     
  0.442989839453231     
  0.443841186106897     
  0.446375139570922     
  0.445919608971862     
  0.449614457804835     
  0.445926417798637     
  0.446268251541439     
  0.446711608938470     
  0.449910006616057     
  0.447595262061990     
  0.448308848340265     
  0.449196115263373     
  0.444983033858278     
  0.448649571558487     
  0.449040871500681     
  0.449118070438037     
  0.445978982869715     
  0.447807406998664     
  0.441238999846909     
  0.445776171351425     
  0.447317649879626     
  0.445291578625422     
  0.446602464150865     
  0.447403148692988     
  0.450274038516860     
  0.444562669788433     
  0.445398469655090     
  0.446763425584827     
  0.446029991825490     
  0.444405230001089     
  0.447901603374191     
  0.446002853010574     
  0.443509041980721     
  0.446134004946231     
  0.451689367134633     
  0.447925774443285     
  0.445665537080299     
  0.448725046086402     
  0.444416496261633     
  0.448056808534224     
  0.444645374325284     
  0.446907898210615     
  0.449718869104276     
  0.445535443007252     
  0.441829718020369     
  0.444424682652473     
  0.448146119290498     
  0.445565183759727     
  0.447250875725031     
  0.448143797889742     
  0.446411767815594     
  0.446594926757747     
  0.447954029736593     
  0.443064904952420     
  0.445961781687408     
  0.451914544560735     
  0.443857636505822     
  0.448114934827160     
  0.450185169779259     
  0.444607682181695     
  0.447185698333405     
  0.449272485295921     
  0.447997642302377     
  0.447455598566817     
  0.449735625642523     
  0.443166453147241     
  0.445939930152927     
  0.450049978473256     
  0.446102173052782     
  0.449179919464789     
  0.447818104189107     
  0.446386089514685     
  0.445924500090317     
  0.445111006540048     
  0.451083027274669     
  0.445654948224105     
  0.444278140617485     
  0.447779241342931     
  0.444987459130689     
  0.446171775369505     
  0.445635450178297     
  0.443926936877916     
  0.448982907307532     
  0.445318133741515     
  0.445623399723349     
  0.450378208688246     
  0.447929024889199     
  0.448206167260575     
  0.449828276989791     
  0.451766846591131     
  0.445192300622479     
  0.447510541645298     
  0.446246886419975     
  0.450175010018056     
  0.447983562320379     
  0.448163485063557     
  0.449814449418158     
  0.448753817160260     
  0.449425442157846     
  0.452384892353022     
  0.447271608983385     
  0.450007395488903     
  0.446422089971076     
  0.446718448526748     
  0.442825626633257     
  0.452101030426172     
  0.443930547804727     
  0.447199090424345     
  0.445226444379316     
  0.446353117452042     
  0.445324723578904     
  0.446055594241146     
  0.452336433660402     
  0.445509374219094     
  0.447853028630845     
  0.444682023721303     
  0.448786071197839     
  0.442160752575101     
  0.451833420035694     
  0.443650200298982     
  0.445676176515026     
  0.447787648526645     
  0.450300843541466     
  0.444005442462342     
  0.446438897589119     
  0.448209238097278     
  0.447507914868781     
  0.450657365157004     
  0.450930001884839     
  0.451098444819279     
  0.446856855248176     
  0.452263382007390     
  0.450970679935826     
  0.447670884827513     
  0.447571394762356     
  0.445702700017585     
  0.445690333312611     
  0.445674193882534     
  0.447180049917285     
  0.444754518894244     
  0.446493515144280     
  0.449398164691245     
  0.449116146483173     
  0.444325941227617     
  0.451330456742396     
  0.444518435702035     
  0.444936049552341     
  0.446941464918205     
  0.451134801784469     
  0.444981878789738     
  0.441400149792172     
  0.444654798909522     
  0.445071856003354     
  0.445876159081369     
  0.448045164138116     
  0.444153325331125     
  0.440968681417321     
  0.443995576763967     
  0.450002275207008     
  0.449802645677292     
  0.446871167161995     
  0.451045107057503     
  0.445789435659700     
  0.448253038058171     
  0.446365603431677     
  0.448106782785977     
  0.445776065012316     
  0.450223319078987     
  0.448809300491969     
  0.446144542053759     
  0.445519375925195     
  0.450188508685143     
  0.447165441127151     
  0.446171591902577     
  0.448960410921871     
  0.447457188683084     
  0.450495019459826     
  0.448037226426149     
  0.446308694229055     
  0.446679949961843     
  0.447251285774967     
  0.445826801266343     
  0.447124598142644     
  0.447215008778060     
  0.447881689289644     
  0.446880716508171     
  0.449869045225338     
  0.449567243341584     
  0.450590704256691     
  0.446726534286792     
  0.446780485407073     
  0.446913839207494     
  0.445637801105636     
  0.445181794794734     
  0.450942070193295     
  0.450179735756087     
  0.442709924137352     
  0.445335014371996     
  0.442495616661187     
  0.444537252036619     
  0.444675534621165     
  0.449197162240104     
  0.445717375751436     
  0.447734554195428     
  0.445674956219084     
  0.444344854317277     
  0.448557747431872     
  0.447612857148458     
  0.444575369394410     
  0.443643420652883     
  0.445418262118853     
  0.445325822802499     
  0.451926375723649     
  0.448922795324370     
  0.443015353973263     
  0.443027570842347     
  0.451418905797757     
  0.441748584643871     
  0.446477054480146     
  0.446076241387955     
  0.443469337456583     
  0.440819554304963     
  0.445025671957844     
  0.451201683924536     
  0.446963884625790     
  0.443627037552290     
  0.445443532102171     
  0.448832938634495     
  0.445376646656322     
  0.447765269410290     
  0.450834936409610     
  0.442967031425891     
  0.447284501387769     
  0.442064694338769     
  0.447712928610715     
  0.451417127685882     
  0.444009087380382     
  0.439238976707595     
  0.446916088897611     
  0.446400829762608     
  0.445008861307080     
  0.445835899285579     
  0.445065406499734     
  0.447278821207342     
  0.448420659343611     
  0.446587523098939     
  0.448222764004579     
  0.445608906323705     
  0.444324908044539     
  0.444209829045162     
  0.451489911853475     
  0.445258825192968     
  0.443596111757335     
  0.448440032905922     
  0.451114295530352     
  0.445890932997408     
  0.446185589414795     
  0.450254196312222     
  0.448282170846784     
  0.446756331580267     
  0.440922824899473     
  0.450906935445144     
  0.447787790340283     
  0.445370484455355     
  0.446749052373283     
  0.447153994506374     
  0.448410070115957     
  0.448103332485322     
  0.445668366634392     
  0.441802934903857     
  0.449175883303267     
  0.445410337586224     
  0.446719620821048     
  0.444698769708161     
  0.443883485818853     
  0.444296483913988     
  0.447535339139524     
  0.444376960427516     
  0.448102742278644     
  0.451975407738838     
  0.450427863832791     
  0.447848325973178     
  0.448817826241429     
  0.448937073305372     
  0.445467033929406     
  0.449921481932518     
  0.446561844769237     
  0.448209183477886     
  0.446875408232603     
  0.449955675711358     
  0.449087260640745     
  0.446683908950839     
  0.447945850178117     
  0.445403485926097     
  0.444799608799032     
  0.445857695222462     
  0.446870264076069     
  0.451471289770528     
  0.448920274923495     
  0.444329061690324     
  0.448709595248617     
  0.450636880269965     
  0.449259064790245     
  0.442453908239176     
  0.448158029099151     
  0.444357574000121     
  0.443029828074145     
  0.449046202496569     
  0.447829120613603     
  0.450327297971714     
  0.447619999377613     
  0.450623241502630     
  0.447757666377057     
  0.446265196120708     
  0.445994498953010     
  0.440005865006332     
  0.447213215130861     
  0.446408069472228     
  0.446036717586322     
  0.446767851883711     
  0.451019345599655     
  0.447660719472363     
  0.448527094508857     
  0.448842053869997     
  0.447171087801223     
  0.445235804180146     
  0.443860764894340     
  0.440819225734688     
  0.442836620699514     
  0.450744764398648     
  0.446583971254181     
  0.448866468555414     
  0.444874764915872     
  0.445050496251744     
  0.444047012312874     
  0.446636573097508     
  0.446696012879541     
  0.447148900604924     
  0.448296347578696     
  0.446220448357602     
  0.446452660430965     
  0.445685177473043     
  0.445085982720633     
  0.442683992218331     
  0.447885024320456     
  0.447433973591352     
  0.446208295961802     
  0.447335726731231     
  0.449943408727577     
  0.448138257462668     
  0.448951758761528     
  0.451845993996143     
  0.444530383698410     
  0.451887254851444     
  0.450855697657406     
  0.448783251932616     
  0.446512877617882     
  0.444183554504680     
  0.445915786232218     
  0.448952210933389     
  0.450849972994737     
  0.446032949049017     
  0.444359709705077     
  0.443353883328187     
  0.449864920791359     
  0.444045088253413     
  0.447188491965515     
  0.445616300579883     
  0.448427629045180     
  0.439100273041619     
  0.452635561035974     
  0.444965966498060     
  0.447047062656181     
  0.445256118644314     
  0.445548776670781     
  0.446668269859369     
  0.447716768073528     
  0.446238071067136     
  0.446819870925832     
  0.445821130961564     
  0.447567190962915     
  0.444857462194112     
  0.445170949017282     
  0.449707576326038     
  0.448513385559144     
  0.444414035326307     
  0.444940809897394     
  0.448133823071819     
  0.440787439300286     
  0.444943713080970     
  0.444734075113920     
  0.448238789351502     
  0.445732886441962     
  0.450578249823443     
  0.452175146867147     
  0.447791930522105     
  0.447032372305268     
  0.446373507143369     
  0.447363475102913     
  0.445803569692479     
  0.450073825054447     
  0.450995702086146     
  0.448775105858920     
  0.448239563641235     
  0.447801851030703     
  0.446895247014139     
  0.446496596216236     
  0.446469357532666     
  0.447435613268114     
  0.446563993974801     
  0.446052044845208     
  0.445476288077806     
  0.449427002894494     
  0.450210085622016     
  0.445764712743850     
  0.447511181343855     
  0.450357909385118     
  0.448871392191818     
  0.444227472136142     
  0.442415462701486     
  0.449392756534645     
  0.447281851415246     
  0.446836514125679     
  0.447668137188481     
  0.445889999292574     
  0.446661788795462     
  0.444252553657782     
  0.442991791674155     
  0.451894878712017     
  0.442804641687783     
  0.447205691790068     
  0.451240406671428     
  0.445160188960111     
  0.448798616036770     
  0.448981476628950     
  0.445248735028941     
  0.445245766505917     
  0.448837635803339     
  0.449430601818658     
  0.447866621909042     
  0.445192954342097     
  0.451513312362954     
  0.447953323151843     
  0.452770149145426     
  0.450463887176213     
  0.445608681089133     
  0.444705172159062     
  0.446093426868667     
  0.445680254597119     
  0.449718986245111     
  0.445761568756017     
  0.449488510392398     
  0.448324348889310     
  0.445523339432447     
  0.443658466907095     
  0.445461154310261     
  0.444194637267630     
  0.445007244591886     
  0.446460625240441     
  0.447292431303137     
  0.447957485341168     
