  0.143170932358059     
  0.141985142200927     
  0.141824677715760     
  0.138524959717622     
  0.142482605887026     
  0.141238883258954     
  0.141107625630253     
  0.141528739034605     
  0.142241309589178     
  0.141187526053457     
  0.141751612509541     
  0.140779881386042     
  0.142214321055779     
  0.142304654120003     
  0.142282001256751     
  0.141752394141670     
  0.142139950816565     
  0.140086226931496     
  0.140171598634752     
  0.141953981233240     
  0.140801204342166     
  0.141503201322169     
  0.141373023575937     
  0.142160529707906     
  0.141345351868834     
  0.140782604768588     
  0.140755008579426     
  0.141181809840397     
  0.141932304149554     
  0.141533832606335     
  0.141453284921602     
  0.142685309105493     
  0.141731504232524     
  0.141757395876504     
  0.142065857041926     
  0.142171347314225     
  0.141644847391615     
  0.141692097211249     
  0.140954830159872     
  0.139590268615598     
  0.141609767616728     
  0.140605678231538     
  0.140513191536607     
  0.141729119199823     
  0.143015492828159     
  0.141592498147362     
  0.141182179327824     
  0.142247697626008     
  0.142912659908840     
  0.140009586889479     
  0.140658666084122     
  0.141563917416796     
  0.142921004837770     
  0.142291194499705     
  0.140595843999380     
  0.140462476630810     
  0.140956361320305     
  0.140064179402924     
  0.142268615243010     
  0.141151927996482     
  0.140174742096816     
  0.141329487695581     
  0.140778673438817     
  0.141167931830268     
  0.143776886241995     
  0.141376695899338     
  0.140786593784369     
  0.139826112261157     
  0.141011914478233     
  0.140544914561725     
  0.141408933278324     
  0.140106781312068     
  0.141852223976115     
  0.141300163170904     
  0.141180134023344     
  0.140247467364562     
  0.140084681575178     
  0.139804200985548     
  0.141727620789858     
  0.141210598738686     
  0.140090527903457     
  0.140979659768147     
  0.141207303739275     
  0.142014314094231     
  0.142585382168075     
  0.142290385241524     
  0.142060846468963     
  0.141390107643344     
  0.140996758498844     
  0.140633875844897     
  0.141405051060393     
  0.140655632231092     
  0.142158924843194     
  0.141497704948151     
  0.141781978498233     
  0.142439032974062     
  0.140132200821597     
  0.141661628527195     
  0.141748443015994     
  0.140372953267911     
  0.141008348788806     
  0.141030127524289     
  0.143120288140572     
  0.141578835738490     
  0.142041715465111     
  0.142834723506518     
  0.140844596066244     
  0.141612336046365     
  0.142741107560568     
  0.141388523955958     
  0.141852770736716     
  0.141151702131691     
  0.141055979750766     
  0.140968449926943     
  0.141135190914735     
  0.140495907170872     
  0.141850830027938     
  0.141998379405631     
  0.142098689117607     
  0.143687593413968     
  0.140682292610925     
  0.141398095418248     
  0.143419033562696     
  0.142195467258074     
  0.142325149115886     
  0.140620556353759     
  0.141516045780999     
  0.141118657406019     
  0.142897003074240     
  0.142352316210041     
  0.140689633895156     
  0.142823797469410     
  0.140856736602545     
  0.141915158080109     
  0.142216701315213     
  0.142238494890211     
  0.140851589594833     
  0.142489961309150     
  0.142378081316151     
  0.139974189069250     
  0.140820398117397     
  0.142168041000102     
  0.142284191694278     
  0.141527813968318     
  0.141939125231506     
  0.141079001082407     
  0.142081635725349     
  0.140352298550410     
  0.142012668809087     
  0.141982801541755     
  0.141278321430161     
  0.142977657604042     
  0.141104721057832     
  0.142179694143587     
  0.142711429396195     
  0.141158415366964     
  0.142056594646047     
  0.140484990696837     
  0.142240666637588     
  0.139780130965398     
  0.141439930586295     
  0.141403055407202     
  0.143142787278620     
  0.141024048611917     
  0.140866328750723     
  0.141404777972880     
  0.142501003128568     
  0.140502348914113     
  0.143818739384171     
  0.141457021617255     
  0.141186296992871     
  0.140988932643149     
  0.140338992994406     
  0.141493145915819     
  0.140747364059674     
  0.142584404788846     
  0.140238438404630     
  0.140531178772568     
  0.141100274939327     
  0.142018269584635     
  0.142635650144037     
  0.142157403023742     
  0.140957689069020     
  0.140427815674069     
  0.140756192051692     
  0.142589099708581     
  0.141200213943532     
  0.141015915337431     
  0.141674628388669     
  0.140008950249631     
  0.140047584708984     
  0.141613976883451     
  0.142684017117310     
  0.142315223870680     
  0.140697204686936     
  0.141556444263314     
  0.141670179525630     
  0.142499582438957     
  0.142551394453919     
  0.140406880664118     
  0.141543224274460     
  0.140851880322298     
  0.140531988171674     
  0.140914419027052     
  0.141999074423920     
  0.141202681638701     
  0.140535967489125     
  0.140229613976708     
  0.141730982272794     
  0.142651911182496     
  0.142299215820515     
  0.141262421679967     
  0.142397289285626     
  0.141141727775271     
  0.140896138562271     
  0.141480721611861     
  0.140779392770059     
  0.141461791602931     
  0.141945211708772     
  0.140946868363837     
  0.139985774482152     
  0.140849250742541     
  0.141936501986990     
  0.139952185693007     
  0.141419017659538     
  0.140451790056599     
  0.141272853750966     
  0.142128838995945     
  0.141850209611351     
  0.140385027605914     
  0.139495535822441     
  0.140493950988125     
  0.140604229264916     
  0.141654712736083     
  0.140540147985379     
  0.141615113862527     
  0.141494847316366     
  0.140541719660735     
  0.142083309141376     
  0.141489612441958     
  0.141999145785038     
  0.141355039449087     
  0.141520891727240     
  0.139938567318359     
  0.141117805215491     
  0.141471805795605     
  0.140987662457976     
  0.141065859238636     
  0.142272012998561     
  0.140745760646458     
  0.141145650891882     
  0.141265155003331     
  0.139729521359007     
  0.142300905216479     
  0.140031331318964     
  0.141507511720901     
  0.140830838163754     
  0.141588858614613     
  0.142331198111433     
  0.141984991490559     
  0.142384520392065     
  0.141946316513537     
  0.140819412829821     
  0.140854973882069     
  0.140993760963261     
  0.140811112284138     
  0.141816873592737     
  0.141897642151578     
  0.143677922041723     
  0.143621144824460     
  0.141247013454054     
  0.141264502999614     
  0.142073983776408     
  0.142387932278177     
  0.142221170475187     
  0.140211259236603     
  0.140392046825311     
  0.141535683707397     
  0.141019571461194     
  0.142680195342282     
  0.141399877260650     
  0.141425088787588     
  0.140807504020015     
  0.142048083886814     
  0.140857361581316     
  0.142323596637941     
  0.140422559705435     
  0.141535003785047     
  0.142487594349354     
  0.140644861497572     
  0.141720091336702     
  0.143540119564791     
  0.141834002433861     
  0.141867858386734     
  0.142396401008107     
  0.141910553994276     
  0.140641126232647     
  0.140556173734549     
  0.141232678288671     
  0.142452716467468     
  0.141513853119225     
  0.141118981714064     
  0.141827277107059     
  0.142708253902149     
  0.141618872697393     
  0.143035641333308     
  0.140821848278718     
  0.142191989925600     
  0.140861783957607     
  0.141262858382790     
  0.142311722121878     
  0.142066860396649     
  0.140819729766914     
  0.141432444301708     
  0.141650478030260     
  0.140049263133530     
  0.141926822417380     
  0.140502546252702     
  0.141276326346649     
  0.139832218421383     
  0.139967604939309     
  0.140656569815893     
  0.141822117229890     
  0.143175408856286     
  0.141495563082158     
  0.139411423476712     
  0.141808113413246     
  0.140217888316999     
  0.142099493480303     
  0.141547557633358     
  0.141162850866006     
  0.141117692548417     
  0.140673469665538     
  0.143030923708493     
  0.142423968870653     
  0.142108829106157     
  0.140606183886017     
  0.139570013778016     
  0.141231282599843     
  0.143287831597056     
  0.141343167833411     
  0.141508297089075     
  0.141315552043827     
  0.140923026830532     
  0.142272776900826     
  0.141383582747971     
  0.141959814940227     
  0.142784908124184     
  0.141646880658794     
  0.141202857327970     
  0.140852371964158     
  0.142403847126988     
  0.140545429977225     
  0.142199948061034     
  0.141888479158192     
  0.140039981404564     
  0.141730503048522     
  0.142592018444373     
  0.140466062062402     
  0.142187708392131     
  0.142176760427709     
  0.141328893113121     
  0.141121307671301     
  0.139538269480665     
  0.141059965577856     
  0.141739017844623     
  0.140574581126945     
  0.142679247599608     
  0.141108408466030     
  0.142824901742861     
  0.141385881387525     
  0.142529658027293     
  0.142290954585052     
  0.141788104309129     
  0.142053431626092     
  0.143955055297512     
  0.141154674854780     
  0.142178813150282     
  0.141487201583627     
  0.142545696266442     
  0.139863338915523     
  0.140412627225053     
  0.142023747265999     
  0.142502283750017     
  0.141756650555875     
  0.139751255071442     
  0.140222435672132     
  0.141289712179844     
  0.140837122869872     
  0.141373001542334     
  0.141874366160537     
  0.142022138815059     
  0.141265075941860     
  0.141801012178504     
  0.141799144290757     
  0.142338256943568     
  0.140868685185220     
  0.140674071265437     
  0.141004910764710     
  0.140810289683684     
  0.142385008657048     
  0.142128773774206     
  0.141345818705414     
  0.141053686509961     
  0.140794655614655     
  0.140983884072255     
  0.140666275494942     
  0.140753915523698     
  0.140749706853091     
  0.141439136961433     
  0.142535536409799     
  0.141291323642576     
  0.141790157519860     
  0.141377438166556     
  0.142867877312434     
  0.141731544258289     
  0.141888853859296     
  0.141569831458567     
  0.142289314188610     
  0.140904493948070     
  0.142663767260686     
  0.141496687806438     
  0.142081737552344     
  0.140522678486465     
  0.142069845429521     
  0.140787062491201     
  0.139923530689334     
  0.141544493423783     
  0.141283160472182     
  0.141793539015177     
  0.143253291446803     
  0.141439806553812     
  0.140925672379223     
  0.141760830486414     
  0.140535017222107     
  0.142579564551995     
  0.140915626104356     
  0.142657052156073     
  0.140186755218717     
  0.140906197414417     
  0.144114844682796     
  0.141310914806000     
  0.142698894934234     
  0.142904372014551     
  0.142868716275431     
  0.141200070705027     
  0.140022750363064     
  0.141173104992838     
  0.140232531168720     
  0.141652848914175     
  0.141874842138675     
  0.140820429731345     
  0.141146979835054     
  0.141757819262419     
  0.140794957253893     
  0.142638668417981     
  0.142749017529977     
  0.140828987857547     
  0.140911929929300     
  0.141665194404567     
  0.141344351024388     
  0.142338172818833     
  0.140030125853437     
  0.141991826249170     
  0.139904565451685     
  0.141700893442173     
  0.141315442204066     
  0.141476041915878     
  0.139305640025232     
  0.141094111318759     
  0.142157574966434     
  0.140960921514339     
  0.142439259439322     
  0.142279928433573     
  0.140745866875473     
  0.140301893720817     
  0.141387323323589     
  0.140094956542203     
  0.141609177832310     
  0.141498720193661     
  0.142009007184619     
  0.142546258542746     
  0.141422719526342     
  0.142477667580163     
  0.141474978580558     
  0.140076064221234     
  0.139965324876306     
  0.141194577341683     
  0.141481527955901     
  0.142664408612768     
  0.143016994093349     
  0.141209109189251     
  0.141964432085167     
  0.140154594816029     
  0.141774401440776     
  0.142507509525590     
  0.143159021195288     
  0.142415808185783     
  0.140579791063781     
  0.141014733902310     
  0.140439432742729     
  0.141544785192106     
  0.141675150637396     
  0.140616903086390     
  0.140218245691346     
  0.140514543602391     
  0.139454439710706     
  0.142027424857470     
  0.139884992816245     
  0.141694023838506     
  0.141352905570814     
  0.142577915755003     
  0.140888984395027     
  0.140698465339318     
  0.141663569921698     
  0.142416138869276     
  0.141922387349880     
  0.141307049761407     
  0.141492399781458     
  0.141565181884122     
  0.141008382021559     
  0.141889543813065     
  0.141774152299527     
  0.140734958030711     
  0.141398787741424     
  0.142856212956456     
  0.141030838410206     
  0.140648286694413     
  0.139430336223412     
  0.141254380692641     
  0.142392374527765     
  0.141494619577323     
  0.140094153255798     
  0.140866054501844     
  0.141410651542082     
  0.141823349542091     
  0.142281355497871     
  0.141778028902026     
  0.141311753125737     
  0.141317683166482     
  0.140288107824779     
  0.140706366757504     
  0.141143404443335     
  0.140944605609387     
  0.139622868497957     
  0.142890129930735     
  0.140928457941237     
  0.140719165494205     
  0.140818184303620     
  0.141446637631114     
  0.140770455529377     
  0.140301329432350     
  0.142660531449136     
  0.140946820597742     
  0.142809348628713     
  0.140402938081610     
  0.142223731212568     
  0.142247495372699     
  0.140805218411071     
  0.140249002895684     
  0.141630560500170     
  0.140955276394397     
  0.141829514433782     
  0.141160275295419     
  0.141163960095443     
  0.140861667121807     
  0.141344838262039     
  0.141526633218392     
  0.141497536232421     
  0.141662506583794     
  0.141253962221177     
  0.141445116926560     
  0.141729587819811     
  0.142852465353858     
  0.141359429716344     
  0.142388846545471     
  0.141998527420441     
  0.141473282669113     
  0.142144752793637     
  0.141716577237835     
  0.140159086909981     
  0.140700372568691     
  0.140186106531134     
  0.140964679356651     
  0.141355252310361     
  0.141521573287757     
  0.141675783373904     
  0.140867561781544     
  0.141980888441026     
  0.141768764706955     
  0.141774315453751     
  0.140358210986660     
  0.140854240414716     
  0.141966071926314     
  0.141431869632179     
  0.141659539806547     
  0.142932578897093     
  0.141558320780840     
  0.142276764062078     
  0.141097937438595     
  0.140738497943149     
  0.140845347514528     
  0.141991274401918     
  0.142477992237340     
  0.141553229669632     
  0.142107740759286     
  0.141914014702575     
  0.142370885558861     
  0.140417411084722     
  0.140269642559690     
  0.141217273943595     
  0.141462151858110     
  0.141493434740467     
  0.140566760986524     
  0.141612348521875     
  0.141507669760421     
  0.142179290996854     
  0.141691129153514     
  0.141252141679774     
  0.140844777235004     
  0.141067006424928     
  0.142788285805283     
  0.141966154443233     
  0.140836469084492     
  0.143185099804372     
  0.142075995152762     
  0.141550627599161     
  0.142359303295648     
  0.140226794402635     
  0.140223362479024     
  0.141772425163964     
  0.140460013772473     
  0.141037290362845     
  0.139706734937654     
  0.140552422642482     
  0.142156903863740     
  0.141620744657966     
  0.141725376473582     
  0.141514002272727     
  0.141388038873114     
  0.141379436222985     
  0.141788752567428     
  0.140324135340874     
  0.139793360865416     
  0.141397677378773     
  0.142464142080711     
  0.141210852204722     
  0.141280994941016     
  0.140159842213432     
  0.140800513168163     
  0.141697739976615     
  0.141524285324430     
  0.142295476518448     
  0.141115571277548     
  0.140902093013227     
  0.141241120628255     
  0.142252001229832     
  0.142556946214926     
  0.141556935324652     
  0.141578514763069     
  0.142621462185413     
  0.141945952108111     
  0.141213096523684     
  0.141975654075628     
  0.140286906744207     
  0.141085969317252     
  0.140483171239296     
  0.140971364628802     
  0.141709678126140     
  0.141391941394773     
  0.141427929632140     
  0.141039351987920     
  0.141921026625244     
  0.141441857309901     
  0.141964506607759     
  0.141088078302636     
  0.141359649408173     
  0.140633883196083     
  0.142138557221640     
  0.141399825437996     
  0.142628134180732     
  0.140106534193189     
  0.141735563303294     
  0.140880014299394     
  0.141574906203192     
  0.143114089067390     
  0.142426845558915     
  0.142599747041746     
  0.141349956404526     
  0.140517978696978     
  0.140965798405447     
  0.142315519478409     
  0.140020532497197     
  0.141237472948485     
  0.140031218524135     
  0.140957245423798     
  0.141176972313952     
  0.142765960873324     
  0.141340348173846     
  0.140033779616584     
  0.141495974264877     
  0.142120442154028     
  0.141629888709494     
  0.142023696245689     
  0.140948296036444     
  0.141268044083198     
  0.141930985878055     
  0.141753236404370     
  0.140757080390643     
  0.140503473753827     
  0.141279755071341     
  0.141374590343467     
  0.141207333916193     
  0.142171220841432     
  0.140872723212478     
  0.140396468305399     
  0.140370031496884     
  0.141821606065134     
  0.139786344965134     
  0.141404835076609     
  0.142839644696953     
  0.142417788798739     
  0.141459795122473     
  0.141646514165530     
  0.142505385478063     
  0.142221615085731     
  0.142953756974545     
  0.142814359907115     
  0.141404247522794     
  0.140549851586614     
  0.141957960357090     
  0.141891846085400     
  0.141942769312387     
  0.142474441617492     
  0.141037355787278     
  0.141118087143681     
  0.141327262076248     
  0.141535238739588     
  0.140590407851678     
  0.140942647798449     
  0.142233550557485     
  0.141312955852100     
  0.140546029063964     
  0.141396304480840     
  0.139845912259820     
  0.141740591496846     
  0.141544435329622     
  0.142445205031715     
  0.141885590517230     
  0.142320043925855     
  0.140714088552402     
  0.141785271413761     
  0.139680023756792     
  0.143174495024047     
  0.142442140533372     
  0.141201766473882     
  0.140910314905158     
  0.140998055980008     
  0.141136777900830     
  0.141121357123538     
  0.142115081574136     
  0.141635262050789     
  0.139918794240445     
  0.140297909607821     
  0.142185557548329     
  0.141627179301942     
  0.143364957199941     
  0.142153988834482     
  0.140645480402696     
  0.140712828604451     
  0.142285611130265     
  0.143052332044773     
  0.142235343629032     
  0.140787059532439     
  0.142507275985811     
  0.140250941012996     
  0.140375520597490     
  0.141091496730932     
  0.141284061312854     
  0.140246733496744     
  0.141485766538148     
  0.141991390746708     
  0.141023720902920     
  0.141751920303214     
  0.142204250611730     
  0.141127266326354     
  0.142290478341155     
  0.140762165172949     
  0.140923819409044     
  0.141612386155398     
  0.141707766917546     
  0.140976901404817     
  0.142277133059752     
  0.141109206476038     
  0.140948429128580     
  0.143978072735764     
  0.142650238416198     
  0.141065292155821     
  0.141674287584957     
  0.142170245980706     
  0.142388855910409     
  0.141302437590603     
  0.139794910491089     
  0.140432845474358     
  0.140618891326878     
  0.139629777965262     
  0.141300108181855     
  0.141406370573597     
  0.143295414880539     
  0.140839745446477     
  0.140368596416045     
  0.141657510910645     
  0.141415942019227     
  0.141060228899542     
  0.140667147192593     
  0.141694704878041     
  0.140403564309239     
  0.140430987785131     
  0.141562472327388     
  0.141401355209327     
  0.141567505540409     
  0.141786109143649     
  0.141585234262702     
  0.142078852157904     
  0.140022340184067     
  0.141711999574738     
  0.142570134372335     
  0.140974675096829     
  0.141803841142830     
  0.139781582161000     
  0.142366399049102     
  0.142401543167568     
  0.143352898094158     
  0.140698019487653     
  0.141219140170510     
  0.141819373386219     
  0.141821741081562     
  0.140767238385060     
  0.140248494574986     
  0.141697621076995     
  0.141087535508708     
  0.139463797132643     
  0.142080137444047     
  0.142105936438683     
  0.140211042043254     
  0.140622947200479     
  0.139978971067911     
  0.142324719242669     
  0.142110170289201     
  0.140838291033129     
  0.140900321408944     
  0.141796591577275     
  0.140665775764736     
  0.140233345897718     
  0.140667972957607     
  0.139761228630778     
  0.141665576872834     
  0.141192758718458     
  0.139429583084099     
  0.141716750756927     
  0.141069506048606     
  0.142028501711862     
  0.140994394725053     
  0.141966984925365     
  0.141704824862389     
  0.141332668261599     
  0.142172090137160     
  0.141211738543426     
  0.143009904956814     
  0.142125232289221     
  0.141557976860019     
  0.141998400534972     
  0.140404349296593     
  0.142491671541494     
  0.140098677209776     
  0.142508141892670     
  0.142095319592141     
  0.140839391209343     
  0.140953127772921     
  0.142246254974189     
  0.142351986900010     
  0.141372463146985     
  0.140820045865166     
  0.140282562745034     
  0.140772616905375     
  0.143011143505418     
  0.141646830766517     
  0.140949129654834     
  0.142687378774476     
  0.141557229503506     
  0.140576804231624     
  0.140875267736848     
  0.141685928741531     
  0.143196574794733     
  0.141824591398718     
  0.143154183363621     
  0.141325843030285     
  0.141063421892696     
  0.140174083237408     
  0.142018403408838     
  0.140938154904122     
  0.141111610389671     
  0.141403531979279     
  0.140363507811932     
  0.141725856541707     
  0.141507330157079     
  0.141677121716496     
  0.141999592500642     
  0.142052177812522     
  0.141766636392225     
  0.140835087410549     
  0.140596766845869     
  0.140790491554409     
  0.142487377916643     
  0.140879211307898     
  0.142680147326310     
  0.141546225486356     
  0.141246899617464     
  0.141367737450436     
  0.141178864394175     
  0.143422509937379     
  0.142060521554954     
  0.141215401259827     
  0.141324887201363     
  0.140939875762728     
  0.141330773947370     
  0.140778067384653     
  0.143282525618592     
  0.141059190385373     
  0.139984543760956     
  0.141499909324579     
  0.142638630044770     
  0.142612006675096     
  0.141304660519175     
  0.140549305906837     
  0.142231522772963     
  0.140992140894258     
  0.142032136136254     
  0.141731408573003     
  0.140754431820870     
  0.141624368718940     
  0.141004066433534     
  0.142738915935178     
  0.140958781970465     
  0.141516476559256     
  0.141589148337883     
  0.140918626191749     
  0.141454193695735     
  0.140841862836086     
  0.141620325370100     
  0.142724769885864     
  0.142388705512435     
  0.141623983005287     
  0.142124366395456     
  0.140691548336566     
  0.142189167578454     
  0.142142163319391     
  0.141911703381439     
  0.139816564081521     
  0.141262052842413     
  0.142700650900906     
  0.141809828600034     
  0.142071395778567     
  0.141823544172115     
  0.140395050145875     
  0.141416503304214     
  0.141907335088918     
  0.141503818269554     
  0.141334148258789     
  0.142067073603020     
  0.141941127139168     
  0.142156702354403     
  0.141950818836416     
  0.142410417980983     
  0.141504721961158     
  0.140298181000900     
  0.141548513781959     
  0.143451611245619     
  0.141917158167779     
  0.141691440189265     
  0.140627822863234     
  0.140846125593713     
  0.140464656591285     
  0.141087756424128     
  0.141907756255298     
  0.141585227202170     
  0.141351115750425     
  0.140559546006780     
  0.140795596376445     
  0.141357094664042     
  0.140573109882158     
  0.141767726655844     
  0.142027299468656     
  0.141822893632991     
  0.142943989487892     
  0.141591927001890     
  0.142549554583342     
  0.141402537845003     
  0.139864416916011     
  0.141402309084257     
  0.141088397413452     
  0.142211565188230     
  0.141464462147372     
  0.140988044652108     
  0.142745589554808     
  0.141877197905878     
  0.141422413398504     
  0.142667610655977     
  0.141434530535770     
  0.140568736224556     
  0.141749992086016     
  0.140081054947756     
  0.141074999259998     
  0.143271911310481     
  0.141228824426729     
  0.141992775499983     
  0.140920357068584     
  0.141098406115446     
  0.141775600046259     
  0.142082410007052     
  0.141805455676360     
  0.142554898910422     
  0.142119798940952     
  0.142428383380798     
  0.141133304878370     
  0.140641095280138     
  0.141723251798445     
  0.140795602089946     
  0.141932135137057     
  0.140323748917396     
  0.140213000062331     
  0.141421365294880     
  0.140683636538837     
  0.142270358666121     
  0.141067257800067     
  0.141011042995130     
  0.142010817528255     
  0.142111499709417     
  0.141687967696756     
  0.141424897644071     
  0.142624568549553     
  0.142432486498763     
  0.139697791487808     
  0.142751816845914     
  0.142867264324309     
  0.140165114175447     
  0.142041372135829     
  0.141790537982250     
  0.142719177652073     
  0.141042546933983     
  0.140484004334860     
  0.141545818590176     
  0.143101911771674     
  0.141855559885323     
  0.140669379834938     
  0.142043756991431     
  0.141858353941718     
  0.140357777506276     
  0.142462881607999     
  0.143039071501642     
  0.139347232499953     
  0.142262623514547     
  0.141745997226155     
  0.140431253470976     
  0.142881556031372     
  0.140579086466316     
  0.141304025133905     
  0.141269672082974     
  0.140298819687471     
  0.141546867570858     
  0.141460183617354     
  0.140494673692327     
  0.142618527180076     
  0.142044493963904     
  0.140349626670468     
  0.140425392717849     
  0.141010241152292     
  0.141247389379268     
  0.142224988811400     
  0.141171633505370     
  0.140951988357549     
  0.141151652685587     
  0.141260588583455     
  0.141673734778131     
  0.141112673375356     
  0.142980120142090     
  0.140350419971265     
  0.139969437485996     
  0.141602399420488     
  0.141932287071301     
  0.140258478382567     
  0.140732825797905     
  0.139888619107394     
  0.140263381635593     
  0.140864200500613     
  0.142088498733329     
  0.142441116565003     
  0.142737720349875     
  0.140949301678745     
  0.141195926635259     
  0.141679669793504     
  0.140423727521821     
  0.142795972734107     
  0.141127142531662     
  0.142813733173954     
  0.141898476639428     
  0.140528071698296     
  0.141402064603172     
  0.142577768122331     
  0.141927052071738     
  0.141700326244471     
  0.140166028422517     
  0.140485380321644     
  0.140044099679197     
  0.141336509019417     
  0.142023760346183     
  0.141339550941408     
  0.141544113050714     
  0.142403280162676     
  0.142571514212204     
  0.140503977666547     
  0.140574348397506     
  0.142068841951792     
  0.140545366132304     
  0.141837815026539     
  0.142290973214429     
  0.141640860394970     
  0.141186675472455     
  0.141270456077032     
  0.143403705760914     
  0.141702484922927     
  0.141302339254334     
  0.142259947944866     
  0.141201199508096     
  0.142478745434857     
  0.141887776184384     
  0.141096067824236     
  0.140843286989096     
  0.141020494619773     
  0.141053268796214     
  0.140137741351787     
  0.141421695420490     
  0.141888094563897     
  0.141544577781855     
  0.140701665304814     
  0.141961232050037     
  0.142330608158067     
  0.141602775268233     
  0.140661861577064     
  0.142313921340186     
  0.141684811618461     
  0.141080891154944     
  0.140787870048571     
  0.142810790140996     
  0.142352757109921     
  0.140527778240885     
  0.141603237994296     
  0.140873994976829     
  0.140969653228805     
  0.141588854314709     
  0.140181749418181     
  0.142956391297650     
  0.141620196540967     
  0.140599922514210     
  0.142190428403991     
  0.141696505737908     
  0.140799473291866     
  0.141782520015407     
  0.143868059832428     
  0.140318287707980     
  0.141150511484765     
  0.143330164975252     
  0.139542652243134     
  0.141617939616155     
  0.142022711320654     
  0.142279866159109     
  0.141682778325935     
  0.142030672821608     
  0.139961148790766     
  0.141778970544504     
  0.140726610174171     
  0.142295359041215     
  0.140013089065440     
  0.140489931182761     
  0.141820944988469     
  0.142266608793989     
  0.141909738116111     
  0.142259095905309     
  0.140416666222088     
  0.140346313559783     
  0.140005010448936     
  0.140904744919739     
  0.141457516678336     
  0.141251337953043     
  0.140982529761667     
  0.140218201104409     
  0.141691652469053     
  0.140868583570659     
  0.142075732685080     
  0.140594955337394     
  0.142035641656077     
  0.140291944256017     
  0.139633092650109     
  0.141327961237542     
  0.141639503248787     
  0.142694977714987     
  0.140562684786848     
  0.140637998145075     
  0.140380046746439     
  0.142434875077517     
  0.142739288329531     
  0.140327024462398     
  0.140487375403597     
  0.142214459562173     
  0.141523815139169     
  0.140858169583159     
  0.139697227203682     
  0.140702209689006     
  0.141529959265984     
  0.140635780002556     
  0.141679881673341     
  0.142228075485585     
  0.140822632192370     
  0.141605523754340     
  0.142877475478409     
  0.140643717425019     
  0.141387150562720     
  0.142212387294358     
  0.141515386910179     
  0.140777196058175     
  0.141010738015526     
  0.141129465670810     
  0.141056549759893     
  0.142640356912570     
  0.141469412295349     
  0.141017792546721     
  0.139785437445751     
  0.142693035328177     
  0.141402657544249     
  0.140426155614409     
  0.140702711481275     
  0.140939458056117     
  0.141054000584658     
  0.141688671712537     
  0.142614420813161     
  0.141206315254495     
  0.142749611814105     
  0.140868311005737     
  0.141831723276236     
  0.140106271907821     
  0.140053599582366     
  0.141591296053475     
  0.140968809294313     
  0.142035613345523     
  0.141445299863121     
  0.140799954143181     
  0.141655577049211     
  0.140632835585504     
  0.141338311006317     
  0.140565972647232     
  0.141286480482899     
  0.140777238712759     
  0.140667121527618     
  0.141677135892466     
  0.141213583753572     
  0.141465334769046     
  0.141614751335254     
  0.142033215903166     
  0.141431540341306     
  0.142416106977971     
  0.141524323298511     
  0.142200860495585     
  0.142605535419399     
  0.141890334056365     
  0.142223338076905     
  0.141036235998594     
  0.140681671217274     
  0.141841995325371     
  0.143019581192623     
  0.142799885821072     
  0.141830466925249     
  0.140856623550413     
  0.141123280657509     
  0.143146088072031     
  0.139813766300274     
  0.142028029511683     
  0.141534981669577     
  0.141201027337344     
  0.142682398134088     
  0.140847005329029     
  0.142718361163476     
  0.141486291181040     
  0.142912717023784     
  0.141686542015800     
  0.141260836874202     
  0.142067938312279     
  0.140250124123194     
  0.141893482451215     
  0.140968472924642     
  0.141671890062611     
  0.142260129540515     
  0.140659446570982     
  0.143215106782589     
  0.141330550570752     
  0.141576324851719     
  0.141814192573981     
  0.142372261646399     
  0.141623109507082     
  0.141900332217874     
  0.139887743172301     
  0.141260406326903     
  0.140889020952272     
  0.141960198428835     
  0.141264376085125     
  0.140928672626690     
  0.140934720820310     
  0.141203523542570     
  0.141913370422375     
  0.141302068412174     
  0.141650642901883     
  0.139620145943103     
  0.141361177740443     
  0.142069642540947     
  0.143427726455938     
  0.142707195813253     
  0.140788890040271     
  0.142791134817005     
  0.142215764192979     
  0.140585405334868     
  0.140076695745673     
  0.140553947867809     
  0.142083047097708     
  0.143828277231247     
  0.141963159219685     
  0.141291659927914     
  0.141256633143361     
  0.140552693368829     
  0.140307396284009     
  0.143027163747527     
  0.141470054172465     
  0.141914985433389     
  0.141304881960325     
  0.141294645791638     
  0.141797116022066     
  0.142401642199682     
  0.142522604842404     
  0.142433573450256     
  0.142371250050366     
  0.141851728900748     
  0.140125985520822     
  0.141501183149068     
  0.140085066615718     
  0.141136571273557     
  0.141579166160778     
  0.141627118464156     
  0.140065312158162     
  0.142613801210385     
  0.141896928185207     
  0.141578285531268     
  0.142544573646307     
  0.141457489584463     
  0.142004286989397     
  0.142749379766165     
  0.141820415291026     
  0.141397492369617     
  0.141071751997898     
  0.142025259049038     
  0.142339200644898     
  0.140916638902608     
  0.142222350875831     
  0.140870235168925     
  0.141368977747181     
  0.141223234601759     
  0.140545567573543     
  0.141780646713526     
  0.142772821059190     
  0.138763517624600     
  0.142805461958941     
  0.143017730230246     
  0.140921345256213     
  0.141774507332491     
  0.141576597368113     
  0.141595032705820     
  0.141401710791975     
  0.141121387474405     
  0.139106638110181     
  0.143285833802513     
  0.142213032507719     
  0.142099683352106     
  0.140135070462337     
  0.142327116706350     
  0.141142256246980     
  0.141227328299396     
  0.141159113165396     
  0.139943459309100     
  0.141455448814091     
  0.141803623080139     
  0.140191858427990     
  0.141808260564250     
  0.140013376270551     
  0.142585142579242     
  0.142001202785536     
  0.142283526659020     
  0.142514983787035     
  0.141795322970402     
  0.141184178162694     
  0.141764146450462     
  0.141144686558217     
  0.142213151790789     
  0.141725048895354     
  0.141966458328995     
  0.140664365133131     
  0.140934097086877     
  0.143270485434050     
  0.141329589617727     
  0.141579323851980     
  0.142775700995727     
  0.142304438750953     
  0.141492844811799     
  0.140733798992068     
  0.142066715274006     
  0.141052963272512     
  0.142472531070714     
  0.141440956145322     
  0.141457426147711     
  0.141054112437804     
  0.141430959737960     
  0.140984687563227     
  0.140768881252359     
  0.140680906996092     
  0.142867294878122     
  0.141625111085231     
  0.141574373324695     
  0.140951027018990     
  0.142722405215472     
  0.141476453977131     
  0.142062472676520     
  0.142437305341852     
  0.141320740946497     
  0.140924372280286     
  0.142551302856992     
  0.140547931514784     
  0.142173605758454     
  0.140424629793946     
  0.140580056025458     
  0.141779183218102     
  0.141182425230392     
  0.141660038482427     
  0.140579208458582     
  0.139957950504404     
  0.140194657257942     
  0.142084025965718     
  0.140889137663622     
  0.142827310360323     
  0.139824494397599     
  0.142114995172358     
  0.142116261621922     
  0.140670900781794     
  0.139859566448160     
  0.141201329587271     
  0.140528497089175     
  0.143415602594634     
  0.139958763720724     
  0.141697652216615     
  0.140094043313023     
  0.141505585568851     
  0.140341740749262     
  0.141285227614680     
  0.140774580040586     
  0.139821806014278     
  0.140765785515994     
  0.141396523113309     
  0.140801825483887     
  0.141985943333995     
  0.140879228818278     
  0.140949853919139     
  0.141275942022882     
  0.140365439976800     
  0.141103091109944     
  0.140213498935986     
  0.142490761850675     
  0.140790402651138     
  0.140750555432829     
  0.141743649253347     
  0.140047069441813     
  0.142916066994544     
  0.141640353139653     
  0.141107479173351     
  0.141592886252369     
  0.141078514825418     
  0.141342288174447     
  0.141589196649896     
  0.141647593425664     
  0.140866018470682     
  0.142537306656506     
  0.141312814298484     
  0.142249307179179     
  0.141573146672101     
  0.140667593756493     
  0.140930885732278     
  0.140413142264774     
  0.142871820302204     
  0.140571558831476     
  0.141919401203902     
  0.140931665329582     
  0.142118050063560     
  0.141539472769769     
  0.142317309098478     
  0.141524405637461     
  0.142026004107755     
  0.142381509056068     
  0.142267668596208     
  0.140703704996477     
  0.140196682947448     
  0.140669272591115     
  0.142170619918876     
  0.141374594803716     
  0.141744799297558     
  0.141285139794325     
  0.140656026645683     
  0.141198395230059     
  0.140026262886489     
  0.142228076578572     
  0.140068214968594     
  0.141582913228171     
  0.142193501586655     
  0.140414810873326     
  0.142093365186877     
  0.141248210381486     
  0.140638542787397     
  0.139891321835003     
  0.141197375131543     
  0.142901694403567     
  0.143023586257508     
  0.141476816661217     
  0.141502752591980     
  0.142074007711788     
  0.141044099979058     
  0.140858220124664     
  0.141288933765992     
  0.141069838849520     
  0.141353737257105     
  0.141949407557431     
  0.140596817543952     
  0.141387666530512     
  0.141101651602004     
  0.140898789688327     
  0.140539803456036     
  0.141097789887650     
  0.141015979248169     
  0.142119688184348     
  0.142205368173207     
  0.140966842516223     
  0.141937937341020     
  0.142550518740956     
  0.141656643077325     
  0.142483009421533     
  0.142849264991390     
  0.139735053232860     
  0.140996928751722     
  0.141949301167776     
  0.140779543082943     
  0.142652895708813     
  0.140172362200744     
  0.140062049444455     
  0.141112918211578     
  0.140296593114659     
  0.141148411379544     
  0.140903396268689     
  0.141537240230628     
  0.142004589148458     
  0.142511758395728     
  0.142093012579499     
  0.140442501668635     
  0.141656885613598     
  0.140647445044336     
  0.141237572539729     
  0.142211606207868     
  0.141675669470310     
  0.141685973375173     
  0.141443184141144     
  0.140748013820140     
  0.140888151769644     
  0.140728647326501     
  0.141202225994668     
  0.140312862267772     
  0.141519359617912     
  0.139931932252786     
  0.141366642642306     
  0.141374537432066     
  0.142060020748432     
  0.140733354043310     
  0.141406086636708     
  0.141618086326560     
  0.141202447147130     
  0.141102606092840     
  0.142477389627118     
  0.141800736315778     
  0.141654421334210     
  0.141563609835700     
  0.141526282517274     
  0.140613337552310     
  0.140824981390548     
  0.141385412643322     
  0.140640848643598     
  0.141946029565067     
  0.142357498596375     
  0.141453678238727     
  0.141390480050671     
  0.141554061232206     
  0.141019784539569     
  0.141667125377643     
  0.140574574948026     
  0.141547489105545     
  0.142013616361700     
  0.142093718906622     
  0.141949892175567     
  0.141726688340746     
  0.140693196932582     
  0.140408056755304     
  0.142636227580558     
  0.142426288979765     
  0.142325279008207     
  0.141052960945236     
  0.141726384567128     
  0.141266364375369     
  0.141251793276729     
  0.142437254010018     
  0.141320075584396     
  0.140631524358980     
  0.140405279067289     
  0.141841615421062     
  0.142151584084400     
  0.143101555294834     
  0.140920509215309     
  0.141432284074174     
  0.141118532335487     
  0.142512733034419     
  0.140669476668055     
  0.141434711582259     
  0.141067925468319     
  0.142358026020881     
  0.141545697875722     
  0.140130604648472     
  0.141486366058562     
  0.142033961382900     
  0.140898948236806     
  0.141392378707984     
  0.140176122965514     
  0.140493528781446     
  0.140977075204632     
  0.141759428489166     
  0.139235327585176     
  0.141735529482808     
  0.141213028880508     
  0.141067583272741     
  0.142893783723385     
  0.142647510659018     
  0.141106443718378     
  0.141103297485522     
  0.141529078545829     
  0.142363217052867     
  0.142244204956624     
  0.141617084334027     
  0.141890791061317     
  0.141605165649557     
  0.141686850459435     
  0.141729742059361     
  0.141084289860703     
  0.140816023497628     
  0.140092581120407     
  0.140986861366369     
  0.141493581187866     
  0.141238512280420     
  0.142120756563457     
  0.139404220864102     
  0.142006083285034     
  0.140997278605430     
  0.142890442781074     
  0.140948966371203     
  0.142531474091149     
  0.140743186530846     
  0.141009630565551     
  0.142245286751493     
  0.140524614483664     
  0.141770425440282     
  0.142150500860290     
  0.141826403771129     
  0.141319117334741     
  0.141661834298147     
  0.140673190390942     
  0.141424064618474     
  0.141625837421240     
  0.142582269863097     
  0.142597180266719     
  0.140857940526169     
  0.141740965460654     
  0.141696309947086     
  0.141950783075494     
  0.141333841896058     
  0.141879357928014     
  0.142844479775081     
  0.140978062856913     
  0.141615759131639     
  0.140653354659573     
  0.141836504932389     
  0.142789182605986     
  0.141608384633958     
  0.141054070695092     
  0.141826251147007     
  0.139952778996566     
  0.140992406998187     
  0.143456983766269     
  0.140292231487051     
  0.140845884807907     
  0.141316450471729     
  0.141380149030798     
  0.141317225328861     
  0.141290883753870     
  0.141277757308012     
  0.142122783223535     
  0.141006710758644     
  0.141269729144217     
  0.142316762679764     
  0.141203813889064     
  0.140768178121993     
  0.141030918464525     
  0.141853272958728     
  0.140458210588409     
  0.142356810538537     
  0.141025861179969     
  0.141791320538904     
  0.140821600264238     
  0.140867981478360     
  0.140942136735324     
  0.143641166851465     
  0.140700626391475     
  0.141658609193874     
  0.140770088724515     
  0.140631360345643     
  0.141701660216616     
  0.140816590551447     
  0.141044681199206     
  0.141895063566188     
  0.143284123322271     
  0.141432685871085     
  0.140405946305170     
  0.141966212066267     
  0.141428719511313     
  0.143119735718459     
  0.140065268248731     
  0.143440105453197     
  0.142212262986827     
  0.140437183131546     
  0.142510693708612     
  0.140762540008650     
  0.140642979315013     
  0.141622658125618     
  0.140894044100674     
  0.141335101602578     
  0.142417772076646     
  0.141448151024166     
  0.142558282049747     
  0.140140423333192     
  0.143776738811857     
  0.142250990736797     
  0.140567578339596     
  0.140955585565945     
  0.140665262749146     
  0.140370120314161     
  0.143336183549227     
  0.141048585573771     
  0.140140463046906     
  0.142263156642304     
  0.143074099320400     
  0.140921981665561     
  0.141406007302695     
  0.140332673138438     
  0.142063589265070     
  0.140521552953202     
  0.141519044549906     
  0.140787249160953     
  0.139123486532094     
  0.142493560412336     
  0.142653245289268     
  0.141205853564936     
  0.140438042025795     
  0.141161952469415     
  0.142010623386709     
  0.140756406330419     
  0.141849983088901     
  0.142132255772777     
  0.140163137103326     
  0.142985177185754     
  0.141315601638375     
  0.141295304206581     
  0.141767051842159     
  0.141351394131721     
  0.141023737501500     
  0.141634805523410     
  0.143012014614788     
  0.141352940841269     
  0.141302319249955     
  0.142300922487911     
  0.141669420650919     
  0.140438013484351     
  0.141053298075247     
  0.143244742405666     
  0.141300274342908     
  0.140815393987595     
  0.140691514986926     
  0.142278366196351     
  0.140499796957586     
  0.142040918661851     
  0.141068670210664     
  0.141229070540004     
  0.140787701814540     
  0.141461774180537     
  0.141205233082110     
  0.141555509077267     
  0.140660465825191     
  0.141070837665264     
  0.140911135466539     
  0.141404729109011     
  0.141171580404469     
  0.142541129317059     
  0.141041113309280     
  0.143755139212387     
  0.142421141430753     
  0.141191642110674     
  0.142300390930393     
  0.141807437525605     
  0.141918318003493     
  0.141129033814466     
  0.139982154944671     
  0.140877259884143     
  0.140778621813764     
  0.141849350833646     
  0.141151462420451     
  0.142053531530555     
  0.141372387860093     
  0.140245580527181     
  0.141735242795068     
  0.142391489360806     
  0.141382404268251     
  0.141131308330054     
  0.141886160447376     
  0.143022006400636     
  0.142203894817685     
  0.141042551094157     
  0.141703831482665     
  0.141995764601750     
  0.141264510816210     
  0.142318869901455     
  0.140316719326834     
  0.141547831372470     
  0.141357203109605     
  0.140622356588100     
  0.140322322851737     
  0.142463662467476     
  0.143495374275988     
  0.140901599968579     
  0.141024948065118     
  0.141230017585716     
  0.141094274533434     
  0.142453358356985     
  0.140168663792424     
  0.142565074959162     
  0.142324904444152     
  0.142469322949681     
  0.141338160775617     
  0.141207735324625     
  0.141691141583661     
  0.141888382032918     
  0.141282124533686     
  0.142467849473593     
  0.142612702000871     
  0.141545375697972     
  0.140571196029107     
  0.139886997006969     
  0.140871405897520     
  0.142168392246786     
  0.141379146913430     
  0.141530553511417     
  0.141927434805475     
  0.141511745599987     
  0.141611183762453     
  0.140553924794386     
  0.141407299908139     
  0.141216214247954     
  0.142374790970737     
  0.141066275110375     
  0.140018373891571     
  0.143669196697502     
  0.141437424168434     
  0.142743085561102     
  0.142095292717905     
  0.140313823602509     
  0.140133916985657     
  0.144343024412793     
  0.140825129027866     
  0.139964344356895     
  0.141464431629288     
  0.141498234665817     
  0.141364467230692     
  0.141222678355681     
  0.142155697105060     
  0.141605596135341     
  0.141938165791999     
  0.141450324623589     
  0.140576178686540     
  0.141639006582445     
  0.140185649717891     
  0.141518175330366     
  0.142216408011253     
  0.141374190531210     
  0.140656290154662     
  0.141156002883028     
  0.141551133064406     
  0.141113789844356     
  0.141729351643493     
  0.143144776099720     
  0.141175052271376     
  0.140624476177499     
  0.141016087261248     
  0.141249134773106     
  0.141551942493064     
  0.142802624412219     
  0.140779723263646     
  0.142476491630489     
  0.141707036181489     
  0.142437283273038     
  0.142105850822282     
  0.140553304450765     
  0.140400439522857     
  0.142407209175039     
  0.141370453591008     
  0.142648465978307     
  0.141612865163904     
  0.140926435330000     
  0.140937523376818     
  0.141811274371564     
  0.142202511766303     
  0.141322183698033     
  0.141171700054237     
  0.142508471632208     
  0.141050229122409     
  0.143008864395866     
  0.141763011407921     
  0.141646448896693     
  0.142896229490862     
  0.141966714265489     
  0.141715912297632     
  0.142235402693608     
  0.140996168266834     
  0.140573964690649     
  0.140221221820471     
  0.142528755224456     
  0.140673056474597     
  0.142023604440967     
  0.142585357026082     
  0.141308581760886     
  0.141395010332105     
  0.141365571961004     
  0.141123033722287     
  0.141379494247555     
  0.140345255467981     
  0.141897182054953     
  0.142695666671580     
  0.141131060030708     
  0.142450348154804     
  0.141957967502774     
  0.140114351696190     
  0.142284333233256     
  0.141126476352352     
  0.141433026774444     
  0.140785516409890     
  0.142709702358582     
  0.142193485643509     
  0.141569558308416     
  0.141709880201776     
  0.142284457979492     
  0.142103175190783     
  0.140664294049514     
  0.140465156102660     
  0.141332687063817     
  0.141089815548238     
  0.141447452041078     
  0.142054943517794     
  0.142232084147059     
  0.141237677722389     
  0.141216061137927     
  0.141379139678314     
  0.141422463298334     
  0.143414735937933     
  0.141874945296196     
  0.143282324436867     
  0.140487527368182     
  0.139670927938942     
  0.142014978992873     
