  0.491180941791828     
  0.552445354012895     
  0.521385512839079     
  0.466222089872874     
  0.459321312064717     
  0.518230387050911     
  0.503694036273395     
  0.469498235478796     
  0.523306013587030     
  0.493938143313410     
  0.515588338797239     
  0.514688336699530     
  0.501649484475729     
  0.486669117649757     
  0.492154356895430     
  0.498835820783194     
  0.470081232558236     
  0.494949068356984     
  0.480483732195649     
  0.522834747459373     
  0.494519639806988     
  0.534361654611182     
  0.431919210015281     
  0.508985411056008     
  0.549598397311853     
  0.457371950592426     
  0.486931305000621     
  0.500078846997537     
  0.517103009874498     
  0.499524015809320     
  0.477416626434504     
  0.563124443160939     
  0.472508462900357     
  0.510796434833514     
  0.481348618539861     
  0.486193382388080     
  0.528038300394160     
  0.468430699369924     
  0.466888998849841     
  0.493511746811644     
  0.503082722064885     
  0.508049407348687     
  0.484664693106763     
  0.544178731651635     
  0.543863237084942     
  0.514722481737608     
  0.493788063222809     
  0.545996600903199     
  0.519894391616935     
  0.499767861747183     
  0.527403478197012     
  0.479380919581085     
  0.499469795254938     
  0.552800325816144     
  0.524827017478634     
  0.445633586027027     
  0.513257897630773     
  0.556534507465260     
  0.486827794261859     
  0.499790712433109     
  0.438010020390817     
  0.475628870717967     
  0.488278963115980     
  0.493143936227543     
  0.546944004227758     
  0.465448579682932     
  0.462940528718887     
  0.564755430196154     
  0.516571611141369     
  0.440882330819714     
  0.509196555776826     
  0.481789428816625     
  0.508467884395092     
  0.489775373657567     
  0.484756236734802     
  0.457989432483153     
  0.496834946913527     
  0.510261322512636     
  0.495843693735868     
  0.471793651368952     
  0.468217089044936     
  0.493304053937947     
  0.486142180958955     
  0.507039736294515     
  0.460301991170131     
  0.520548281278085     
  0.458341892567516     
  0.474101271557241     
  0.453967021765277     
  0.473205927301989     
  0.452226356342540     
  0.454495372630745     
  0.501989269731688     
  0.457761564303447     
  0.468266320915056     
  0.534646128159296     
  0.513544328846595     
  0.517882831757432     
  0.504012010829920     
  0.513438134715051     
  0.546190403668450     
  0.488348732818916     
  0.514336287024343     
  0.494160523400700     
  0.490236636566322     
  0.491897938680817     
  0.441606227380980     
  0.464291534021413     
  0.511311143412338     
  0.511196805205396     
  0.461249044949551     
  0.474698598366658     
  0.468053769668506     
  0.522575482405976     
  0.527700855803990     
  0.448392676612604     
  0.499651962303229     
  0.477873274706080     
  0.503079650986657     
  0.487566180277083     
  0.503317509249128     
  0.528588010800816     
  0.525568291068278     
  0.512496687600892     
  0.492040874399321     
  0.506313336219238     
  0.480909986080501     
  0.460718851848504     
  0.514653697410714     
  0.447970643335119     
  0.499453287223142     
  0.526976323013372     
  0.491721464485423     
  0.497765517099984     
  0.488511783877396     
  0.459845965408351     
  0.503596128617845     
  0.500598655376001     
  0.472752651371466     
  0.480561615268871     
  0.462352717910149     
  0.499993552892459     
  0.535769858476202     
  0.452604665403456     
  0.540053526161769     
  0.508901434901592     
  0.502983433143891     
  0.504147618378350     
  0.538341846411017     
  0.523127901265661     
  0.540750325181510     
  0.504880111314198     
  0.492791197846127     
  0.513096742904717     
  0.503555903333008     
  0.455998806500453     
  0.532650304104578     
  0.529184412275060     
  0.539721523829545     
  0.474662488483114     
  0.515080765172655     
  0.503355143115226     
  0.520830127146225     
  0.489931472281714     
  0.478794562829131     
  0.473706154932436     
  0.490408302385267     
  0.492185179258828     
  0.530224281895716     
  0.517016639477374     
  0.465609071760422     
  0.513301362059913     
  0.470569668070806     
  0.476579926249962     
  0.504446051566155     
  0.533587071860572     
  0.486776943152751     
  0.470034729116802     
  0.508129660036690     
  0.477894986340681     
  0.503115201745352     
  0.496796136841183     
  0.505094339289271     
  0.516533100580014     
  0.479085135351078     
  0.521877833039323     
  0.486077972355700     
  0.529653212253124     
  0.493828968194296     
  0.462596960289886     
  0.489769024790586     
  0.497735078691401     
  0.482378873966444     
  0.533378699823878     
  0.506614810579729     
  0.509480224436393     
  0.541428912674161     
  0.532583133413505     
  0.477575008456215     
  0.484457344435338     
  0.535512318157485     
  0.511100138917011     
  0.480949248299273     
  0.519171548777325     
  0.517587820341684     
  0.529746030794553     
  0.477372713715713     
  0.430459531991364     
  0.517845268297729     
  0.528380271568086     
  0.479971322799533     
  0.532054858976823     
  0.468401906750331     
  0.542641726736677     
  0.482735325062434     
  0.522897360662757     
  0.454184961970305     
  0.495849477608668     
  0.542201966914142     
  0.497218276823092     
  0.480757564139034     
  0.486522728032596     
  0.518688364810576     
  0.516501667965399     
  0.516724352929814     
  0.482038685982113     
  0.478485549007501     
  0.490346342533220     
  0.500003747333669     
  0.505310874227716     
  0.528724704622563     
  0.481462240876373     
  0.473740123269589     
  0.527034857346923     
  0.493346048207634     
  0.514012527729409     
  0.541178020141860     
  0.517253745746296     
  0.536310685374226     
  0.509810214829263     
  0.508523065719140     
  0.511027560428818     
  0.450017081858027     
  0.479467739866341     
  0.501114989398249     
  0.503521605070644     
  0.521603848079778     
  0.451212335997551     
  0.497054492424223     
  0.489827027991723     
  0.506742138731968     
  0.521864737844619     
  0.459663291808300     
  0.488909502890760     
  0.460397490388227     
  0.460478486446039     
  0.480557979368390     
  0.536586951084569     
  0.504023257705224     
  0.437357036722835     
  0.475204221173441     
  0.545013069780891     
  0.496966520517881     
  0.493927962645659     
  0.518638989607234     
  0.435230063231176     
  0.476438137927394     
  0.458413254465401     
  0.546725548192660     
  0.497454991402223     
  0.511750300471830     
  0.458265560446625     
  0.510575229809826     
  0.474957558549702     
  0.508530596822900     
  0.516137474219510     
  0.462675240209208     
  0.511860462238220     
  0.503549598017428     
  0.473646384340345     
  0.505825203298867     
  0.511146148270155     
  0.452365848760304     
  0.441174154476210     
  0.504004704440170     
  0.497754082984716     
  0.497200306433185     
  0.455973252978148     
  0.487887480076184     
  0.451502765268912     
  0.523428290642045     
  0.515780301298719     
  0.471184818664329     
  0.491170866687105     
  0.523502240687666     
  0.506799610713017     
  0.466963869569574     
  0.519734962208577     
  0.488340022841378     
  0.523968842609193     
  0.533690855019015     
  0.456850490066886     
  0.446031637144924     
  0.479402023403541     
  0.473993428674548     
  0.521544638138972     
  0.496572427825776     
  0.464845221944661     
  0.474900346396395     
  0.507498223162500     
  0.510685273519201     
  0.520544222483969     
  0.512067825946897     
  0.519783778502888     
  0.473377998507108     
  0.564169846574839     
  0.473044855287678     
  0.477717243373665     
  0.475214113311616     
  0.428636356545811     
  0.478443267191121     
  0.512472901997554     
  0.523080016601586     
  0.493903950124929     
  0.511430227148895     
  0.476230399276952     
  0.553009653431936     
  0.491442849761248     
  0.529603074919176     
  0.472742118933980     
  0.510536410416949     
  0.493246561943880     
  0.501383448648487     
  0.573136787486625     
  0.500950306111945     
  0.483358549963136     
  0.478807484512932     
  0.472768250828595     
  0.516634292672018     
  0.521301237690702     
  0.526401399077411     
  0.488095630566416     
  0.490614650666325     
  0.497186573353878     
  0.502958073271124     
  0.538317887411487     
  0.546937392085798     
  0.494223058657475     
  0.533907784531073     
  0.523521708042701     
  0.505991231796896     
  0.500952725667836     
  0.480487847694739     
  0.473871490540956     
  0.564013423784582     
  0.502124494992660     
  0.512685343901478     
  0.529725499622704     
  0.448665672363607     
  0.560077893172809     
  0.474930814629490     
  0.495426107498095     
  0.475013075907679     
  0.442553986666030     
  0.498547605282096     
  0.497751132418602     
  0.524367452089715     
  0.512441166399816     
  0.508479232608524     
  0.528392948993449     
  0.499743275974703     
  0.487846584297744     
  0.505666799261371     
  0.480209187929424     
  0.472153623753590     
  0.506147610972892     
  0.532774287236294     
  0.500170328482059     
  0.524536101241607     
  0.523283707516785     
  0.535536722418715     
  0.519557004219338     
  0.532592469738987     
  0.501289650656996     
  0.483623188242306     
  0.469301739646146     
  0.494660909208312     
  0.507619515805935     
  0.456182856933666     
  0.508146278726317     
  0.534319107692417     
  0.539595585434756     
  0.512561943103877     
  0.474797632492106     
  0.486683963844988     
  0.513453695861651     
  0.455929463967861     
  0.528640345808849     
  0.479357108880290     
  0.474483306359181     
  0.476058219596443     
  0.527813343473350     
  0.498545891729685     
  0.513234234334530     
  0.501899663508878     
  0.497130565291157     
  0.444092314246078     
  0.537053176832754     
  0.507711003026276     
  0.473225836394693     
  0.517252561970424     
  0.497552865109584     
  0.486690732563705     
  0.504943875978443     
  0.519396901229018     
  0.546391605615673     
  0.487940401959775     
  0.515417999336867     
  0.511703223268252     
  0.507838125197986     
  0.539908519535427     
  0.516519455723641     
  0.482449259182985     
  0.497670561843416     
  0.494408020652745     
  0.553823290573491     
  0.501822343729001     
  0.551693980669978     
  0.479222338031661     
  0.457810374086821     
  0.504953476843329     
  0.506633942119577     
  0.483209152872185     
  0.531862763665868     
  0.543617074356274     
  0.490992636597680     
  0.513581152584514     
  0.526910977605307     
  0.475548441037578     
  0.490687711925533     
  0.501623057038283     
  0.497668608241744     
  0.535659521540006     
  0.535271162614432     
  0.499466134725824     
  0.513388343668321     
  0.538038630593133     
  0.483542965445269     
  0.472830994719310     
  0.447340346468893     
  0.542594770650438     
  0.510844650151798     
  0.494373173245822     
  0.493479823218392     
  0.465811253890877     
  0.516729658710569     
  0.509536451431064     
  0.521535954457229     
  0.491071817749939     
  0.530227302173442     
  0.535023492458747     
  0.483850406816951     
  0.464459615972074     
  0.534780792773537     
  0.528318541000688     
  0.461914908127807     
  0.518253714794841     
  0.502505879877490     
  0.455099878611674     
  0.513669505355611     
  0.523737647241382     
  0.522122907980485     
  0.507911794756466     
  0.522433636809014     
  0.500252900843271     
  0.502403477685673     
  0.513966165133945     
  0.470670341309427     
  0.461084796219606     
  0.485587226992362     
  0.516217483735353     
  0.530283573064804     
  0.538711460452322     
  0.478647872304807     
  0.491035836878664     
  0.530169140505395     
  0.504455494872634     
  0.501167839043203     
  0.493272259563196     
  0.523568526894466     
  0.523406769700524     
  0.530548864965142     
  0.494314496774773     
  0.462557942751797     
  0.478974562981561     
  0.494938906040297     
  0.526549471575366     
  0.493286146508258     
  0.505614031444536     
  0.584764256054798     
  0.439371927433474     
  0.468496619872750     
  0.503713080994965     
  0.511274168692554     
  0.513183256689226     
  0.470486142918012     
  0.437219404785347     
  0.458162906870469     
  0.470074190648188     
  0.543423357708806     
  0.500541813650851     
  0.498885299051773     
  0.464790822497655     
  0.539367153795335     
  0.468759721352624     
  0.568925068506957     
  0.533453762424171     
  0.464932715792436     
  0.466447365638992     
  0.514740371633696     
  0.506923289742708     
  0.509958833216668     
  0.493940636359044     
  0.489616514428947     
  0.513038141371798     
  0.495392567823333     
  0.488073309603034     
  0.497503150094201     
  0.474526406380115     
  0.542359106779960     
  0.504042108731280     
  0.490964184957414     
  0.444691731352382     
  0.476192712528516     
  0.507051607614618     
  0.491136551511649     
  0.560162049427682     
  0.537471427973618     
  0.509566685946736     
  0.477940942074859     
  0.485012879211281     
  0.492486419717398     
  0.485700202111637     
  0.490042209174594     
  0.508847333048599     
  0.511161677895890     
  0.503144931312057     
  0.463659055212808     
  0.506799650558634     
  0.469002223237130     
  0.463995554246309     
  0.499739158708860     
  0.523068114985738     
  0.528422164846539     
  0.525786305502443     
  0.475703016254677     
  0.523672680745217     
  0.516154543867062     
  0.498767875837235     
  0.490902466555689     
  0.496591846994569     
  0.474901150826154     
  0.481613682241013     
  0.495197883789856     
  0.508995521821498     
  0.566467087169745     
  0.481290027100240     
  0.448759044479710     
  0.519344071014988     
  0.480259476119054     
  0.509498591313707     
  0.497291542053819     
  0.519995518963468     
  0.513957147901889     
  0.451484592128184     
  0.512900708010320     
  0.504831005175830     
  0.480664998564789     
  0.537844263268815     
  0.504466383882402     
  0.518045535746865     
  0.459650840604756     
  0.456163219846278     
  0.514185673929374     
  0.483550880920685     
  0.469245382828150     
  0.541820357037200     
  0.504863665020909     
  0.507450770611890     
  0.469977827198979     
  0.490493281329897     
  0.500795110750651     
  0.484398256676307     
  0.547043884514990     
  0.465691025518076     
  0.463219824919362     
  0.519423195613419     
  0.472476248613652     
  0.515173754316348     
  0.512156598592666     
  0.464354236402113     
  0.501863146241653     
  0.519068520212218     
  0.545656427017660     
  0.500426779647385     
  0.514772238561470     
  0.512730328272786     
  0.506691920351373     
  0.449190200686237     
  0.528017396578220     
  0.491507143478162     
  0.509374987530229     
  0.444457543525574     
  0.499753708715023     
  0.464444703912916     
  0.482281757084622     
  0.523848389786743     
  0.474248583523146     
  0.516069390088349     
  0.506875883169642     
  0.516060389057198     
  0.531373314357689     
  0.545021136205581     
  0.519833978709515     
  0.534924282879252     
  0.493414645522182     
  0.506544592770106     
  0.481620926623490     
  0.471397710154272     
  0.485611959560283     
  0.578524587192969     
  0.500245686815050     
  0.478126064045217     
  0.554615992046292     
  0.470529834316026     
  0.530751756191608     
  0.505265321560997     
  0.511941533543718     
  0.516741950670341     
  0.490251709696320     
  0.519636541627460     
  0.493036047739456     
  0.493465581210233     
  0.497053930554473     
  0.541094487807309     
  0.527826193441141     
  0.436877341495548     
  0.442389937523668     
  0.485831345527788     
  0.455158005056059     
  0.477520249632320     
  0.484179927639231     
  0.498696853975746     
  0.493748765739657     
  0.457582983354327     
  0.491791168895091     
  0.485019964032981     
  0.487053801378874     
  0.491880431782110     
  0.474014657903061     
  0.472206017849370     
  0.513957998925150     
  0.520858366666844     
  0.496676127613172     
  0.506995522827294     
  0.518800289698125     
  0.510576341697163     
  0.460633113911916     
  0.469573370129248     
  0.497000127338897     
  0.500187273490349     
  0.467375368806480     
  0.503706776059632     
  0.489328169921662     
  0.480072752528614     
  0.508331341014732     
  0.498359662304633     
  0.445653018991257     
  0.501409897951905     
  0.508198117946698     
  0.507303643154953     
  0.475161214370198     
  0.484318550007907     
  0.468138936077374     
  0.490551428624126     
  0.469195054353129     
  0.533384342734572     
  0.530358973023127     
  0.495025094060077     
  0.498576292471840     
  0.452596936090089     
  0.489941053003158     
  0.502619583030344     
  0.522623919954210     
  0.524472146155291     
  0.522522507519904     
  0.469082879554773     
  0.545199995047902     
  0.483261547219594     
  0.502670720489197     
  0.485419310747090     
  0.450070715588377     
  0.479619738853031     
  0.534700489272310     
  0.488808495490699     
  0.545394014001413     
  0.493596365238898     
  0.470152572606852     
  0.537193559393639     
  0.474701923065611     
  0.530157503909441     
  0.495465040374194     
  0.442669367212945     
  0.494458500835478     
  0.464836797823142     
  0.491570225966949     
  0.473436887682187     
  0.492902846859759     
  0.441595530837440     
  0.500841745645520     
  0.549206186636704     
  0.495176171429300     
  0.462006149307643     
  0.494081010363125     
  0.508977573213332     
  0.454313469572751     
  0.545502644497960     
  0.487363603867311     
  0.480686876267838     
  0.457799949752673     
  0.496468723038930     
  0.463150655764351     
  0.501131331496896     
  0.497954353353543     
  0.518591970841164     
  0.465054982797184     
  0.511340017046733     
  0.492850090300061     
  0.523729583206243     
  0.466924197727624     
  0.548562225097592     
  0.504501625144812     
  0.466261803552707     
  0.453100541047348     
  0.489449747314602     
  0.524742500787186     
  0.480344093501835     
  0.516272746720768     
  0.526728694054711     
  0.469877671444825     
  0.533946490242067     
  0.482255406151977     
  0.454370789174917     
  0.536441465091739     
  0.455920184787501     
  0.538986854427723     
  0.475278334791608     
  0.459094617352803     
  0.511332836884882     
  0.495255907207392     
  0.501680072960719     
  0.486238829613894     
  0.498435805616107     
  0.484764144938651     
  0.463933369943881     
  0.468355664846732     
  0.522617727852775     
  0.464618919890213     
  0.480106677593587     
  0.523420128864586     
  0.507238823571086     
  0.485390464283151     
  0.449765158855353     
  0.528512097044316     
  0.523650106910604     
  0.476990129253591     
  0.512247276893209     
  0.461384919256038     
  0.508400082384435     
  0.473448295121288     
  0.485454886736803     
  0.460492616411550     
  0.466449431750568     
  0.472729744396985     
  0.544979667224641     
  0.486127248467765     
  0.482523282083870     
  0.521516914957996     
  0.524918553141469     
  0.484344551735648     
  0.480370469652498     
  0.469172159187894     
  0.474742501120502     
  0.505206808011496     
  0.487719838439153     
  0.494639093797275     
  0.502862708001875     
  0.486499631741661     
  0.480807227738936     
  0.505779207510421     
  0.489945578699858     
  0.492757548585048     
  0.503062629365446     
  0.480696042983337     
  0.440211128306737     
  0.499568310278863     
  0.459777842007075     
  0.521032036538153     
  0.485762315915787     
  0.490196990511173     
  0.485390497832420     
  0.500597284757710     
  0.526030133890356     
  0.450976418597667     
  0.525639402247847     
  0.466558480557689     
  0.481389279752590     
  0.486681868022773     
  0.466369957481824     
  0.475850362171937     
  0.475052187972883     
  0.526040733593247     
  0.509270361474596     
  0.525294926781880     
  0.490739504992897     
  0.470672545989991     
  0.497187577353306     
  0.480193279574558     
  0.537876248683430     
  0.493980916022654     
  0.484356322938618     
  0.456100572123355     
  0.523010466537797     
  0.474803647432213     
  0.558187109840928     
  0.480478842930854     
  0.500120497240490     
  0.525589892142074     
  0.453244742150893     
  0.470047514971927     
  0.456170065275126     
  0.473638498653770     
  0.463555207007005     
  0.497977014720771     
  0.499226267320960     
  0.475368865573614     
  0.495509634363276     
  0.547716605184811     
  0.475957156863959     
  0.488101344013700     
  0.471161673932074     
  0.501848787352916     
  0.513912588817241     
  0.476518543343526     
  0.500313462211927     
  0.517977283729256     
  0.472279046995708     
  0.481409430313696     
  0.498285724033718     
  0.482294349092855     
  0.515954713045895     
  0.497567219140944     
  0.499714792590197     
  0.520255116070262     
  0.481291886298079     
  0.537739154553896     
  0.496721790000740     
  0.512977197906149     
  0.504006018726682     
  0.489845241054740     
  0.462296578768617     
  0.480383964383987     
  0.522142207447377     
  0.467204333540302     
  0.477970140265736     
  0.469139535956678     
  0.532048084650266     
  0.519955573521416     
  0.511476552632643     
  0.502384811262294     
  0.479149016573331     
  0.475219775630451     
  0.485414068732690     
  0.473834202634683     
  0.449653475308351     
  0.472604825335761     
  0.529363910692547     
  0.460897967175006     
  0.488854693765852     
  0.521584066740225     
  0.480388679657182     
  0.507304661402939     
  0.504370330970120     
  0.484998406245554     
  0.517997645662800     
  0.511002159321454     
  0.476218084602164     
  0.463916519260460     
  0.511157561531835     
  0.546339160731050     
  0.513153159484216     
  0.532507768895229     
  0.479426237499355     
  0.498363040897279     
  0.498715624541605     
  0.480230164201167     
  0.539560541024194     
  0.506643539252325     
  0.526236278805788     
  0.475821012343242     
  0.500582443686706     
  0.459260360141637     
  0.513093951513516     
  0.547976840348476     
  0.538077393952709     
  0.504975246986667     
  0.549884052016673     
  0.466906260110062     
  0.512825517194510     
  0.495930583026781     
  0.540494879227360     
  0.530126622975912     
  0.540674396187150     
  0.510470729903194     
  0.522068929089575     
  0.569250075284333     
  0.541558624167847     
  0.504012624692208     
  0.502627031690935     
  0.496483900641372     
  0.527924773610171     
  0.523440987620467     
  0.528576915111710     
  0.521488453027557     
  0.514046484696765     
  0.491415427920012     
  0.497431318273112     
  0.487094651621633     
  0.494226786114437     
  0.462260733981046     
  0.473529036343403     
  0.529410920183389     
  0.501433670973915     
  0.488096108606763     
  0.497525105626009     
  0.538395255072421     
  0.500360618989290     
  0.519815363446502     
  0.501269840352404     
  0.482576040289102     
  0.534576150451627     
  0.523771567237583     
  0.485918745249990     
  0.475625362810179     
  0.480901967136004     
  0.458742572188963     
  0.528528694054325     
  0.494348797029346     
  0.486861087597815     
  0.471157184140288     
  0.496810858332586     
  0.500888920270960     
  0.501086159855534     
  0.535905782283311     
  0.485691255057560     
  0.484843652308637     
  0.528836078031346     
  0.531942428408690     
  0.484857540736744     
  0.515304344305848     
  0.466335297688648     
  0.500411612398733     
  0.518252949786852     
  0.500897434927219     
  0.498822040224599     
  0.477556811572411     
  0.498028656396512     
  0.549549476969024     
  0.446206008967511     
  0.499751921387476     
  0.506649844235488     
  0.462460152686748     
  0.490228447358008     
  0.489521406801895     
  0.466835512423170     
  0.547527932750014     
  0.451206438118176     
  0.510855291281404     
  0.517636027992332     
  0.493834083435096     
  0.495095646691828     
  0.559578854379869     
  0.537416945412203     
  0.496951891295461     
  0.551223626443922     
  0.534769208185706     
  0.489623292348426     
  0.487316474369644     
  0.500877000293698     
  0.451095499151776     
  0.337157532286146     
  0.476185098187595     
  0.350716778437019     
  0.301764194971238     
  0.294237904409507     
  0.400203834507599     
  0.358079833499950     
  0.292092517421664     
  0.374018406920466     
  0.306899921512710     
  0.298188724639027     
  0.377196497472025     
  0.340246814021884     
  0.297806972034753     
  0.315872742142577     
  0.329125013238018     
  0.309751701892273     
  0.318337843460628     
  0.327631170185703     
  0.451423626980639     
  0.351581360478201     
  0.417811198794456     
  0.250792852045898     
  0.338206537198600     
  0.421251782306927     
  0.265281378770407     
  0.302553581916212     
  0.371214147001333     
  0.373557747005233     
  0.312610294409446     
  0.284579904061897     
  0.409803017918179     
  0.319894812057620     
  0.426061368154604     
  0.324508394041246     
  0.323074771873357     
  0.360101832170050     
  0.313291995518832     
  0.304311446812731     
  0.352995050998740     
  0.379692681857662     
  0.418572116001454     
  0.341057892280477     
  0.463816905929560     
  0.406382094364086     
  0.366590841658742     
  0.336532367078677     
  0.398744893787756     
  0.344276460573705     
  0.333923583434251     
  0.441487123392079     
  0.303708727875177     
  0.332921880353841     
  0.448516363478099     
  0.384489725550259     
  0.281354876465016     
  0.406677548351970     
  0.439699961047416     
  0.323050084616703     
  0.443106059370463     
  0.263017541444169     
  0.294824770960268     
  0.342745303686881     
  0.331688979845399     
  0.410338176961083     
  0.288139155863757     
  0.294654016396162     
  0.460718106409923     
  0.370974140660715     
  0.252032103013015     
  0.407176645827253     
  0.344776261751136     
  0.403473264741627     
  0.297433309737770     
  0.289428868541180     
  0.298795150706096     
  0.374078793336710     
  0.395044212156896     
  0.374560937424765     
  0.403922289748376     
  0.324453587579325     
  0.302623102756685     
  0.310222564835438     
  0.344308124580520     
  0.294292654914472     
  0.380140809505859     
  0.286993038272513     
  0.303650810126503     
  0.279202099314047     
  0.301269078395701     
  0.290185629567801     
  0.291951867183134     
  0.342575943914911     
  0.262856375931434     
  0.266526354340276     
  0.448523885581583     
  0.406883434867710     
  0.425820865066185     
  0.354265719090432     
  0.351466344710628     
  0.443622192195890     
  0.327809704562160     
  0.328268393428164     
  0.290605268738153     
  0.356887698677405     
  0.313719709098504     
  0.287862802016533     
  0.287110478068085     
  0.381855213219194     
  0.361372696836733     
  0.287454313279619     
  0.311721561593458     
  0.334393409349842     
  0.392857608990169     
  0.416577908793694     
  0.317380241168755     
  0.373947626754233     
  0.268898324283674     
  0.317773612791823     
  0.321776816095026     
  0.339171560567582     
  0.420693370280482     
  0.426454881212808     
  0.291840600942691     
  0.323391807952962     
  0.370245924951496     
  0.316385534894424     
  0.246314362604020     
  0.354187856588933     
  0.280820851881189     
  0.380816465743948     
  0.344687033473352     
  0.350242375989196     
  0.359593156287508     
  0.306721606540710     
  0.299644606152464     
  0.345902349793624     
  0.301170129672163     
  0.289132438721130     
  0.382162228932388     
  0.287311308300769     
  0.316734785186463     
  0.387216078702655     
  0.281543922258411     
  0.405404660240241     
  0.396705581960791     
  0.341186677185614     
  0.378577969091526     
  0.360386104339580     
  0.380325452554975     
  0.365495227739802     
  0.329716708243501     
  0.502601292780160     
  0.376818162247425     
  0.364455810512184     
  0.298114446454672     
  0.419598818556880     
  0.404266478569064     
  0.427720880742997     
  0.354342476866886     
  0.374176284039674     
  0.331777316582009     
  0.400564152592087     
  0.368471761447104     
  0.360314505131876     
  0.327799170065539     
  0.288729418251262     
  0.344855375753394     
  0.373040441923954     
  0.353219570705376     
  0.304597003953834     
  0.400495002079745     
  0.351519149059756     
  0.297407581394585     
  0.384136084735267     
  0.427795997845188     
  0.380297386151218     
  0.296366974761937     
  0.346373901989594     
  0.311605321184087     
  0.359852533116688     
  0.359519062652395     
  0.333871681696033     
  0.349163091461066     
  0.355023755962644     
  0.378141564206583     
  0.344675398452086     
  0.377104287720312     
  0.337316295017451     
  0.297520991187201     
  0.321251828974152     
  0.362916935444505     
  0.386435685868254     
  0.390266882892934     
  0.366738879345151     
  0.325333905473172     
  0.408094349228487     
  0.375454675947469     
  0.298020803196262     
  0.314011521145731     
  0.439173765345497     
  0.389322730901082     
  0.305826205577785     
  0.363902473515521     
  0.350863169547404     
  0.402500445759560     
  0.361867935642270     
  0.292475887214649     
  0.362819121275945     
  0.435629680266808     
  0.355752831264554     
  0.440959210118762     
  0.293220047812084     
  0.402177681390334     
  0.350926783804684     
  0.379624855415969     
  0.294737684040758     
  0.369788406187626     
  0.437365305162200     
  0.382774554044967     
  0.298919769390185     
  0.331657998130981     
  0.343294519725804     
  0.391878574355694     
  0.341582584035615     
  0.320928555160357     
  0.362915757025731     
  0.360716962975179     
  0.337662884968947     
  0.332154922955267     
  0.391383783563416     
  0.344110034322171     
  0.328989269957800     
  0.362443150421232     
  0.355769512541769     
  0.371470550229935     
  0.355304454948941     
  0.331213966095136     
  0.459184086752909     
  0.316605135895325     
  0.343617710722501     
  0.339650171864219     
  0.303207352081808     
  0.360120584368362     
  0.384165797404667     
  0.338003599805328     
  0.426908361625835     
  0.303646125423747     
  0.320229544603503     
  0.316940624052398     
  0.327687355845937     
  0.378953342007487     
  0.296633024146721     
  0.297880800480142     
  0.289824638054522     
  0.290342412097150     
  0.326503271289964     
  0.377499854477784     
  0.315406341702971     
  0.234312417034083     
  0.316137612061841     
  0.356689804251625     
  0.298579791944188     
  0.349532190080943     
  0.399927811769187     
  0.270437121023388     
  0.340267544466295     
  0.298983915889369     
  0.351238054539564     
  0.332224857932549     
  0.320627623294140     
  0.308190796318078     
  0.380964749395772     
  0.319210242464870     
  0.345171441682618     
  0.365017439037980     
  0.327260755663509     
  0.356218219228832     
  0.461036002527302     
  0.315827267135208     
  0.342855735886683     
  0.395957404711176     
  0.316260356577378     
  0.245675564926237     
  0.330497979124433     
  0.418009841066400     
  0.363586480455763     
  0.251118074503080     
  0.369716347611203     
  0.243525406691901     
  0.362296229466537     
  0.372470652335345     
  0.311566920566392     
  0.322520281267593     
  0.364258756859888     
  0.412083653642301     
  0.279859796266469     
  0.359225607259984     
  0.342445564141357     
  0.398109396267373     
  0.369202669377429     
  0.277555445552901     
  0.296275420747394     
  0.311500840002817     
  0.306501638457257     
  0.392159940952700     
  0.398044837252358     
  0.314003067745121     
  0.313485760576014     
  0.349841556541783     
  0.361025619265699     
  0.337510274060299     
  0.309686152532835     
  0.384677943118489     
  0.303856982276326     
  0.454930583779660     
  0.280547923428051     
  0.314388655576283     
  0.281494743736663     
  0.261827909338993     
  0.317366167082712     
  0.359774270433346     
  0.436501687679470     
  0.286200294340216     
  0.380091963596029     
  0.341190217991735     
  0.428997956598022     
  0.322838929089978     
  0.358813999557779     
  0.314266264592202     
  0.346951383051381     
  0.387020874858393     
  0.398823661735507     
  0.469771779548410     
  0.317334319198662     
  0.266885738623637     
  0.346050243105895     
  0.311729764742492     
  0.385644272371395     
  0.356230671463725     
  0.390842453854006     
  0.366012219774682     
  0.339512208952701     
  0.327742107911849     
  0.360342883125586     
  0.364662544455604     
  0.525188221637445     
  0.374650230045054     
  0.392460432214094     
  0.358772386226011     
  0.317678896215316     
  0.346905891156262     
  0.359540546765719     
  0.296597656101288     
  0.419316818526095     
  0.357347156048244     
  0.327650833669563     
  0.423615104279722     
  0.291174326115030     
  0.497598908049264     
  0.280875398395031     
  0.354600745090687     
  0.321997355539398     
  0.283019015195313     
  0.332365921771000     
  0.351143202583388     
  0.420038338664536     
  0.354001261468690     
  0.327277267168718     
  0.417766304636786     
  0.358663095498391     
  0.351829565435327     
  0.383774838514050     
  0.284658168974375     
  0.330972812624304     
  0.359997810132693     
  0.375990239899777     
  0.360885380408486     
  0.343651727740673     
  0.337711502624969     
  0.373056997745431     
  0.399135597771341     
  0.509437457164721     
  0.332967458560885     
  0.325498345158086     
  0.314482205450259     
  0.440651230956198     
  0.374673401230427     
  0.282385105872201     
  0.366967044552204     
  0.398734604662424     
  0.350226827654158     
  0.373713875660642     
  0.316249468404390     
  0.321093066858979     
  0.324074316409571     
  0.308820776939419     
  0.425411673621019     
  0.363053050040706     
  0.368511375172123     
  0.336672771715190     
  0.348054188804635     
  0.336155881107099     
  0.348795779642150     
  0.358868918518222     
  0.381713070261129     
  0.249186131022903     
  0.381682834779246     
  0.347514257551127     
  0.309392404867455     
  0.397821452533154     
  0.284422748904514     
  0.325692539513203     
  0.373613616676880     
  0.349162601519293     
  0.405785292555696     
  0.336296486871955     
  0.370384678688099     
  0.341245649772248     
  0.320964198553821     
  0.393504161927626     
  0.367139322964404     
  0.336166570818761     
  0.345937291788701     
  0.331513734573495     
  0.418692225657940     
  0.376968253691398     
  0.445754975974628     
  0.298898739790982     
  0.331896080382809     
  0.307459996461867     
  0.287663504791109     
  0.295203680079618     
  0.353678952149362     
  0.481370893908450     
  0.300148753579051     
  0.339462897080129     
  0.405911219822707     
  0.373450566237597     
  0.346269368377262     
  0.369528548742131     
  0.336623876894611     
  0.384977222724031     
  0.362659090392506     
  0.322720461315317     
  0.371893313690969     
  0.425110158974755     
  0.313150685156771     
  0.301239237273593     
  0.274782083935553     
  0.346154985437679     
  0.374863018926353     
  0.346706146306893     
  0.346324125668109     
  0.260803074860048     
  0.387042742969836     
  0.368462645761132     
  0.385950027017407     
  0.306295298818616     
  0.371349973422199     
  0.384867917850769     
  0.326529637352441     
  0.321409955671069     
  0.410940023366188     
  0.449139463108238     
  0.293414136173734     
  0.383604127466068     
  0.329440957933811     
  0.281729650100792     
  0.385090430003518     
  0.393176908395630     
  0.402683948716136     
  0.323240518253344     
  0.381423501910319     
  0.343930612054554     
  0.339155282194218     
  0.446749687383646     
  0.286523683690995     
  0.313803175807373     
  0.310277466170653     
  0.371386138999690     
  0.428917203622885     
  0.428238806807258     
  0.302849334117310     
  0.305578043592456     
  0.400070784034369     
  0.372253190719630     
  0.346599166139228     
  0.351122856786921     
  0.438523386873126     
  0.369485782498796     
  0.351974223000356     
  0.351966825917319     
  0.304673866747720     
  0.328884168058743     
  0.358566060756851     
  0.432813575583911     
  0.326015851878884     
  0.386524576196153     
  0.494298511053262     
  0.293936616509187     
  0.311551205883890     
  0.364625174234523     
  0.418611037897108     
  0.394247679360064     
  0.319193177329422     
  0.385309461682302     
  0.277753017631118     
  0.301176273310981     
  0.393299833937034     
  0.314764828544337     
  0.335801898305400     
  0.288354089131513     
  0.424007964896321     
  0.321677893537301     
  0.434805447327163     
  0.444395321308383     
  0.299495440083037     
  0.298137764107868     
  0.348887370055630     
  0.396827949662331     
  0.312765037456724     
  0.321334544683846     
  0.385896316767405     
  0.398739784376667     
  0.317994137114652     
  0.315533799544259     
  0.365453282807725     
  0.325139346057882     
  0.426405644917989     
  0.319161225014304     
  0.354790062279633     
  0.324456874066635     
  0.337164177310873     
  0.330311488697126     
  0.294612470477954     
  0.436455840652675     
  0.437516627084305     
  0.386579600158467     
  0.330036458025864     
  0.311517993138130     
  0.332387267668691     
  0.336014012158468     
  0.329015012165441     
  0.362099867913585     
  0.334998849402114     
  0.323805881117589     
  0.276025625985379     
  0.346651678834963     
  0.295907471071325     
  0.321742226495489     
  0.367879074225452     
  0.377374686663685     
  0.409458492089749     
  0.441306022916805     
  0.286594657136286     
  0.364656598360463     
  0.375276752794155     
  0.340074554923142     
  0.344930792794529     
  0.350490598940491     
  0.289782218630600     
  0.336988676270440     
  0.353149107045552     
  0.367843608631093     
  0.497274954300598     
  0.282083028450691     
  0.294286205900149     
  0.403335504580705     
  0.346209933904606     
  0.332803243435637     
  0.337667964533292     
  0.394160161578267     
  0.320464690728854     
  0.307346903469142     
  0.379928460934619     
  0.331402059625192     
  0.339218567507285     
  0.358538535791892     
  0.341617662326747     
  0.413676829943616     
  0.269675576255381     
  0.298968235685651     
  0.353386177685220     
  0.313136345676584     
  0.304542145704481     
  0.384638437157882     
  0.385147227006482     
  0.388557264602832     
  0.316292336417740     
  0.284120560562698     
  0.362994398081492     
  0.333905037947894     
  0.342188072771201     
  0.319444330190738     
  0.270412983874517     
  0.333546273174013     
  0.321042749271914     
  0.359736239783179     
  0.377321009277846     
  0.320028394521544     
  0.391766171245150     
  0.349875220784757     
  0.491636704083577     
  0.354335677388644     
  0.369811596825937     
  0.368146662327200     
  0.341074195816450     
  0.268438845148066     
  0.359549599136226     
  0.322048971906732     
  0.345339725993314     
  0.240280043862497     
  0.299073753840147     
  0.339870237911489     
  0.330228156453679     
  0.357344675992986     
  0.285580438059093     
  0.393146243116905     
  0.351953408789506     
  0.360437230712918     
  0.395695777721877     
  0.483272649837984     
  0.347652791054870     
  0.368739706505740     
  0.368919732297047     
  0.372530265424043     
  0.309660370020933     
  0.300944509761348     
  0.329271408157044     
  0.482511289270742     
  0.312374276745724     
  0.299224780593239     
  0.457244046277003     
  0.351076619397567     
  0.346784921018858     
  0.363503314069353     
  0.377080028933652     
  0.362569788399253     
  0.357019633274114     
  0.335654972898353     
  0.303594865896130     
  0.325563161606662     
  0.292929377179746     
  0.399106138376924     
  0.406232212893815     
  0.270242694849628     
  0.268866402499775     
  0.325642493818844     
  0.290205924375035     
  0.288045638057576     
  0.329785710936149     
  0.368633700306333     
  0.346095214867740     
  0.274761927169708     
  0.302759469678966     
  0.351312198595949     
  0.329917236190698     
  0.387134163274674     
  0.311901923144188     
  0.320525617359268     
  0.360864612421615     
  0.373384815044328     
  0.356681064782581     
  0.354447197735742     
  0.383344900226737     
  0.350287630003966     
  0.288741786409357     
  0.328082589173044     
  0.301753082310319     
  0.303254690835961     
  0.291056236481701     
  0.413869444009390     
  0.321014351988011     
  0.351527961072204     
  0.357128158288879     
  0.414302594743870     
  0.272029280846397     
  0.343520565323503     
  0.432978477609818     
  0.350018553314902     
  0.305166048616891     
  0.325260371957351     
  0.335521240738044     
  0.301513675356472     
  0.257768781697644     
  0.389420690686836     
  0.370005526379482     
  0.331718559656772     
  0.400471462786029     
  0.266512152773192     
  0.337186240524556     
  0.390137978219304     
  0.370079795822451     
  0.417969214950546     
  0.380713065698586     
  0.304078903814488     
  0.451964344029386     
  0.321986760691560     
  0.325079417408747     
  0.336835446994466     
  0.288559598195605     
  0.295334408829373     
  0.387473886797493     
  0.319118652819262     
  0.398288287942475     
  0.350100658383196     
  0.265358850581724     
  0.379000780844385     
  0.344310716084504     
  0.418442232759600     
  0.378466337701007     
  0.288939269277308     
  0.337996012931580     
  0.348504133560932     
  0.320565775617776     
  0.328166083897710     
  0.312119522646582     
  0.270717089684681     
  0.346792769921446     
  0.349965799984818     
  0.328033783436448     
  0.303658084078023     
  0.362699300378671     
  0.310808209668757     
  0.275360808076306     
  0.415158682037818     
  0.321731487584131     
  0.306039545021446     
  0.348769829966478     
  0.332199720798941     
  0.314831749852998     
  0.380546083278076     
  0.269899715907920     
  0.390582277871939     
  0.288427322971427     
  0.335858820825746     
  0.335938792922833     
  0.399609409034367     
  0.277591644867330     
  0.369798012721639     
  0.385690357105453     
  0.315088574293597     
  0.330336396927899     
  0.354011067604190     
  0.378827783498489     
  0.303975138603805     
  0.339950876963418     
  0.343352040067425     
  0.325870367425991     
  0.423588607952645     
  0.309517808353910     
  0.289430717556101     
  0.394521652783430     
  0.305230783947496     
  0.430781045787385     
  0.318713476818939     
  0.304015843851764     
  0.390242574328478     
  0.357413379386576     
  0.334256667408556     
  0.301386959267975     
  0.365906287173194     
  0.335496713289225     
  0.284761958709306     
  0.277090314449710     
  0.399094149620320     
  0.276561842893878     
  0.312998509905635     
  0.390931288263873     
  0.362034330433451     
  0.288809275839497     
  0.257175028326097     
  0.378777002119008     
  0.438700074089168     
  0.308279123874769     
  0.354448698128036     
  0.313772357188563     
  0.352369620859544     
  0.332767600781299     
  0.289473915045293     
  0.264756714646188     
  0.364020024435434     
  0.305700856048292     
  0.417602591425017     
  0.359189752697960     
  0.357232634773910     
  0.376158419348306     
  0.433950844221189     
  0.327624435182978     
  0.349808432412538     
  0.289554147899539     
  0.291813934050352     
  0.374377003096090     
  0.340311027177422     
  0.315697803252076     
  0.345218513246196     
  0.344008362359812     
  0.336184368590328     
  0.373880505890855     
  0.343274231837704     
  0.348040286587369     
  0.374962326027703     
  0.311119467614794     
  0.266736297988211     
  0.349626042232640     
  0.300840832638823     
  0.374784240280032     
  0.284339364366857     
  0.374199798290089     
  0.330525020949175     
  0.315840219354103     
  0.338168761987314     
  0.289523073699489     
  0.390891302935677     
  0.262067518999414     
  0.340609236034065     
  0.347779094468673     
  0.281239228136952     
  0.299823639780857     
  0.325794035748078     
  0.397082228889409     
  0.360115630720754     
  0.345965213278930     
  0.328261200522408     
  0.298697970372422     
  0.324034780905879     
  0.387969003074645     
  0.417005243361017     
  0.373447157632158     
  0.339010018340178     
  0.266188144429296     
  0.386530204287070     
  0.309296420966332     
  0.423531886327714     
  0.329103774760189     
  0.324379798515624     
  0.500397662771454     
  0.338792346340897     
  0.286513971822798     
  0.283128721463847     
  0.290797673044827     
  0.278953350371344     
  0.356776303398021     
  0.373612536844638     
  0.322558945195237     
  0.343722468559900     
  0.405241008694933     
  0.300939599901848     
  0.371875412990041     
  0.322931627964043     
  0.339728263288279     
  0.367737824822207     
  0.327557831262039     
  0.401745577451221     
  0.380450925649112     
  0.275065627422177     
  0.323696193695934     
  0.389217636996520     
  0.357351181944234     
  0.394740647324002     
  0.391977421015514     
  0.340977723026887     
  0.350323098737891     
  0.304733152528975     
  0.389611210815588     
  0.352311912141221     
  0.323260670010416     
  0.392937543569057     
  0.348770813275380     
  0.316848345143373     
  0.307327361559422     
  0.361586872392935     
  0.307654336830793     
  0.273411289558894     
  0.285153144556719     
  0.391869149454365     
  0.341179421085527     
  0.419791621408743     
  0.374188323979717     
  0.272392660115961     
  0.313484546367396     
  0.343876410744445     
  0.343096451846906     
  0.310914487494522     
  0.267925098642421     
  0.380679339407304     
  0.299265546057829     
  0.278770986883907     
  0.343190933694905     
  0.377906789355666     
  0.325537060344846     
  0.381398159452440     
  0.311113099722342     
  0.390058725510626     
  0.394399280733513     
  0.347971676933442     
  0.292583360072890     
  0.353740761577156     
  0.407624046263063     
  0.319650052156202     
  0.386597348129483     
  0.356667089135422     
  0.324948647022086     
  0.345375147175812     
  0.363823182799772     
  0.389449088076301     
  0.406370684941199     
  0.334232202135184     
  0.302620572159780     
  0.348352450627770     
  0.346346463742621     
  0.355548763703534     
  0.366484608323909     
  0.382124623866774     
  0.364218706380598     
  0.409155934595967     
  0.309007658867697     
  0.378673576940786     
  0.310631984214640     
  0.385479426591598     
  0.376446281366687     
  0.381571444382546     
  0.340141861066265     
  0.380848517486404     
  0.536404133547824     
  0.402650203984760     
  0.304728492255006     
  0.346580270364011     
  0.432790872885349     
  0.381216586519035     
  0.347347301803398     
  0.346108625148456     
  0.419449398484366     
  0.365881977729006     
  0.376908577278091     
  0.355407399975350     
  0.293653962461184     
  0.404051731285797     
  0.303872831781444     
  0.276258808401444     
  0.403411542084457     
  0.316751321809569     
  0.354031124542409     
  0.346981911274702     
  0.378518155674373     
  0.312703215945424     
  0.394351907352965     
  0.379325854510147     
  0.287877731065178     
  0.398935486096591     
  0.370114201632226     
  0.324300256877335     
  0.321835478278654     
  0.325943646432419     
  0.299941251377906     
  0.353424935306513     
  0.376968075216227     
  0.343175071500668     
  0.368117699554162     
  0.300008135713704     
  0.317844458120753     
  0.349182845212714     
  0.415522022957413     
  0.358212451619362     
  0.320923080305563     
  0.357734303255475     
  0.340123082595734     
  0.279892595589490     
  0.306626627889451     
  0.302008588808181     
  0.360045927814652     
  0.403590066853579     
  0.326504107859121     
  0.360434083157823     
  0.313557169959766     
  0.344521021007967     
  0.390723765949536     
  0.274899885976235     
  0.333363870375281     
  0.363539217663347     
  0.301732955195483     
  0.346841600306186     
  0.299271828982318     
  0.326769706621653     
  0.443677260867411     
  0.300780590649638     
  0.396924440012888     
  0.357941786868820     
  0.339021375460782     
  0.306088990164346     
  0.398650200580383     
  0.353510828735707     
  0.349173776918769     
  0.407273634540990     
  0.378040783250317     
  0.333895359450024     
  0.322459312121849     
  0.350801976692352     
  0.298107694800068     
