  0.316938069073605     
  0.315360467243449     
  0.315121236686759     
  0.316960760828992     
  0.315954105911730     
  0.316782742711902     
  0.315471798651944     
  0.316821621424235     
  0.315752288194747     
  0.316350261104325     
  0.317698968226287     
  0.314302593299411     
  0.315730061234137     
  0.318144540125063     
  0.316066621670685     
  0.315302690268055     
  0.315776474879523     
  0.316830899332960     
  0.316466039935739     
  0.318188432343662     
  0.317803154490695     
  0.317300030251242     
  0.316497461914804     
  0.314747068296254     
  0.318978541120781     
  0.317219427197446     
  0.317306298096317     
  0.312655735197367     
  0.315938104143358     
  0.317756323653803     
  0.317805308438237     
  0.315417803693202     
  0.315665514362302     
  0.314212140488686     
  0.315947296783927     
  0.316778426855030     
  0.314953956931395     
  0.313489677496997     
  0.314451170697129     
  0.318850796404120     
  0.316390822870511     
  0.314488530854416     
  0.316838597060418     
  0.316935143044472     
  0.316107898277694     
  0.315013223669497     
  0.317652668667629     
  0.316406282838378     
  0.314344275725285     
  0.313120109142092     
  0.318094848699226     
  0.316146733781400     
  0.317886522182152     
  0.316172043840419     
  0.318509496176038     
  0.317417208559720     
  0.317288373891270     
  0.317998000598492     
  0.318150794695030     
  0.317396971232923     
  0.317971579162825     
  0.318394624224257     
  0.319810650103913     
  0.317312839515473     
  0.316255787874688     
  0.314296805842236     
  0.318430549317484     
  0.315491781177449     
  0.312891475062294     
  0.314667752045110     
  0.314509339403176     
  0.315445537826307     
  0.315641099955845     
  0.317293984444650     
  0.317010883024144     
  0.316096475468469     
  0.315079436292504     
  0.315500706034448     
  0.317679951514419     
  0.315756219143952     
  0.319195041892779     
  0.319790427847451     
  0.312362858846729     
  0.315349803172533     
  0.315346139583308     
  0.316700968194347     
  0.315071505001766     
  0.314182799942650     
  0.318919837859603     
  0.318109032302115     
  0.314244072403974     
  0.314243624255915     
  0.316451284681071     
  0.317656374751333     
  0.313765275804362     
  0.316797046552849     
  0.316387414991844     
  0.318171519489833     
  0.321115431906369     
  0.315398338682504     
  0.318683742768691     
  0.314676000525378     
  0.315972896257581     
  0.315007725378791     
  0.320019273663016     
  0.319202956000517     
  0.316444528464874     
  0.315084271331703     
  0.314743466127915     
  0.316026181715518     
  0.318220526382002     
  0.317281349537305     
  0.317098546066257     
  0.316125193670283     
  0.313413170375281     
  0.313855122106503     
  0.318869897343035     
  0.316816286885770     
  0.315303248923623     
  0.314977513876635     
  0.316544385362597     
  0.314809687763717     
  0.314035846655034     
  0.315409764982890     
  0.316073927303725     
  0.315268747465672     
  0.318135080798806     
  0.317408829343989     
  0.315909325758120     
  0.316630605995670     
  0.315196263094340     
  0.317101000062633     
  0.319451145529952     
  0.314434714626658     
  0.315946543343713     
  0.318413948221431     
  0.317342275584580     
  0.315900639898404     
  0.313712301118839     
  0.314641244015876     
  0.315292536594347     
  0.315547840492509     
  0.317628081919743     
  0.316057802083840     
  0.316510994593622     
  0.317533224327781     
  0.315686134787142     
  0.316658119891704     
  0.315149951983245     
  0.313748207450852     
  0.314658864628402     
  0.315614578226259     
  0.319133982113647     
  0.315769151015101     
  0.315683182342981     
  0.320476833467353     
  0.316839128571393     
  0.316047494308214     
  0.314408846429039     
  0.314801265947314     
  0.313465683293617     
  0.313022371789828     
  0.314243356764251     
  0.316362116140702     
  0.316594859959354     
  0.318793095627562     
  0.317233139783774     
  0.317143940711415     
  0.314392648254221     
  0.317529319696215     
  0.316973877112991     
  0.316335096044143     
  0.316244179999127     
  0.316233847865236     
  0.314452323848736     
  0.316690911725811     
  0.318125159295976     
  0.313986963679223     
  0.314333085117876     
  0.317920608837392     
  0.316465807416201     
  0.314753191509313     
  0.318765505001960     
  0.315993256528286     
  0.314334022588315     
  0.318278945117833     
  0.319217119573393     
  0.314405569529556     
  0.314194301999674     
  0.317156525289472     
  0.315910282480964     
  0.320116486788559     
  0.317854934865510     
  0.315400199544583     
  0.318164808204148     
  0.316077711718365     
  0.314121769536227     
  0.315084221688509     
  0.317805453771295     
  0.319329702863627     
  0.318690839222491     
  0.317673037143170     
  0.318515490841957     
  0.313428934188371     
  0.317266815295862     
  0.317798856392727     
  0.319842807317401     
  0.316587038318324     
  0.317285839691525     
  0.316980016428400     
  0.316581011913873     
  0.316883049082863     
  0.313777850017595     
  0.318282511765398     
  0.315953254963475     
  0.315768019837520     
  0.314370061815259     
  0.318282411717339     
  0.313724441828812     
  0.316024856681433     
  0.314741074862233     
  0.319320166847206     
  0.315148520291489     
  0.315899274603621     
  0.318478427800459     
  0.315075926963641     
  0.320684805927921     
  0.318125675532955     
  0.314541803112653     
  0.313274476902902     
  0.317435056786768     
  0.317847156667002     
  0.318975410573835     
  0.316428929713194     
  0.315451353500253     
  0.313990990074711     
  0.313322478950696     
  0.315266655430231     
  0.315691132011532     
  0.318808100184343     
  0.318602527462518     
  0.316295216185894     
  0.316839869421306     
  0.314801944853671     
  0.314926856450078     
  0.318958024819914     
  0.316450789076876     
  0.316660336658446     
  0.317319173862680     
  0.314607250893096     
  0.312787554907715     
  0.314174411932824     
  0.315452417387999     
  0.314357295734956     
  0.314328410559839     
  0.317542957471648     
  0.317732497784751     
  0.318404419668654     
  0.315977823248597     
  0.314965413473527     
  0.314701219019768     
  0.315508381065721     
  0.316151210659511     
  0.315074010872199     
  0.318650791601785     
  0.316319777015341     
  0.317153334892279     
  0.317158327166126     
  0.318646677231303     
  0.317348010874131     
  0.316076842641647     
  0.316268090631695     
  0.316849668806337     
  0.315678681070603     
  0.314620327738890     
  0.315235454830286     
  0.317181355024246     
  0.317307476217295     
  0.314917356228355     
  0.316357399991852     
  0.314654574540115     
  0.316177728572040     
  0.314886238811160     
  0.316518340987483     
  0.319062192431555     
  0.315376832608090     
  0.319020047427255     
  0.314632160310012     
  0.317157410694994     
  0.317601655215876     
  0.316468152723400     
  0.316559045134702     
  0.318240136840321     
  0.319340909937973     
  0.316824417721361     
  0.316241165880113     
  0.317546290663345     
  0.316400894598767     
  0.318956053399429     
  0.314934571366557     
  0.318404771879619     
  0.316112749391948     
  0.315148914914736     
  0.316309415981256     
  0.315279874084388     
  0.314537881912276     
  0.317674943216569     
  0.314597334949708     
  0.315525840266270     
  0.313965807351679     
  0.318302914158745     
  0.313356891600627     
  0.311116217476362     
  0.316537108105916     
  0.314951594833562     
  0.317008962784260     
  0.318898921497484     
  0.313224626334850     
  0.316815260869500     
  0.316148486854383     
  0.316786495136998     
  0.312832110361238     
  0.316006144145313     
  0.318512553755842     
  0.315544105901935     
  0.314323540064409     
  0.315601730918564     
  0.314963547574057     
  0.316265201809315     
  0.316714603482114     
  0.315641547103952     
  0.317154937283552     
  0.317328690625007     
  0.321160586765158     
  0.314772174480149     
  0.321096475071239     
  0.318889446171852     
  0.316261107253599     
  0.313226769740497     
  0.318742954868830     
  0.316544473011708     
  0.315404792732382     
  0.317976031898875     
  0.314880269151117     
  0.315983630278714     
  0.314405546699482     
  0.316248564095909     
  0.317432263081148     
  0.317935678580877     
  0.316350439771775     
  0.315280239303522     
  0.317175854434588     
  0.316679192544823     
  0.314904256442360     
  0.316450946132392     
  0.321023304768385     
  0.315958803600952     
  0.315804042259083     
  0.313730861774604     
  0.315661289850861     
  0.317261142026725     
  0.316241729384171     
  0.317483074088558     
  0.315140382155264     
  0.318127696840363     
  0.314286870325405     
  0.318670197854515     
  0.315813839781652     
  0.317247949349459     
  0.318124595357315     
  0.314996965898268     
  0.312322002372981     
  0.317457066623094     
  0.316929619545011     
  0.315500453968950     
  0.318240606935445     
  0.314646453699906     
  0.314303149475554     
  0.316563624925231     
  0.315361500779731     
  0.315287891172217     
  0.315186130695608     
  0.319208782621858     
  0.315415989130189     
  0.313805527329533     
  0.312351472563660     
  0.318087072327063     
  0.312529533899178     
  0.316586712461414     
  0.315807937396167     
  0.313511123668913     
  0.316556133793225     
  0.316694297828374     
  0.319212351366979     
  0.319647608495095     
  0.316674103973953     
  0.314329686876362     
  0.319293604812668     
  0.317500688968447     
  0.318017432542402     
  0.316367127376488     
  0.314720823770178     
  0.317987090935746     
  0.314788193789644     
  0.315365536925085     
  0.316659743930900     
  0.317003503858041     
  0.315466746321619     
  0.319241168313971     
  0.317584030819225     
  0.315970449704066     
  0.316806818114266     
  0.317397305304563     
  0.317541552282867     
  0.318907821373469     
  0.317321288758462     
  0.318055321025711     
  0.317679485206233     
  0.317391549631834     
  0.315093771110892     
  0.318034155730872     
  0.316549758955271     
  0.317883593046082     
  0.317220208403810     
  0.313901380322542     
  0.314841731426534     
  0.317723968939063     
  0.319614933752590     
  0.317210035239463     
  0.315802779170194     
  0.316782178039412     
  0.317314219928648     
  0.314783110331359     
  0.316250880372581     
  0.316045634720338     
  0.317979290407803     
  0.312364702215432     
  0.312889028026356     
  0.315237418733114     
  0.315735190324541     
  0.316461115533574     
  0.317321336414341     
  0.315664113820487     
  0.318771294592276     
  0.317972210968979     
  0.317136311732062     
  0.316303710374235     
  0.317104010581282     
  0.316218772013402     
  0.314700046671116     
  0.315189197374545     
  0.313820523250381     
  0.313514004705164     
  0.317403744481887     
  0.316477048251514     
  0.315423189435191     
  0.318011867717518     
  0.315458095527716     
  0.316964965855901     
  0.315470877500616     
  0.317213467472880     
  0.318312599373163     
  0.315370588001430     
  0.316268326468010     
  0.319667777841803     
  0.315583144949165     
  0.315875733520080     
  0.315846191928802     
  0.315576189916859     
  0.315723976740101     
  0.317994846762012     
  0.319952370850536     
  0.316105035200857     
  0.314544096686545     
  0.315756367482085     
  0.314494268642928     
  0.315638541068736     
  0.315408987846516     
  0.319003269029687     
  0.315594121803500     
  0.314452329681002     
  0.315334761931738     
  0.314375622680068     
  0.314408254878664     
  0.316214018583517     
  0.315393850237927     
  0.320042581753772     
  0.315933793570073     
  0.318760321581567     
  0.319165005255624     
  0.314275024427386     
  0.314307737145308     
  0.315099445736885     
  0.313580193946848     
  0.315218375086950     
  0.316257151154284     
  0.317309550087432     
  0.318108553674442     
  0.315436330908298     
  0.316489597592038     
  0.318353209796418     
  0.313345174051593     
  0.317375816680619     
  0.316789531604491     
  0.313025329958284     
  0.318835956983099     
  0.317534289720998     
  0.314761907309646     
  0.314782300710003     
  0.315737064045111     
  0.319173272861070     
  0.318557355580827     
  0.317600007401490     
  0.317676175702093     
  0.315038228226066     
  0.314467654946605     
  0.320390784009963     
  0.314502865289362     
  0.313151094988758     
  0.315262212065722     
  0.315384672328807     
  0.317378877629281     
  0.316612297150066     
  0.312813177448353     
  0.316821973226104     
  0.315786078408171     
  0.316006217264371     
  0.313797965506809     
  0.317369397382857     
  0.317904486589150     
  0.315896362821851     
  0.317656459770155     
  0.315814864480106     
  0.316944379463965     
  0.316492836859033     
  0.315478326981454     
  0.315939671073773     
  0.315680399270065     
  0.314270121449695     
  0.319261640011935     
  0.315910791172558     
  0.317017964968708     
  0.315065327425657     
  0.318943279411011     
  0.315408489401425     
  0.316921158584576     
  0.314645912183804     
  0.315629347651257     
  0.314488492568028     
  0.315616880297235     
  0.315988955546530     
  0.316560184684870     
  0.313926595638291     
  0.317285503702431     
  0.316821873097806     
  0.314046490163821     
  0.314256730176648     
  0.316743245406177     
  0.314989652478187     
  0.315960889038665     
  0.318128420315879     
  0.316495142827901     
  0.314886405761112     
  0.317869062364697     
  0.313283503899682     
  0.314634403168430     
  0.316613510679692     
  0.315810861263766     
  0.315535459062260     
  0.315614007438874     
  0.318376197584382     
  0.316874331328104     
  0.316490985971304     
  0.317104017622291     
  0.316936581725865     
  0.317613721152098     
  0.318280216106713     
  0.315744650850331     
  0.316059094577585     
  0.314316788718142     
  0.314548145643330     
  0.317512385446143     
  0.317244520847527     
  0.319247843394945     
  0.313951535426313     
  0.312757921431501     
  0.315994175938572     
  0.315689199145815     
  0.316375135166574     
  0.316116334470319     
  0.315095583439059     
  0.317140606693996     
  0.315793823902865     
  0.318201408186513     
  0.318642955598713     
  0.314800293352505     
  0.313977034883731     
  0.313277956452277     
  0.317853188307937     
  0.317378860024860     
  0.315664390039968     
  0.314086050176367     
  0.318142539382925     
  0.317839043992234     
  0.315273390229788     
  0.316249014032911     
  0.319480232867605     
  0.318297948131627     
  0.316279746961020     
  0.313465642438340     
  0.319751741406588     
  0.313292010066979     
  0.314999860173311     
  0.315547807223221     
  0.317555717197710     
  0.317861625683480     
  0.318855194420632     
  0.321499713534845     
  0.319416670540676     
  0.314514155953853     
  0.317224770595878     
  0.318722475536497     
  0.314473416142530     
  0.315360639202504     
  0.317512190176351     
  0.317721697772101     
  0.315728806021454     
  0.319806835285150     
  0.317936353918771     
  0.315792872317086     
  0.315566137654903     
  0.315764709164921     
  0.314897567450400     
  0.317814281296625     
  0.314816778038312     
  0.312674079908224     
  0.314881083336621     
  0.316583481542504     
  0.315988564732829     
  0.317306541116509     
  0.318810055529259     
  0.316687126131026     
  0.316842126003094     
  0.314904655032681     
  0.314544833757634     
  0.317354709850578     
  0.316093540243069     
  0.313955250926309     
  0.316750247645124     
  0.315369250095794     
  0.314453288644163     
  0.317591734516467     
  0.315122069685003     
  0.314147955889077     
  0.318557046034885     
  0.317628004869533     
  0.319775832842963     
  0.318508385280677     
  0.316683431064748     
  0.318614538995314     
  0.312665615871633     
  0.316139786893686     
  0.315032404671455     
  0.316287005491787     
  0.316891851745750     
  0.315842659560338     
  0.315040860413612     
  0.317051139030313     
  0.316830551675523     
  0.317768361534968     
  0.316873039175734     
  0.316494970203245     
  0.315606866607588     
  0.316582881662965     
  0.315734911798765     
  0.317616582232901     
  0.318744187578376     
  0.315050638823773     
  0.318300070254249     
  0.313440648906187     
  0.313902375835552     
  0.316850450402000     
  0.315436826616661     
  0.315232261681905     
  0.313815973279068     
  0.315190350655731     
  0.319195091262642     
  0.315325038734159     
  0.317068808960240     
  0.315651788958718     
  0.313441693069373     
  0.314848189057479     
  0.315892246595389     
  0.320186553310291     
  0.312884754081817     
  0.315791419581239     
  0.315927223899667     
  0.316370338753857     
  0.319318414822678     
  0.319187636887925     
  0.317378131726153     
  0.314594786574443     
  0.316817132017812     
  0.319507352675364     
  0.318410095177457     
  0.311873147921888     
  0.318131820488731     
  0.315254145717565     
  0.316472096445522     
  0.313598342070202     
  0.318004392107994     
  0.316013219280030     
  0.318046357851193     
  0.315801788964786     
  0.316579655283733     
  0.317649942356209     
  0.317142248623659     
  0.316708423124682     
  0.315037294868416     
  0.315155802261917     
  0.314592627731126     
  0.314610270723171     
  0.317322752518190     
  0.314421443519153     
  0.316886425339822     
  0.316641233838673     
  0.316153903278973     
  0.319092832298018     
  0.314784281508613     
  0.314973427870665     
  0.316553743701084     
  0.316133588765344     
  0.315848924467107     
  0.315866840231421     
  0.315389824595781     
  0.315424462747310     
  0.315563397387371     
  0.318124509010255     
  0.315440538692955     
  0.314160523736043     
  0.314816614806679     
  0.315573036839357     
  0.317206128832455     
  0.312564259724736     
  0.319074414439103     
  0.314105222933379     
  0.316815443997178     
  0.316978558335729     
  0.317776987853568     
  0.314563220122668     
  0.314867349267839     
  0.317967291115409     
  0.314800142443985     
  0.313855797408800     
  0.314423890714311     
  0.311670504097049     
  0.313904260044877     
  0.316044796768669     
  0.314913472072272     
  0.316457015879154     
  0.313045429640565     
  0.316264665103919     
  0.317045696192631     
  0.316642965065148     
  0.317761612871771     
  0.316465643710164     
  0.317374261417217     
  0.317719429369598     
  0.317196474073149     
  0.318564420965084     
  0.315979140244299     
  0.316119526701753     
  0.315491167366616     
  0.316793012120759     
  0.315737629316523     
  0.313480356294080     
  0.319562451323133     
  0.319560978948944     
  0.314951940907773     
  0.317442658458929     
  0.318008408994429     
  0.315444687640296     
  0.316503907993022     
  0.312278372078354     
  0.317546544680918     
  0.316872486722099     
  0.316647391825589     
  0.318331173559249     
  0.318157834876140     
  0.315929347931600     
  0.317084579135313     
  0.317558118651385     
  0.315349908144053     
  0.313931431431292     
  0.317400994000443     
  0.315229288704496     
  0.314231488837066     
  0.314575895282601     
  0.317240969160656     
  0.315965744366306     
  0.313979155329135     
  0.312698936253351     
  0.316095814157930     
  0.314205082493447     
  0.315965237787276     
  0.316389224838543     
  0.317579987394426     
  0.317595654189291     
  0.317642535947864     
  0.314405386374774     
  0.316707932363516     
  0.316030921099414     
  0.316533589299048     
  0.317857914392986     
  0.312791401978582     
  0.318269846543363     
  0.316457947784866     
  0.316736154766947     
  0.316151651451053     
  0.318987383169293     
  0.315757054397137     
  0.313862481112352     
  0.314459348553350     
  0.314679083433110     
  0.318222529021083     
  0.316513306626368     
  0.312593221727745     
  0.317193183183979     
  0.318095384306455     
  0.317020353638603     
  0.316476452129921     
  0.317158377839625     
  0.317097069354559     
  0.313671985085639     
  0.317756869048072     
  0.313168105518299     
  0.315835651924898     
  0.316928845434031     
  0.320637278342834     
  0.316200812897581     
  0.316749422847303     
  0.317578529275873     
  0.318166775820641     
  0.314816619531225     
  0.319921631817386     
  0.313635485760868     
  0.316296736830569     
  0.316915667075896     
  0.320555622080023     
  0.315613871129374     
  0.318386028226744     
  0.319346166290769     
  0.314102520608433     
  0.314860999438705     
  0.317226997229264     
  0.316187788477520     
  0.313092371205435     
  0.315572666961300     
  0.313949797878281     
  0.314967053102607     
  0.314220182538283     
  0.320286400824362     
  0.317151112478645     
  0.317503576835544     
  0.318252210652352     
  0.315413283246345     
  0.317417609174408     
  0.317863659170522     
  0.314284484194556     
  0.312960998167276     
  0.314964977270658     
  0.317579540287204     
  0.317745761907149     
  0.317228872592219     
  0.313156541121328     
  0.317138555243606     
  0.315937365355311     
  0.315872741255346     
  0.314518091659733     
  0.315352143503446     
  0.315743943349243     
  0.320705792509269     
  0.317979096407434     
  0.313621601955779     
  0.316405674671845     
  0.314229977805791     
  0.318096446386751     
  0.315544134243569     
  0.312860474545779     
  0.317404090175648     
  0.315480273571544     
  0.316145823587947     
  0.317719153452322     
  0.317000396241076     
  0.317883909746527     
  0.316253886346339     
  0.315602987982053     
  0.312897671629071     
  0.316645134827831     
  0.319384841870972     
  0.315687633988964     
  0.318155117193457     
  0.315773960116441     
  0.315713478100387     
  0.315751261081599     
  0.319952071401720     
  0.316853436009613     
  0.314417416314147     
  0.313753003751928     
  0.316531785188824     
  0.315047656661498     
  0.317083730677031     
  0.313842112009315     
  0.312375069512037     
  0.315562493810798     
  0.314356548341138     
  0.314756107965606     
  0.314786501113194     
  0.315676092248410     
  0.313797906323741     
  0.315880616502455     
  0.316737214108692     
  0.315918869637687     
  0.316567466574226     
  0.317737956639480     
  0.316532373046126     
  0.317047639676933     
  0.317369274926575     
  0.315552644370611     
  0.316249375824675     
  0.318380719734516     
  0.315676819971788     
  0.315249223019276     
  0.315370269681094     
  0.314252651150282     
  0.318188549810346     
  0.315229989484643     
  0.315018629622510     
  0.315871907391322     
  0.315617950237144     
  0.314448639702129     
  0.314753197685862     
  0.316151562675005     
  0.315271643345322     
  0.317248878643125     
  0.315081724673071     
  0.316713180830320     
  0.313864299714214     
  0.317120242906204     
  0.315082915936967     
  0.314263548079557     
  0.317050432963204     
  0.317164267039025     
  0.320166059932482     
  0.316001851431304     
  0.314027595239435     
  0.316606219551751     
  0.315756647702135     
  0.315786880371229     
  0.316305108843381     
  0.317913059582687     
  0.318424456348698     
  0.315540140502851     
  0.316836687908816     
  0.315601173983126     
  0.313540309895699     
  0.319077059248343     
  0.315315066928720     
  0.315620839030208     
  0.315426458244903     
  0.317044856468346     
  0.314651438560681     
  0.315489717303201     
  0.317234151479141     
  0.320098836009588     
  0.318381621118784     
  0.316953939045825     
  0.315706235575733     
  0.317330816426948     
  0.316048296401985     
  0.315545383981182     
  0.318704319453711     
  0.318074184178203     
  0.314136547424237     
  0.317603914942726     
  0.316052455273597     
  0.315314928105722     
  0.315014068131247     
  0.317334272616540     
  0.318382338586282     
  0.315080917024773     
  0.316838982676654     
  0.319039401751428     
  0.316824624637257     
  0.318779513098497     
  0.313929000541248     
  0.317672791176387     
  0.315915634046468     
  0.314686624775898     
  0.313994173018729     
  0.315161329506621     
  0.312964729329304     
  0.314258462686220     
  0.318158052519620     
  0.315263519042768     
  0.316488208858089     
  0.316226976539159     
  0.315698107613675     
  0.316572362491751     
  0.316278185839195     
  0.317521553177309     
  0.312914838343673     
  0.317065725653390     
  0.313764199558451     
  0.317596175082382     
  0.317181434863770     
  0.314816934827282     
  0.317734527587770     
  0.316088193340696     
  0.314857388909967     
  0.315844351691697     
  0.316565151836983     
  0.316726634146653     
  0.313796056040331     
  0.314352465181429     
  0.313847440060980     
  0.313905564854086     
  0.313366264153711     
  0.314367483382169     
  0.315500432216511     
  0.316941645161785     
  0.312547181696127     
  0.312865882433421     
  0.312826060569865     
  0.314681046153122     
  0.316767344071048     
  0.317029069249809     
  0.313801138353424     
  0.318572872244443     
  0.317519574512483     
  0.315542403790091     
  0.315307351390239     
  0.316084380857406     
  0.315991475652951     
  0.316833666711199     
  0.313864083006734     
  0.317251944267053     
  0.316369945850778     
  0.315558136511160     
  0.313033363054835     
  0.315675288274029     
  0.315949847240304     
  0.315123508610519     
  0.315789550898236     
  0.316248151085131     
  0.320475566900539     
  0.317441914168164     
  0.317619210235769     
  0.316647304880128     
  0.317138218252369     
  0.315464299117580     
  0.315880635018919     
  0.318665178818981     
  0.319705836088151     
  0.314244859720716     
  0.311228946452142     
  0.318041624893195     
  0.318500874823067     
  0.312434411756953     
  0.315891451096260     
  0.316521323450131     
  0.316986470008488     
  0.316452476093256     
  0.316151525373762     
  0.315424340708110     
  0.314006074836796     
  0.312314844637978     
  0.314813541648556     
  0.313907362245390     
  0.314710818524231     
  0.316066461070010     
  0.318604196110138     
  0.316496206310288     
  0.313924276850665     
  0.314919820625892     
  0.315079106725970     
  0.316748719151657     
  0.316524524960538     
  0.316545174307962     
  0.318886263690601     
  0.315184790561816     
  0.315791206035532     
  0.314688657138331     
  0.311959859734729     
  0.317339904129564     
  0.316030285821239     
  0.315950578941888     
  0.316280279098712     
  0.316754883827023     
  0.314436648168874     
  0.317171488901106     
  0.315204550689725     
  0.314932576370461     
  0.316877346423204     
  0.318140007253450     
  0.313973671017354     
  0.314701398590234     
  0.315654758458033     
  0.315912049975134     
  0.315950165101703     
  0.317394249573154     
  0.315632025552206     
  0.315633353978844     
  0.318549065419636     
  0.317562049055531     
  0.319610177774777     
  0.317602578741237     
  0.315591141284126     
  0.316497340750696     
  0.317044274700910     
  0.315680879465199     
  0.317150849368803     
  0.316514444221010     
  0.316146132170401     
  0.317997802668455     
  0.313359799830240     
  0.320059934953269     
  0.313727872542124     
  0.314315763926994     
  0.321293114323144     
  0.317554810379271     
  0.317874842182755     
  0.318907481569365     
  0.316851755553770     
  0.315231849422424     
  0.321323293830448     
  0.313778225318352     
  0.315908562153646     
  0.313499026246683     
  0.314792830543744     
  0.316139714104091     
  0.316940143413281     
  0.318129568822901     
  0.313985910050377     
  0.316564009811554     
  0.318007704672844     
  0.316515031310683     
  0.315024478645369     
  0.316169968905987     
  0.316358672824347     
  0.316090329211920     
  0.320570266698929     
  0.314008340368472     
  0.317500388305317     
  0.315454299569140     
  0.317060138327671     
  0.317931008214105     
  0.315432727307306     
  0.315607455459557     
  0.315276341016575     
  0.315275720193341     
  0.313109237941570     
  0.316345354530093     
  0.315366962777096     
  0.317624598214642     
  0.315390787687985     
  0.314283494568768     
  0.317168962317238     
  0.313181916070186     
  0.317803423917518     
  0.315591136811989     
  0.318548608820675     
  0.315457116633572     
  0.318116209219326     
  0.314920885779874     
  0.314425335564048     
  0.318965970457694     
  0.315840606109423     
  0.315369587544681     
  0.316151772301928     
  0.316436579406517     
  0.316371536408195     
  0.316858432324928     
  0.318109761542859     
  0.315747899056267     
  0.317447388123313     
  0.314292818594341     
  0.320266615651426     
  0.315414765812354     
  0.316878018613132     
  0.312548856495092     
  0.317863922898501     
  0.318967789553972     
  0.316210735219228     
  0.315601671675408     
  0.316204397865576     
  0.315778858158177     
  0.317216945484181     
  0.316615610432737     
  0.317415660914545     
  0.314099258020157     
  0.314911821019570     
  0.317515134170613     
  0.316296992834204     
  0.313489751847985     
  0.317699093652076     
  0.318133148683024     
  0.315907046933725     
  0.316201378101736     
  0.317111325763060     
  0.318479620430618     
  0.312909472620300     
  0.318430837861633     
  0.316781838759268     
  0.315502188015533     
  0.318297325267685     
  0.318251691902878     
  0.314653799419036     
  0.316562122692440     
  0.319940046459888     
  0.316524811164847     
  0.314642636693783     
  0.314673744553143     
  0.315922516428727     
  0.318702568609927     
  0.314092662670069     
  0.320759548471237     
  0.316630704318250     
  0.315083287873719     
  0.316070195393983     
  0.315829819273025     
  0.317400043401055     
  0.313949640901957     
  0.315560276532677     
  0.316173096511413     
  0.315670088947212     
  0.316736594848289     
  0.312445891743264     
  0.317047130746113     
  0.313640798508845     
  0.315079536775796     
  0.314908287061301     
  0.315538953030032     
  0.317528651393649     
  0.314881700477103     
  0.315935129232207     
  0.313742396520766     
  0.319207124787983     
  0.320416072954766     
  0.313946734367042     
  0.314216311373784     
  0.313343259433252     
  0.315185403425559     
  0.318119620813079     
  0.314538600508320     
  0.316955198342787     
  0.318523109378872     
  0.315978625358905     
  0.315895378182758     
  0.313997513530702     
  0.317216871062045     
  0.315475315392678     
  0.316624253382328     
  0.317490830534109     
  0.317754317588426     
  0.314425443836543     
  0.316601740130251     
  0.317251911373237     
  0.317064087910167     
  0.317808058625983     
  0.317657703768028     
  0.317081772169916     
  0.315715625053025     
  0.314617184474194     
  0.316339817500434     
  0.318545203731718     
  0.316487324938057     
  0.314138567101356     
  0.317663107773677     
  0.316471507711501     
  0.314824621954944     
  0.314149728186976     
  0.315660138881829     
  0.315624002913061     
  0.316345496638062     
  0.314799837002395     
  0.318111679026291     
  0.313025207051957     
  0.320474084483776     
  0.316391894139258     
  0.318515801708487     
  0.317109036669366     
  0.317250870105800     
  0.315509350794955     
  0.314916560271813     
  0.315105343068348     
  0.316040500588856     
  0.316076863849086     
  0.315889686623756     
  0.315529412519272     
  0.315484150833568     
  0.315181960995221     
  0.315451629060333     
  0.315589836671754     
  0.314914357640721     
  0.314285202101191     
  0.317275504107075     
  0.316184578691636     
  0.314537809210965     
  0.311862107235943     
  0.314874932411136     
  0.315929808907355     
  0.315561380335557     
  0.316170635171220     
  0.317874421211638     
  0.313281560998580     
  0.318712741344173     
  0.316881548072441     
  0.316414325986657     
  0.315562289355443     
  0.318448798607265     
  0.316117691359001     
  0.316195263412217     
  0.315510228957657     
  0.315288108332037     
  0.314283507313588     
  0.317660555708880     
  0.314574970109305     
  0.316026327271048     
  0.314758347042204     
  0.313847737691683     
  0.317923801942026     
  0.315293817166961     
  0.318935470811677     
  0.313573286536022     
  0.315944895424474     
  0.319316600437693     
  0.316557787434805     
  0.315786152794905     
  0.317595761112422     
  0.317544431862297     
  0.321348170084386     
  0.317400977993836     
  0.315652106623680     
  0.316950209012926     
  0.314259796569603     
  0.313433263652546     
  0.318989604847324     
  0.315065414847181     
  0.319737512254000     
  0.318216496509775     
  0.318018244234538     
  0.316227976763788     
  0.316562800812262     
  0.314852844031267     
  0.318987037677691     
  0.316942294520915     
  0.316807958667198     
  0.315517984794872     
  0.316307481379619     
  0.315465831061993     
  0.316970394985071     
  0.316076586899300     
  0.318368008181242     
  0.317829130346433     
  0.317833401617159     
  0.315086142248116     
  0.315033100548860     
  0.317320351689805     
  0.316722334915564     
  0.315380214540592     
  0.315873664269918     
  0.315386331738635     
  0.316698045706629     
  0.317176277938892     
  0.320320470830229     
  0.317347118190968     
  0.314130135913400     
  0.318268951132497     
  0.314068858700882     
  0.316047144189744     
  0.319006643822768     
  0.313361295506189     
  0.316659135468895     
  0.316099181883630     
  0.315392339949312     
  0.316762992280269     
  0.313500584468007     
  0.317200543007263     
  0.315119371520274     
  0.312656043755702     
  0.313184076634720     
  0.316322622018248     
  0.318365989333754     
  0.315203133883532     
  0.316786257633566     
  0.315993467035866     
  0.318407038292958     
  0.315888317254170     
  0.318604392032470     
  0.315297879992598     
  0.316201568540259     
  0.314822672770352     
  0.314671506840357     
  0.316301802733291     
  0.316242107417954     
  0.316960870733868     
  0.313704656151216     
  0.318573364883093     
  0.315674833058800     
  0.314773988525814     
  0.317605947350246     
  0.315368348648712     
  0.319204764178659     
  0.314265708497714     
  0.317732848743661     
  0.313404961423069     
  0.318564493782868     
  0.317089136124617     
  0.318375346612095     
  0.314561262291594     
  0.316408654825890     
  0.316988142208491     
  0.315019488194067     
  0.315473989361663     
  0.315748047665258     
  0.319354088584079     
  0.321235851341701     
  0.311824486302587     
  0.314967607526486     
  0.314304712240401     
  0.317412078570641     
  0.315372165260004     
  0.314547515092602     
  0.318657775654492     
  0.319180691693762     
  0.316467521836814     
  0.316967532876083     
  0.315481682033865     
  0.316236391671514     
  0.318055983600633     
  0.316704368180643     
  0.319080909574368     
  0.317742761850381     
  0.317193929519926     
  0.314115253178895     
  0.315339661618675     
  0.317344172166946     
  0.315129856812108     
  0.317170209758607     
  0.313361123254679     
  0.314081405422898     
  0.315397595322661     
  0.316975448519492     
  0.315656767882495     
  0.319000325579660     
  0.318001427659727     
  0.319364145523064     
  0.317599475710092     
  0.315082101778340     
  0.316265198498526     
  0.316773652721272     
  0.316793055593305     
  0.313407500263882     
  0.315945763299281     
  0.314616437636160     
  0.315034147836247     
  0.320183087912682     
  0.315713355983082     
  0.318572251351730     
  0.315981241018560     
  0.317210911003654     
  0.314806219405487     
  0.314724682052926     
  0.316899198512696     
  0.316765991001388     
  0.316096533466309     
  0.314858611030814     
  0.316744048413271     
  0.315628882028589     
  0.317907619214908     
  0.314844716190271     
  0.319435754754471     
  0.314106931608525     
  0.315221258702351     
  0.314817952280386     
  0.318419919276983     
  0.312974131661827     
  0.318104614494826     
  0.315197972795450     
  0.314162637501440     
  0.318560201393076     
  0.314558853257034     
  0.316178210069368     
  0.317079348236259     
  0.315922283924947     
  0.316742784119925     
  0.320411438183496     
  0.316927864453527     
  0.317019450041157     
  0.316146142656321     
  0.317790308738188     
  0.314681924962276     
  0.322691177552478     
  0.316598457407726     
  0.316784139381093     
  0.317564994009946     
  0.318099372901093     
  0.313734704468561     
  0.316879455838580     
  0.318755817412017     
  0.314026888312187     
  0.318707902041495     
  0.317407290899612     
  0.316639476862558     
  0.315806888635552     
  0.316782221985049     
  0.316577713806615     
  0.314081968139012     
  0.316357318493932     
  0.315739500614450     
  0.318446806126767     
  0.318298321995974     
  0.316370677002927     
  0.317755394315716     
  0.318742921402799     
  0.315075902365539     
  0.314591014415112     
  0.316507464492294     
  0.316383762986936     
  0.315521767619443     
  0.315999328274968     
  0.315536436656275     
  0.315260852973931     
  0.318011909323659     
  0.317247809763029     
  0.315972149072804     
  0.318661403943956     
  0.314878690332609     
  0.317797477381014     
  0.320293922429464     
  0.315271469742297     
  0.316173755796069     
  0.317209621910605     
  0.318148459632239     
  0.316179178917374     
  0.315025611067434     
  0.317695493895355     
  0.316388003879394     
  0.315593010992469     
  0.319407321419642     
  0.313101372786095     
  0.314570959561870     
  0.316712466771454     
  0.317836392524681     
  0.314084433753384     
  0.315657557688449     
  0.316009470468493     
  0.318043248261681     
  0.316733682352922     
  0.318491479740646     
  0.315959169517854     
  0.317267211405400     
  0.314914622259331     
  0.313163180234776     
  0.313886249886758     
  0.319167996801588     
  0.312510340062722     
  0.316353887357592     
  0.317626608127395     
  0.316127863837611     
  0.317532976662136     
  0.318260073864386     
  0.317324268772196     
  0.312557148393294     
  0.313857389715179     
  0.316244236737039     
  0.321163184726581     
  0.316272945604126     
  0.315784174591925     
  0.315033355097502     
  0.316949145081596     
  0.316548319932903     
  0.316991935247199     
  0.314576968005370     
  0.315738025516251     
  0.317904518600654     
  0.314651870613687     
  0.318422102723551     
  0.314098290890290     
  0.312782741846967     
  0.318575851890077     
  0.317999003295580     
  0.316297170139884     
  0.315244094392475     
  0.314711567139179     
  0.314217730580388     
  0.316265351748749     
  0.318971426369249     
  0.317554818503666     
  0.316711585742337     
  0.316176266737650     
  0.314041875266067     
  0.315458244756561     
  0.315966054087484     
  0.313253743176698     
  0.315885893222183     
  0.316869408165823     
  0.317224604003187     
  0.317529191532687     
  0.321915674758688     
  0.316254976709623     
  0.314049944230870     
  0.317439445644868     
  0.316609561276743     
  0.313146989407941     
  0.317865802754566     
  0.315311648316188     
  0.313474561986602     
  0.315267516513508     
  0.317217203150043     
  0.319342332036711     
  0.314060318024245     
  0.316497974367688     
  0.316705344254235     
  0.315978772596406     
  0.317493946526529     
  0.316567298731428     
  0.317493956459281     
  0.316106909475370     
  0.317281313275647     
  0.317923698176238     
  0.316199193360126     
  0.316606021945589     
  0.314379860323808     
  0.312536445922689     
  0.317342848930471     
  0.316916258887048     
  0.314156678647649     
  0.314013597720101     
  0.316396415894124     
  0.315274297748201     
  0.316676496974985     
  0.314829650064510     
  0.315339420586116     
  0.314934613614820     
  0.320789868768137     
  0.316311300480040     
  0.317840620317365     
  0.315161245643199     
  0.312712545387196     
  0.317332495208608     
  0.317594563098043     
  0.315015294068787     
  0.315635105484154     
  0.315882439083290     
  0.315077150633279     
  0.319952748988952     
  0.317183332463956     
  0.320104064477164     
  0.314262329836421     
  0.315930421552027     
  0.315309173993807     
  0.316940681708999     
  0.316814764799964     
  0.316534096239837     
  0.316239662655512     
  0.317282993356819     
  0.317057678504527     
  0.317314743153690     
  0.316815791542753     
  0.314303734344486     
  0.315549144319935     
  0.315555047229825     
  0.317161942525314     
  0.316047535819875     
  0.317088301584650     
  0.315093425952031     
  0.317220185810569     
  0.317697622906264     
  0.315751621838881     
  0.318297378722584     
  0.317926026043301     
  0.315303157385833     
  0.316235555855350     
  0.315433427538633     
  0.316372417877013     
  0.316518910106262     
  0.319350440272106     
  0.314267725558725     
  0.315841827509052     
  0.314547415117716     
  0.315153795969697     
  0.317623085580684     
  0.313502530398005     
  0.315160491793895     
  0.313994556907408     
  0.313200808426078     
  0.315528640015536     
  0.317528115406896     
  0.317718674815708     
  0.312794995198588     
  0.315268660539807     
  0.316615298995382     
  0.317080434668533     
  0.313482147740520     
  0.318104057992074     
  0.317410603840871     
  0.314407579283036     
  0.313366915229811     
  0.315728272551840     
  0.314782705878238     
  0.318106139883437     
  0.318581224514597     
  0.316866417450726     
  0.319760321569232     
  0.313716451311407     
  0.317411061481027     
  0.318122955885661     
  0.317054967295655     
  0.319351437210794     
  0.316880635938616     
  0.315427470309329     
  0.311105484222156     
  0.319268596679891     
  0.316185456579141     
  0.315142695593293     
  0.315206344223962     
  0.315098171026602     
  0.316600316310091     
  0.315728131042862     
  0.314782869343746     
  0.317036520303764     
  0.315346670706270     
  0.313067917440935     
  0.316437582042480     
  0.315417280653940     
  0.317137208704407     
  0.317753823065362     
  0.316388109071819     
  0.315177741336617     
  0.316535091683856     
  0.313295639916502     
  0.318505952094943     
  0.316718436363821     
  0.317062901462075     
  0.313416134136463     
  0.316760650654431     
  0.317891696163132     
  0.316205764194979     
  0.313421771751178     
  0.317307177955375     
  0.318023749402828     
  0.312952123333643     
  0.313979324261067     
  0.311372292814092     
  0.315615033592786     
  0.317475135644107     
  0.316611078218355     
  0.316647559022304     
  0.315145492567013     
  0.317676955208475     
  0.315999465022312     
  0.317422047235896     
  0.317742311259884     
  0.318697096314762     
  0.310952093617399     
  0.318047502608863     
  0.317062641593176     
  0.318738399011460     
  0.320209343488098     
  0.315549339463854     
  0.314256047995562     
  0.317892848730679     
  0.315602847107532     
  0.317460464125406     
  0.316183409640844     
  0.316145577908592     
  0.318851875688228     
  0.317100751137950     
  0.314469650144215     
  0.314998903357933     
  0.318871195772981     
  0.317585380070192     
  0.316245932603507     
  0.313113651412226     
  0.315679918205887     
  0.318526583222217     
  0.315300977061531     
  0.314622852170269     
  0.317030186117401     
  0.315027626247072     
  0.318437218142755     
  0.310995781147965     
  0.316525816395940     
  0.312820804861799     
  0.315489832671151     
  0.312738836464364     
  0.319701374769312     
  0.314404723084526     
  0.315361074196862     
  0.315797244273092     
  0.311801563043579     
  0.314579177462224     
  0.313783957772710     
  0.316417529859442     
  0.315027913304497     
  0.317883691336548     
  0.316500340453897     
  0.314533022408486     
  0.317008150027601     
  0.315927431655482     
  0.315710142404414     
  0.315795113452272     
  0.316210907461736     
  0.318432473896309     
  0.315699281276241     
  0.314196770420081     
  0.316859530230026     
  0.315228060275668     
  0.316670058300467     
  0.316306601147362     
  0.314644327369623     
  0.316720618386023     
  0.321108255472758     
  0.314736936978502     
  0.314511496267696     
  0.318668819356814     
  0.318382603665030     
  0.313701654612295     
  0.316425489245146     
  0.314318603405675     
  0.317130515447724     
  0.317308561439800     
  0.318134704982107     
  0.315290429510994     
  0.316255136879609     
  0.315421664069411     
  0.322177735073468     
  0.316037192130669     
  0.316561147999749     
  0.315184286400346     
  0.318581135600749     
  0.314280234451779     
  0.316686828633680     
  0.314870645243106     
  0.312824666331670     
  0.315154544743376     
  0.316625811359397     
  0.313408537289938     
  0.318627982252846     
  0.314707937788530     
  0.314771333359564     
  0.313746943727243     
  0.318833923471536     
  0.313308268868436     
  0.315246544170498     
  0.313687246833687     
  0.316314875757018     
  0.315444777337083     
  0.316802182244205     
  0.315742623433650     
  0.314316351863815     
  0.314955352849007     
  0.317614131643108     
  0.317660299970308     
  0.317059226680645     
  0.317740856365944     
  0.316631575134711     
  0.316592801595640     
  0.316572320666769     
  0.316192336671733     
  0.317870440886937     
  0.312139080889913     
  0.316860907358478     
  0.321270568107720     
  0.314270571064006     
  0.314451558400135     
  0.317468919890290     
  0.320784423679094     
  0.317426441955850     
  0.316974697505381     
  0.317128036850763     
  0.315943145472531     
  0.318767459894477     
  0.317864259006996     
  0.314849884575478     
  0.316646811147212     
  0.313190066168808     
  0.319075439299985     
  0.315302534964386     
  0.317421262368276     
  0.317768349519871     
  0.317325532386065     
  0.313647246589769     
  0.317426078321487     
  0.313497670439074     
  0.314561191750377     
  0.313367742742109     
  0.316223569925620     
  0.316540476170052     
  0.318325392864685     
  0.315815266406805     
  0.316328930267056     
  0.316260513535414     
  0.319055597069663     
  0.316511183839983     
  0.315162910314882     
  0.315692964076614     
  0.316404823236661     
  0.312078169247160     
  0.315831220193952     
  0.317744257265940     
  0.317354386865668     
  0.316600064551311     
  0.314115742349505     
  0.314508197959224     
  0.316529075248720     
  0.316179143727134     
  0.316060633927047     
  0.315678314782955     
  0.315790808843817     
  0.314007640370840     
  0.316883210206929     
  0.314389673275178     
  0.317492455465508     
  0.317738470083700     
  0.317087528895420     
  0.314916712533460     
  0.319050084570456     
  0.316140680704752     
  0.316170637751647     
  0.317769386793241     
  0.318287700422391     
  0.316632700553822     
  0.319739329424919     
  0.315925556307750     
  0.316537542033094     
  0.316193012151162     
  0.312776017014123     
  0.317485997819725     
  0.316177951252732     
  0.316959176345719     
  0.317113467782475     
  0.315899634971192     
  0.316928562923298     
  0.314606319272774     
  0.316801246243891     
  0.316404422861525     
  0.317729776279773     
  0.316376772144981     
  0.315864975834727     
  0.316146896558195     
  0.314624301425603     
  0.316516373336957     
  0.315493216498935     
  0.314140198146373     
  0.314147449144840     
  0.316231856789756     
  0.314702201815812     
  0.318050241632754     
  0.316198629439686     
  0.312353069814664     
  0.317914709750171     
  0.317311424346242     
  0.313765186595727     
  0.319235423545691     
  0.315325887380101     
  0.314202414581440     
  0.313274494609786     
  0.314729098949510     
  0.317366575012752     
  0.318491802760249     
  0.317536752969414     
  0.317257068913097     
  0.315787710661853     
  0.315425547462119     
  0.319825057552296     
  0.314645852288788     
  0.315828088720671     
  0.314292615218714     
  0.319116365822456     
  0.316489231085290     
  0.316321907864548     
  0.314625094889790     
  0.315442127311537     
  0.314153820151379     
  0.315980294404228     
  0.320213150784477     
  0.317748296659847     
  0.317283475986315     
  0.318149007183699     
  0.320013920730921     
  0.313568191069203     
  0.318365514694531     
  0.316549301639101     
  0.316572806295460     
  0.316677984256327     
  0.315093180059732     
  0.316595173503586     
