  0.100189350707838     
  0.100655301713200     
  9.976856191506675E-002
  0.100196859835045     
  0.100197160591756     
  0.100668493063249     
  0.100103532815548     
  0.100927981597139     
  0.100657475908673     
  0.101021979447955     
  0.100086837329420     
  9.913613941291295E-002
  0.100181434406986     
  0.100398265385039     
  9.977856533258171E-002
  0.100265063228956     
  0.100523021244633     
  9.913408930776446E-002
  9.883490417685470E-002
  0.100241699109709     
  9.970290634640862E-002
  0.100742857358553     
  9.984621564983218E-002
  9.952990075929632E-002
  9.958831298879633E-002
  9.937010810939804E-002
  0.100135078012544     
  9.986526709385732E-002
  9.987518947489187E-002
  0.100453891737420     
  0.100058818070503     
  0.100519463602921     
  9.960353698064429E-002
  0.100672278863944     
  9.899390495132679E-002
  0.100222667763939     
  9.920605006321312E-002
  0.100084718174079     
  0.100270129817517     
  0.100337489630499     
  0.100514145118000     
  9.871192023738998E-002
  0.100478995583003     
  9.963511150045651E-002
  0.100311579424297     
  0.100727785271843     
  9.905265899274476E-002
  0.100103287943790     
  9.882504982730418E-002
  0.100256899753816     
  9.998927251034556E-002
  9.915429261904861E-002
  0.100561713822303     
  9.950318964386889E-002
  0.100021903157671     
  9.970775512963698E-002
  0.100305516782855     
  9.978423269926276E-002
  0.101062678745653     
  9.944259383761256E-002
  0.100733708349138     
  9.989105145221543E-002
  0.100521858150794     
  9.973324115837194E-002
  0.100000103469375     
  9.994729533789747E-002
  9.982152358927525E-002
  9.984386130804068E-002
  0.100023602077122     
  9.936240754344355E-002
  0.100577381742072     
  9.987585694133332E-002
  0.101071032165187     
  0.100601840013155     
  0.100013447440299     
  0.100908546714903     
  0.100442329711073     
  0.100943839238976     
  0.100226472690253     
  0.101460078585473     
  0.101152079809734     
  0.100294867980921     
  0.100170632050178     
  9.955182158885943E-002
  0.100607328629499     
  9.932634943709680E-002
  9.959562476093931E-002
  0.100498840281619     
  9.982153427899731E-002
  9.981806612633211E-002
  0.100432509532629     
  9.980367779013609E-002
  9.925296891082226E-002
  0.100279692427684     
  9.882421715961072E-002
  9.918285561634385E-002
  9.978562759928877E-002
  9.966814948004500E-002
  0.100226161642405     
  9.914054804645114E-002
  0.100845348464923     
  9.955888051426595E-002
  0.100497451961105     
  0.100948072020379     
  9.886243243874905E-002
  0.100251508758352     
  0.100865727412732     
  9.986071466802560E-002
  9.947388496606969E-002
  0.100272535987217     
  0.100445956835404     
  9.976452943108653E-002
  9.962414546800855E-002
  9.935485934227237E-002
  0.100561370458910     
  9.933553537405583E-002
  0.100854415496699     
  0.100187153541265     
  0.100571068068649     
  0.100293708997614     
  9.958740050943045E-002
  0.100490843651669     
  9.980321420711952E-002
  9.953683059780984E-002
  0.100012675746234     
  9.960171658965616E-002
  9.989135794465862E-002
  0.100138938561721     
  9.975693058835373E-002
  0.101353032315969     
  0.100099259697905     
  0.100034274483082     
  0.100039871125186     
  9.957346240276416E-002
  9.970359514560534E-002
  9.983064747878596E-002
  9.999473049717049E-002
  9.959442731422753E-002
  0.100636500569594     
  0.100121827574133     
  0.100373370258785     
  9.928604391660155E-002
  9.941853280948522E-002
  9.999865591227045E-002
  9.930658183021737E-002
  0.100069312397521     
  0.100177731715416     
  9.944327322777330E-002
  0.100496702379866     
  0.100205344743351     
  9.988763316895745E-002
  9.936033059232295E-002
  9.954540773406149E-002
  0.100528962824652     
  0.100493996760860     
  9.990141298170721E-002
  0.100108608101431     
  0.100124364210130     
  9.970867152953057E-002
  9.997352916104102E-002
  0.100667385465669     
  0.100418135525737     
  0.100976904027500     
  0.100478647009005     
  9.988357765470948E-002
  9.986471158588051E-002
  9.942588976180522E-002
  0.100058926765952     
  9.996450937438169E-002
  9.990549811274416E-002
  0.100194563151710     
  9.944801012214960E-002
  0.100470433572928     
  0.100356810481096     
  9.964243842859716E-002
  0.100059693532225     
  9.922315288710419E-002
  0.100509199425277     
  0.100139350496430     
  9.947621639278560E-002
  0.101553031776502     
  0.100400076153422     
  0.100539894969118     
  0.100241623455888     
  0.100560268188628     
  0.100552429573663     
  0.100065990386011     
  9.900989560199491E-002
  9.921890610958443E-002
  0.100405860115606     
  9.890292909922833E-002
  9.984393919727559E-002
  0.100419329198650     
  0.101074477569496     
  0.100665326821809     
  0.100890460540034     
  0.100692577060638     
  0.100948712181377     
  0.100557075549847     
  0.100224691093481     
  9.951895684054242E-002
  9.981432834223837E-002
  9.994061427721060E-002
  0.100176470492814     
  9.969765785818442E-002
  9.949340356575924E-002
  0.100424538494903     
  9.941949798877418E-002
  9.933281839451863E-002
  9.946265327171405E-002
  9.962393274710940E-002
  0.100275934458427     
  0.100244793562252     
  0.100286713413533     
  9.870917856919521E-002
  9.969222625511548E-002
  0.100657479318466     
  9.846789772198110E-002
  9.978474642766719E-002
  0.100276350256935     
  9.991664277915205E-002
  0.100092606381733     
  0.100372600993797     
  9.979779968141232E-002
  9.953304844548062E-002
  0.100143535553636     
  0.100692986472441     
  0.100011364365373     
  0.100566952835422     
  9.993730066391492E-002
  9.951844699083158E-002
  0.100823861860713     
  0.100229334216275     
  0.100796010548854     
  9.970993390499483E-002
  0.100622534193083     
  0.100463004653816     
  0.100046280573917     
  0.100424409819217     
  0.100881134936457     
  0.100240146352826     
  0.101268328474736     
  9.992751610668311E-002
  0.100676148519212     
  0.100038263489884     
  9.996661717684095E-002
  0.100717945962380     
  0.100058492609210     
  0.100027521378724     
  0.100332150354411     
  9.995055188373504E-002
  0.100326843162195     
  9.919526000311928E-002
  0.100379110264556     
  0.100743695387555     
  0.100480109870789     
  9.938905867642239E-002
  0.100078879021109     
  9.924971456002211E-002
  9.958920018468966E-002
  9.953244290274639E-002
  0.100050069698485     
  0.100076940111189     
  9.966708879404348E-002
  9.898526311129405E-002
  0.100456877521277     
  0.100259392371840     
  9.995351755456504E-002
  0.101067619905943     
  9.955774417498435E-002
  9.955058268899253E-002
  0.100995046080837     
  0.100515076207675     
  0.100689591232428     
  0.100902386132002     
  0.100609599291265     
  0.100128940733654     
  0.100133232033776     
  9.965288948262922E-002
  0.100202306285706     
  9.929034951092550E-002
  0.100397273822618     
  9.979097258620095E-002
  9.945817102355674E-002
  0.100649033483103     
  0.100772425907295     
  0.101063553925147     
  0.100806737142729     
  0.100294613757234     
  0.101164468688162     
  9.902787365724129E-002
  0.100016562919772     
  0.100544289733609     
  0.100043606526863     
  9.972476126582852E-002
  0.100271941454852     
  9.880808092518853E-002
  0.100157843865561     
  0.100160684716637     
  9.946645605628948E-002
  0.100368096994594     
  0.100465440168637     
  9.932850881381358E-002
  0.100670352822569     
  0.100944345404859     
  9.977112375611503E-002
  0.100234782997389     
  0.100252900412036     
  9.887766051138437E-002
  9.909810100800132E-002
  0.100347090749970     
  9.951501368386946E-002
  0.100155568107215     
  9.865337423916254E-002
  9.914088825813258E-002
  0.100270865620314     
  9.968118819375842E-002
  0.100884484106881     
  9.877617565091538E-002
  9.923524027228992E-002
  0.100589487108976     
  9.985406455426742E-002
  9.974798702435511E-002
  9.944875809472041E-002
  9.990441258096491E-002
  9.986132943840992E-002
  0.100291979243565     
  9.992722628280365E-002
  0.100085459404554     
  9.959961006976659E-002
  0.100101000434630     
  0.100844302442022     
  0.100089456829961     
  9.914896945629895E-002
  9.998738733772954E-002
  0.101052606531884     
  9.970880413029028E-002
  9.886323039750251E-002
  0.100423737625391     
  0.100709686255877     
  9.963922131412095E-002
  0.100654065630059     
  0.100215629497138     
  9.948623287264637E-002
  9.919484961580238E-002
  9.963363138597638E-002
  0.101473368770172     
  0.100864415522497     
  0.100121668683924     
  9.977038267503521E-002
  0.100963907872501     
  9.922681007874674E-002
  9.936235087305428E-002
  0.100301262621393     
  0.100017597145691     
  0.100651532593607     
  9.935996685190690E-002
  0.100605374403855     
  9.915658491774118E-002
  0.100030723019481     
  9.922145761455427E-002
  9.873018934271660E-002
  0.100097819705886     
  0.100527052528043     
  0.100247706394415     
  9.988574763661420E-002
  9.978083586497696E-002
  9.984141414494566E-002
  9.939598317905263E-002
  9.961024489174786E-002
  9.976113619496164E-002
  0.100287964888906     
  9.998872565997398E-002
  0.100326885691291     
  9.947837606401198E-002
  0.100245141438639     
  0.100496887319979     
  0.100638488071827     
  0.100021894888583     
  9.976825952484236E-002
  0.101085916177729     
  0.100211831604896     
  9.966030307271680E-002
  9.947977784019664E-002
  9.932269162413276E-002
  0.100036070231680     
  9.920605596840192E-002
  0.101208192701511     
  0.100024911155778     
  0.100282792200641     
  0.100187895609043     
  0.100763059101067     
  9.967920337992668E-002
  9.971514076849256E-002
  0.100277184216649     
  0.100407772580228     
  0.100313031528747     
  9.996889295003406E-002
  0.100854374166361     
  0.100562856471456     
  0.100860111907375     
  9.942006271167440E-002
  0.100431206172352     
  9.944038687710641E-002
  9.973333322399852E-002
  0.100219141161042     
  0.100846989667120     
  0.100023174954144     
  0.101039457002339     
  0.100758327838601     
  9.938631785512476E-002
  0.100887364188362     
  0.100437074455114     
  0.100178990504182     
  9.974816936385221E-002
  9.979324025545010E-002
  0.100802250146934     
  9.988004845153824E-002
  0.101218304713662     
  9.991694698337600E-002
  9.836228450083792E-002
  0.101503765119698     
  9.955794391716676E-002
  9.980765922677963E-002
  0.100302740773237     
  9.989937144394458E-002
  9.959907855935958E-002
  0.100067650129454     
  9.945825176671250E-002
  0.100708262292323     
  0.100643556200201     
  9.982124760460495E-002
  9.979612761291523E-002
  9.890850850287690E-002
  0.100546608204902     
  0.100856506283490     
  9.940965829788762E-002
  0.100832898541272     
  0.100071189569681     
  0.100091141990522     
  9.966161842536700E-002
  9.990984498234178E-002
  0.100019365491108     
  9.981229387320875E-002
  0.100385444106601     
  9.943526369844348E-002
  0.100236140103875     
  0.100091372067154     
  0.100327737597672     
  0.100585228044095     
  0.100570914488198     
  0.100726479105400     
  9.941775473064635E-002
  9.850174593992554E-002
  9.928880933122446E-002
  9.983751746084997E-002
  0.100275224799618     
  9.943386903003544E-002
  9.902249198854456E-002
  0.100096014489504     
  9.902094677450296E-002
  0.100052126883705     
  0.100371181252791     
  0.100104060778515     
  0.100043009076126     
  9.926704284217285E-002
  0.100350296555343     
  0.100561949384018     
  0.100192103792875     
  9.975513520232383E-002
  9.959988685384522E-002
  0.100615351516453     
  0.100041577914471     
  0.100523996577646     
  0.100220380416619     
  0.100518634874316     
  0.100006815589699     
  9.897189976031577E-002
  9.917585036131885E-002
  0.100066968505296     
  9.853315975392493E-002
  0.100234229836186     
  9.983064979710927E-002
  0.100180970500481     
  0.100096751052002     
  9.997513772750408E-002
  9.997500778637299E-002
  9.990793571038989E-002
  9.888491640238499E-002
  9.994217960959577E-002
  0.100397090383113     
  9.862190114745781E-002
  9.948581365777251E-002
  9.960386609198786E-002
  0.101010636447416     
  9.936225030806095E-002
  9.995289577835882E-002
  9.971323884580985E-002
  0.100165759226618     
  0.100347422307847     
  9.949149367338293E-002
  0.100911940166621     
  0.101015524088886     
  9.970457365068656E-002
  0.100236519240597     
  9.938828794017110E-002
  9.975515627864295E-002
  9.989343581164378E-002
  0.100278341236052     
  0.100447697365304     
  9.945833358556415E-002
  0.100079349786915     
  9.941773954787247E-002
  9.960346590013762E-002
  9.956512888810327E-002
  9.979499965601503E-002
  9.991325906750909E-002
  0.100755087083009     
  9.926368471073020E-002
  0.100865557833522     
  9.915287857839951E-002
  9.976983091797183E-002
  0.100230510864417     
  0.100406625365935     
  0.100485177503179     
  0.100250689727251     
  9.993259025064694E-002
  0.100345596831226     
  0.100591546913771     
  9.937515373731774E-002
  9.946059395583848E-002
  0.100698232521956     
  0.100193266951382     
  0.100506078265457     
  9.999912265471135E-002
  9.982089223555861E-002
  0.100496469305041     
  0.101466874338807     
  0.100669948080627     
  9.998329915676650E-002
  9.944776781070737E-002
  9.964476426651457E-002
  0.100009236063488     
  9.973374361291606E-002
  0.100301419723676     
  9.962909151725098E-002
  9.938332137051906E-002
  0.100504549381391     
  0.100284945085131     
  0.100340640674031     
  0.100626679913553     
  9.964316297326646E-002
  9.994169034905613E-002
  9.976923278814433E-002
  9.988972358899507E-002
  9.964556990295755E-002
  9.937545225162361E-002
  0.100673657874735     
  9.973881712184260E-002
  9.930826069024641E-002
  0.100211474342224     
  0.100399104776681     
  9.956547036262288E-002
  9.978583630934956E-002
  0.100863799836269     
  9.987385910797600E-002
  0.100211953349452     
  9.881629642575096E-002
  9.988851770522775E-002
  0.100111075452918     
  0.100030551171267     
  9.990996375481316E-002
  0.100658372834131     
  0.101372579501950     
  9.939375855695537E-002
  9.989464916140958E-002
  9.973018585707337E-002
  9.944583128064559E-002
  0.101121250598648     
  9.999104391844396E-002
  9.977374800501310E-002
  9.986925441744844E-002
  9.932861634625405E-002
  0.100772889266698     
  9.942988415217816E-002
  9.937232576171558E-002
  9.963493820289236E-002
  0.100209337335127     
  9.955620099159121E-002
  9.999274677018510E-002
  0.100289454936814     
  0.100719873178882     
  9.999190544956106E-002
  0.100620532733016     
  9.933622532076181E-002
  0.100119027036853     
  9.973082467737066E-002
  0.100864752115139     
  0.100492883886658     
  0.101126354447499     
  9.904238516049180E-002
  0.100225321583092     
  0.100164467681335     
  0.100389056391685     
  0.100670837746876     
  0.100393770724950     
  0.100883059942501     
  0.100659825182380     
  9.983215519854231E-002
  9.928535925037760E-002
  0.101060391061647     
  9.987601735222471E-002
  9.970799565953133E-002
  9.971915764082427E-002
  9.966334574361423E-002
  9.950547295662898E-002
  9.966754644900713E-002
  9.927601125336562E-002
  0.100069112189510     
  0.100285530224069     
  0.100239867449172     
  9.937515701715699E-002
  9.968613747350645E-002
  9.969261161890972E-002
  9.991166879994308E-002
  9.959858729576300E-002
  9.852855510600632E-002
  0.100054432157636     
  0.100804357774374     
  0.100636530818730     
  0.100108991276985     
  0.101244648659972     
  9.981896837439007E-002
  9.986256961252894E-002
  9.933281843262562E-002
  9.956793168228081E-002
  0.100611551538257     
  0.100004987055788     
  0.101247142514957     
  0.100423910451378     
  0.100524102482680     
  9.924743985324591E-002
  0.100295973621830     
  0.100599632239073     
  0.100600482552070     
  0.100725348936266     
  0.100385107358850     
  9.950178686507787E-002
  0.100346482526399     
  9.932275610584460E-002
  9.923257308950785E-002
  0.100283457503531     
  0.100393811188646     
  9.988504057721666E-002
  9.877431004949433E-002
  0.100333381780636     
  9.942880792537083E-002
  9.927814398526402E-002
  9.973784168502316E-002
  9.963385046841484E-002
  0.100345226509029     
  0.100713842272901     
  9.987887364126287E-002
  9.954790197226651E-002
  0.100499196548196     
  0.100153677071231     
  0.100460813532753     
  0.100246755822082     
  0.100831788728051     
  0.100527715994982     
  0.100828812972895     
  0.100326387677450     
  0.100897341439210     
  9.921114954595965E-002
  0.100105816256725     
  9.901960937530312E-002
  0.100916158589046     
  9.950279921442463E-002
  9.915122605431474E-002
  0.100317832164506     
  0.100055639925386     
  9.999677334187311E-002
  0.100231164736147     
  9.855688959460343E-002
  0.100616131404634     
  9.959759878710914E-002
  9.943824462448470E-002
  0.100352585338617     
  9.976244451308174E-002
  9.969591360528733E-002
  0.100175390465410     
  0.101341977010974     
  0.100772009356988     
  0.100690682155519     
  0.100158703046621     
  9.922089052754647E-002
  9.967096926472088E-002
  9.991594717432226E-002
  0.100273684684356     
  9.933288989867174E-002
  0.101440074175085     
  9.931090785264599E-002
  9.995189840211156E-002
  0.100108627722355     
  9.996941862679119E-002
  0.100703706509702     
  0.100003026981423     
  9.997242730728849E-002
  9.963076452854680E-002
  9.986656901834014E-002
  0.100031744398994     
  9.967502526766019E-002
  9.947670630053439E-002
  9.999501408066586E-002
  0.100202508269552     
  0.101217113455900     
  0.100088328705418     
  9.995463908313849E-002
  9.914986126684905E-002
  9.958188726613279E-002
  0.100000972295468     
  0.100200320712003     
  9.997194641170321E-002
  9.910276233570349E-002
  0.100651722286572     
  0.100080414265302     
  9.926876468793175E-002
  0.100400311337890     
  9.940991337182013E-002
  0.100277978465502     
  0.100533302260769     
  9.958278052760504E-002
  9.921305403968579E-002
  9.968541016114375E-002
  0.100135837197612     
  9.991996273823917E-002
  0.101015240019847     
  0.100902112868240     
  0.100169721380592     
  0.100269375183347     
  9.980156665373090E-002
  9.981996755956417E-002
  9.956682841122870E-002
  0.100526495035344     
  0.100544463947628     
  9.964177386431478E-002
  9.970666070531803E-002
  0.100127636099891     
  9.993229790772783E-002
  0.100941469071004     
  9.973372872786290E-002
  0.100554650464368     
  0.100833311290149     
  0.100644421939365     
  0.100627287477420     
  9.896527123921856E-002
  9.999572640084294E-002
  9.996945461711142E-002
  9.956110350058388E-002
  0.101305421796247     
  9.973455426850195E-002
  0.100659201552361     
  0.100903465154686     
  0.100155443241647     
  0.100260383682049     
  0.100517248374115     
  9.890082488202238E-002
  9.946113339128128E-002
  0.101233182068105     
  0.100582465454006     
  0.100572142889478     
  0.100605900939900     
  0.101002677191118     
  9.858689427502219E-002
  9.895173347936190E-002
  0.100256888961326     
  0.100201654107806     
  9.928534658550704E-002
  0.100110672455361     
  9.937851526120133E-002
  0.100188563863070     
  9.959516411136145E-002
  9.930893911646715E-002
  0.100684379347887     
  9.944854156342049E-002
  0.100024134884906     
  0.101271327708201     
  0.100804708830065     
  0.100253146704364     
  0.100392193939259     
  9.980658227670421E-002
  9.945617118343360E-002
  9.959608759392004E-002
  0.100384731190625     
  0.100372402436796     
  9.952646248332522E-002
  9.991302439641497E-002
  9.866492683516649E-002
  9.926162792500529E-002
  9.989149133858886E-002
  9.965452858106853E-002
  9.903002240465603E-002
  0.100443133901614     
  0.100014652904632     
  9.925513346866281E-002
  0.101342417768336     
  0.100365008514180     
  9.940467218654472E-002
  0.100407780889326     
  0.100980038733018     
  0.101020272416719     
  9.998631066915452E-002
  9.898224617822089E-002
  0.100282944596432     
  9.951850134802116E-002
  9.947982102784331E-002
  0.100441908632311     
  0.100298020167656     
  9.962640840633857E-002
  0.100888993664944     
  0.100595191574863     
  0.100519131807764     
  9.945334851517394E-002
  9.997935998865135E-002
  9.955175214220346E-002
  9.941614490141777E-002
  0.100437137819247     
  9.994038264813661E-002
  0.100529860289107     
  0.100493904766859     
  0.100692024759482     
  0.100421819277052     
  0.100135520246430     
  0.100043310250968     
  0.100335041058155     
  0.100232753636628     
  0.100224811737356     
  0.100052241368018     
  9.955863579968896E-002
  0.100966176186721     
  9.954699073812245E-002
  9.972491572029765E-002
  9.988877136448501E-002
  0.100274832097140     
  0.100586187965087     
  9.989949360048356E-002
  9.914665854843167E-002
  0.100077735660459     
  9.973949313608059E-002
  0.100008974397404     
  0.100570494180012     
  0.100217882142083     
  0.100087616547121     
  9.992836898982954E-002
  0.101465378974374     
  0.100268109082347     
  9.966519173390380E-002
  0.100844380016441     
  9.992850948058583E-002
  9.979373071815532E-002
  9.981708517941885E-002
  9.967310805864887E-002
  9.987300129614243E-002
  9.970157834219419E-002
  0.100749405266687     
  0.100611900797585     
  9.975797829746835E-002
  9.941041217134655E-002
  0.100106730451711     
  9.999352526197870E-002
  0.100589859760925     
  0.100339428886866     
  0.100191299156550     
  9.957804903623246E-002
  0.100630257974869     
  9.922413875833451E-002
  0.100233490359877     
  0.100087227970346     
  9.982079219825590E-002
  0.100559499513961     
  9.949532192556756E-002
  9.923458040252875E-002
  9.935923392760120E-002
  0.101567926290284     
  0.100783636454640     
  9.969634362907577E-002
  0.100390705173809     
  9.964226300934266E-002
  9.990710911956147E-002
  0.100212621679013     
  9.979808794102038E-002
  0.100309318104274     
  0.100764945295942     
  0.100100011538113     
  0.100492259309301     
  0.100316438900129     
  0.100761611336231     
  9.980769401686065E-002
  0.100409795476727     
  9.985780467191675E-002
  9.991858465567519E-002
  0.100319533994719     
  0.100512295731640     
  9.916450358164614E-002
  9.956717093121724E-002
  0.100562107340410     
  0.100467106673732     
  0.101509704098001     
  9.898155205199874E-002
  9.937052736301308E-002
  0.100730629981298     
  9.891219281331988E-002
  9.985719057306551E-002
  0.100696107079591     
  0.100504310996022     
  9.876925388490708E-002
  0.100886869007484     
  0.100247354463282     
  9.941657238209878E-002
  0.100094243906003     
  0.100104605587994     
  9.966700843236534E-002
  0.100712262656816     
  0.100038573616848     
  0.100565671011795     
  9.942048491781852E-002
  9.962602657139008E-002
  0.100343998198778     
  9.950135739059265E-002
  0.101300440087080     
  9.974132587782465E-002
  0.100374748769701     
  9.992123623205050E-002
  9.948218936363729E-002
  0.101337699171510     
  9.952976662178692E-002
  9.938395440805198E-002
  0.100638442657509     
  9.888098460308302E-002
  0.100560705158035     
  0.100655586508112     
  9.948352179715758E-002
  9.939167172399314E-002
  0.100753325481944     
  0.100710439914467     
  0.100154583494574     
  0.101118489789423     
  9.874974078795316E-002
  0.100875669568583     
  0.100272214126376     
  9.963191436775246E-002
  0.100535631933747     
  9.975353076103685E-002
  0.100683550978744     
  9.911812633234618E-002
  9.891955004124720E-002
  9.982352284850186E-002
  0.100108283173515     
  0.101127253472669     
  0.100517969217213     
  9.957486153642398E-002
  9.983378752277504E-002
  9.980463750135869E-002
  9.951732569479865E-002
  0.100450308908818     
  0.100291071334030     
  9.976047788017842E-002
  0.101502073690400     
  9.974791050937738E-002
  9.939653561785156E-002
  0.100827705519664     
  9.949783990129661E-002
  9.996223197106106E-002
  9.934252990755731E-002
  0.100189453658460     
  0.100015443920111     
  9.909395061787400E-002
  9.918212552839435E-002
  0.100327288083318     
  9.942564030949430E-002
  0.101065272394232     
  0.100091811324059     
  0.100791407222069     
  0.100452122870196     
  0.100183126984673     
  0.100161681217177     
  0.100014231237588     
  0.100036569657411     
  0.100178375592379     
  9.949592162521288E-002
  0.100858452081004     
  0.100649036950010     
  0.100856151527354     
  0.100287325324666     
  0.100645677439672     
  0.100245187166140     
  9.963740395432659E-002
  9.988396765357248E-002
  0.100377660801324     
  9.984124295718179E-002
  0.100234046002966     
  0.100812488510951     
  9.937996630496050E-002
  0.100060200194496     
  9.966080103836437E-002
  0.100155014087219     
  0.100379551442506     
  0.100589216172427     
  9.976766156564248E-002
  9.929778843596035E-002
  0.100335752058903     
  0.100474028703566     
  9.948373853442942E-002
  9.969117784697590E-002
  9.992167142165832E-002
  0.100939026092307     
  9.966022768150032E-002
  9.967975124889447E-002
  0.100521450327747     
  9.942490592834875E-002
  9.986601655375077E-002
  9.969240273010099E-002
  9.901792887845128E-002
  9.952090945336503E-002
  0.100436880887904     
  9.890309225874018E-002
  9.999549579258835E-002
  9.988358991813380E-002
  0.100429688430959     
  9.973435306376878E-002
  0.100575140014093     
  9.976938647559051E-002
  9.988641359070606E-002
  0.100181436543311     
  9.926514477497353E-002
  9.991709169958353E-002
  0.100488495116316     
  9.946552766650553E-002
  9.936192084410585E-002
  0.100005094405316     
  9.993839347958092E-002
  9.953379909974779E-002
  9.905293084793561E-002
  9.914042527755573E-002
  9.990962757561027E-002
  0.100721375405277     
  9.986519311116028E-002
  0.100155910782303     
  9.952234944664200E-002
  9.864116711890021E-002
  0.100582201731452     
  9.968731830908555E-002
  0.100654958978479     
  0.100607380298555     
  0.100878469313957     
  0.100735680070932     
  0.100158178249900     
  0.100102461881503     
  0.100305046693768     
  0.100426403278159     
  9.986948593585825E-002
  0.100260240942780     
  0.100228793923575     
  0.100526837944288     
  0.100044805924382     
  0.100116861559643     
  0.100883660402870     
  9.997051936879296E-002
  0.100711883013065     
  9.966964010022261E-002
  0.100545504696015     
  9.895818950855503E-002
  0.100903760426436     
  9.962250887818722E-002
  0.101019424494463     
  0.100216288996958     
  9.952390222527306E-002
  0.100579729371195     
  9.963923407287002E-002
  0.100395290898391     
  0.100243278145115     
  0.100321332283328     
  9.999785343006502E-002
  9.935407174094785E-002
  0.100407217981498     
  9.948400820342522E-002
  9.920366962833263E-002
  0.101201512196226     
  0.100013947453036     
  0.101395492381332     
  0.100430194911412     
  0.100539457150376     
  9.945980270484205E-002
  9.979833162533495E-002
  9.922825694473171E-002
  0.100028869733126     
  0.100227780003408     
  9.973360376372702E-002
  9.949053299829222E-002
  9.960203252624744E-002
  0.100758278479168     
  9.938116050153691E-002
  0.100178022629531     
  0.100494803886126     
  9.921197903303437E-002
  9.948661523980222E-002
  0.100814554887792     
  0.100676975963363     
  0.100632444028212     
  9.990168125605753E-002
  0.100487151582149     
  9.995315609630243E-002
  9.954117504917270E-002
  9.960221764409956E-002
  0.100444279201806     
  0.100197615196248     
  0.100669886390784     
  9.979390583415207E-002
  0.100269527079608     
  9.961322075764990E-002
  9.839075637138195E-002
  0.100623094816371     
  0.100877545225277     
  9.985973902963022E-002
  9.992953003230012E-002
  0.100596214440191     
  0.100153975203869     
  0.101808906335503     
  9.999459209780051E-002
  0.100966128267285     
  9.957484019201530E-002
  9.916167272365622E-002
  0.100698853892703     
  9.938226367999128E-002
  0.100303001202181     
  0.100266172490480     
  9.949986544524576E-002
  9.879566137939208E-002
  0.100662291013023     
  0.101065849134926     
  0.100282103778051     
  0.101300035176252     
  9.952317051522061E-002
  0.100176449643861     
  9.921090903246430E-002
  9.933883954928784E-002
  0.100477731996523     
  0.100689305610659     
  9.974747035605297E-002
  9.996890883016582E-002
  9.990652506842743E-002
  9.911522826240515E-002
  0.100399729543274     
  0.100767208703190     
  9.992649054453541E-002
  9.973348055554186E-002
  0.100864494666152     
  0.100004957876365     
  9.995014663543741E-002
  0.100206323831104     
  0.100422734923308     
  9.988099592021583E-002
  9.902610654110419E-002
  0.100096330273430     
  9.985558701785642E-002
  0.100125803725115     
  9.978215464499339E-002
  0.100012710711330     
  0.100471858060310     
  0.100457309188806     
  9.941662984003309E-002
  0.100234009444166     
  0.100438350959530     
  0.100113166164917     
  0.100319697257853     
  9.963999075341905E-002
  9.982370369537230E-002
  0.101049994635494     
  9.965478646856855E-002
  0.100367102077373     
  9.936348600367381E-002
  0.100691782505328     
  9.975224026810212E-002
  0.101110695192514     
  0.100661706992929     
  9.962250746586709E-002
  0.100154418394278     
  9.993377583190248E-002
  9.998515429325741E-002
  9.948923662284774E-002
  9.970384070095416E-002
  0.100527822798432     
  0.100520170784708     
  9.962831695033865E-002
  0.100352556569162     
  0.100925943600519     
  0.100295235332386     
  0.101179629002711     
  9.921073250768295E-002
  0.100092809233130     
  9.954112915257961E-002
  9.950405369499690E-002
  0.100441213071974     
  9.964038974843480E-002
  0.100503599454265     
  9.931536840336055E-002
  0.100146943178379     
  9.971075831771085E-002
  0.100134501336807     
  9.943569355115192E-002
  0.100162984582508     
  0.100016882646507     
  0.100142081778565     
  9.967759004082240E-002
  9.849436370530822E-002
  9.991147073460842E-002
  9.973779108181226E-002
  9.996625572232541E-002
  9.936093225736950E-002
  0.100281100460009     
  9.976716072175344E-002
  0.100417229541514     
  0.100054714713083     
  9.963799903511213E-002
  9.939291733667283E-002
  9.941253088431454E-002
  9.958014185680661E-002
  9.974577962842514E-002
  9.967390869367168E-002
  0.100187940197594     
  9.944877467015034E-002
  9.940079019846913E-002
  9.992650473391214E-002
  0.100576999498456     
  0.100376522458427     
  9.968075414625439E-002
  0.100466309470617     
  0.100136518083368     
  9.945637105578915E-002
  0.100664946876763     
  9.971279043818014E-002
  0.100441352533469     
  9.999549797753557E-002
  9.995597458875229E-002
  0.100503595501006     
  0.101020751847295     
  9.931625587588049E-002
  9.936746837806110E-002
  9.976365571431502E-002
  9.982634569568588E-002
  0.100836409942041     
  9.980079481445404E-002
  0.100400825274293     
  0.100373021593168     
  0.100027802095613     
  0.100441691731217     
  0.100465077362660     
  9.907306419340607E-002
  9.964594986769927E-002
  9.975403066866449E-002
  9.978937754051920E-002
  0.100922302919498     
  0.101037772200769     
  0.100173002253695     
  9.885754173947177E-002
  0.100615800962545     
  0.100281723430404     
  0.100214806925822     
  0.100279474943633     
  9.949469710541764E-002
  9.992073978577813E-002
  9.961719043698457E-002
  0.101399770920133     
  9.985647167774453E-002
  9.888515215398817E-002
  0.101038959214512     
  9.885585440101097E-002
  9.967410903146300E-002
  9.886331282225908E-002
  9.980864745399258E-002
  0.100170211668529     
  9.926586403106051E-002
  9.938966951614350E-002
  0.100026235012872     
  0.100039009322933     
  0.100459650557917     
  0.100206006801523     
  9.984042411539158E-002
  9.937697364774158E-002
  9.920077931661742E-002
  0.100449521060630     
  0.100193366423040     
  0.100322737106376     
  9.917748393832307E-002
  0.100647176213500     
  0.100052626337893     
  0.100741228623908     
  0.100548534791546     
  0.100055053942770     
  9.938912826456522E-002
  9.884027735828370E-002
  0.100272540601901     
  0.100036339911957     
  0.100785818505731     
  0.100678337896764     
  9.996349624678609E-002
  9.984547192232142E-002
  0.100285356457684     
  9.983516385295164E-002
  9.951885007532761E-002
  0.100508562129394     
  9.961537382469846E-002
  0.100331192589898     
  0.100218882408076     
  0.100099846264529     
  9.999131816050176E-002
  0.100177538263384     
  9.971292722197986E-002
  9.927754096074411E-002
  9.974706093495336E-002
  9.910181670411708E-002
  9.964275161255087E-002
  0.100810813997072     
  0.101095199134694     
  9.957370745572196E-002
  0.100476881427419     
  9.986411143727407E-002
  9.919644659894868E-002
  9.974905297247788E-002
  0.101047138728845     
  9.973720947722353E-002
  0.100764406317590     
  0.100052587792002     
  0.100416610730233     
  9.994554803690647E-002
  0.100703874423831     
  9.939906301686009E-002
  0.100103292205307     
  0.100001144870717     
  9.997873593564958E-002
  9.906944106855967E-002
  0.100441679596610     
  9.943059627266326E-002
  9.947918003003671E-002
  9.866788607247379E-002
  0.100399195629336     
  9.993276011653097E-002
  0.100983180963593     
  0.100391305838401     
  0.100006027079102     
  9.997068268735168E-002
  0.100181539707067     
  0.100482557250920     
  9.851394565865919E-002
  9.964934984683460E-002
  0.100178433573149     
  0.100308826112258     
  0.100578087593774     
  9.956167832797187E-002
  0.100293166375315     
  9.968577108261534E-002
  9.961644367928371E-002
  0.100296276123475     
  9.928811757868047E-002
  0.100661710687487     
  0.100618760692486     
  0.100226943168782     
  9.913877390498417E-002
  9.932835312910231E-002
  9.947081610854763E-002
  0.100090850952413     
  9.958976873129650E-002
  9.945684706371001E-002
  9.981078081155446E-002
  9.977605663183037E-002
  0.100252447234603     
  0.100965994572170     
  9.888660804746616E-002
  0.100288343761490     
  0.100334685843429     
  0.101023800312851     
  9.952918146439745E-002
  0.100713787043565     
  0.100660151378522     
  9.983006893486114E-002
  9.962846106397856E-002
  9.948706397869503E-002
  0.100913945449059     
  9.977642068674002E-002
  9.988203648063941E-002
  9.951685864366736E-002
  0.100221785420509     
  0.100724728136662     
  0.100010262052406     
  9.964896506135114E-002
  0.101176551416732     
  0.101011522663583     
  9.961108708662839E-002
  0.100388033858337     
  0.100351383213725     
  9.928695771011950E-002
  9.980853289958674E-002
  0.100430721659864     
  0.100243678933178     
  9.958181521694918E-002
  0.100875280009441     
  0.100157389390598     
  9.975246595854897E-002
  0.100034919868706     
  0.100225118145607     
  0.100155618494504     
  0.100869888164478     
  0.100273002889670     
  0.100218959895683     
  0.100512936723141     
  0.100048607525905     
  9.931933526461227E-002
  9.976575758694464E-002
  0.100225268534325     
  0.100547106800389     
  0.100205798336762     
  0.100908316033463     
  0.100248041079107     
  9.963486890045938E-002
  0.101471946558566     
  0.100115090158432     
  9.954382101808791E-002
  9.944893452372056E-002
  0.100043240305441     
  9.970075413464999E-002
  9.944127650241499E-002
  0.100610216953195     
  9.983876618662887E-002
  9.914952400319182E-002
  0.100279623815554     
  0.100571428816127     
  9.960270349458458E-002
  0.100376543959850     
  9.987295909575160E-002
  9.954778627271027E-002
  9.911974400265772E-002
  0.100185936153227     
  9.991085148675477E-002
  9.952715429552890E-002
  0.100102325008694     
  9.995621348204189E-002
  9.981481846248920E-002
  9.989837981541577E-002
  0.100000328111314     
  0.100392052787094     
  0.100468004329862     
  0.100317887040045     
  9.928987953197203E-002
  0.100218696550919     
  0.100137087444024     
  9.937812557680607E-002
  0.100263104190525     
  0.100001777148300     
  9.930815731025693E-002
  9.962518573027980E-002
  0.100437535662849     
  9.902050082829315E-002
  0.100387380312282     
  0.100281493689639     
  0.100452251699114     
  0.100684997799918     
  9.992743754073996E-002
  9.991262046712211E-002
  9.971307493504418E-002
  9.924660858945182E-002
  0.100249448629221     
  0.100574825959680     
  0.100654491993776     
  9.994282358734126E-002
  9.989630800450792E-002
  0.100320820368758     
  9.974519084384306E-002
  9.947483530912765E-002
  9.869753766984551E-002
  0.100015735480362     
  9.973503507103343E-002
  0.100820619466554     
  9.966964180248675E-002
  9.891182495797764E-002
  9.970564620271000E-002
  9.989891270975571E-002
  9.960084301721615E-002
  0.100520940816078     
  0.100706701852252     
  0.100015888439755     
  0.100388593462913     
  9.944265246737403E-002
  0.100083278626180     
  9.955534035742410E-002
  9.977046304515434E-002
  9.961049379691757E-002
  9.979519054841517E-002
  0.100482189549750     
  9.998669140924867E-002
  9.923333678909718E-002
  9.935813671155377E-002
  9.931598583952017E-002
  0.100021780096664     
  9.917504322304713E-002
  0.100583963209366     
  9.948861169512721E-002
  9.886512353869091E-002
  9.990469661788769E-002
  9.915301649503119E-002
  9.891093112826614E-002
  9.980463406915474E-002
  9.984075862658469E-002
  9.923136976587511E-002
  0.100102206790497     
  0.100091850915673     
  0.100063204518290     
  0.100086382532438     
  0.100351621334412     
  9.917285456777579E-002
  0.101018837097832     
  0.100553352627180     
  0.100188355348174     
  0.100051476368835     
  9.999626376857614E-002
  9.930618219733135E-002
  0.100288626746232     
  9.963298579340750E-002
  0.100168115812985     
  0.101083257141979     
  9.927462471476671E-002
  9.921775291505198E-002
  0.100851682582946     
  0.100309988356058     
  0.100487477540938     
  9.962134645173010E-002
  0.100412514349403     
  9.962663645854437E-002
  9.983744110450839E-002
  9.933254726771616E-002
  9.977680632067712E-002
  0.100422400869670     
  9.951317040838585E-002
  9.978698278990243E-002
  0.100293030609286     
  9.978995067154972E-002
  0.100635265667133     
  9.829876949953473E-002
  9.919532668831969E-002
  9.964862333099297E-002
  9.919615844958581E-002
  0.100867290387775     
  0.100327818522481     
  9.974728403255265E-002
  0.100715267649739     
  0.100645223289378     
  0.100239004103321     
  9.930333282889599E-002
  9.956327396605749E-002
  0.100102598368474     
  9.911290219819419E-002
  0.100625146623048     
  0.100459409983717     
  9.967446052725168E-002
  9.956951083839348E-002
  9.982227084240097E-002
  9.947299888326472E-002
  0.100247212992073     
  9.993715870378433E-002
  0.100300070017452     
  9.937811591850351E-002
  0.100272240882750     
  0.100756537827997     
  0.100152293038023     
  0.100182335025601     
  0.100374440174939     
  0.100887140829931     
  0.100470384144651     
  9.966911805319036E-002
  0.100403391841156     
  9.955029168783751E-002
  0.100217032950895     
  9.972064596587679E-002
  9.925712151167090E-002
  0.100740734684305     
  0.100211109579932     
  9.961057241329439E-002
  9.924129953635290E-002
  0.100143306807635     
  9.990497091870192E-002
  0.100979775977004     
  9.957800938169679E-002
  0.100198845428702     
  9.989488175540341E-002
  0.100271607426770     
  9.963917305479403E-002
  0.100375956955361     
  9.943530657333743E-002
  9.999261080386888E-002
  0.101589104856803     
  0.101000160031807     
  9.948870190008523E-002
  0.100641984185075     
  0.100462750253535     
  9.960031069498117E-002
  9.957599285073278E-002
  0.100791747478871     
  9.940955538346570E-002
  9.990167298672109E-002
  9.933927327423417E-002
  9.976975204207235E-002
  0.100811809368448     
  0.100952526431682     
  0.101187492941971     
  9.989094959709022E-002
  0.100115242150617     
  0.100630075778685     
  0.100831163181265     
  0.100314526886856     
  9.993194118172008E-002
  9.875588538579279E-002
  9.963936158620634E-002
  9.889510179122893E-002
  9.997451182057084E-002
  0.100527404827711     
  9.967997251217431E-002
  0.100728478665272     
  9.999780027778392E-002
  9.969631231703624E-002
  9.999872862924324E-002
  0.100472852621153     
  9.964574029845844E-002
  9.973187352201854E-002
  0.100582523938169     
  0.100646100584109     
  0.100328987272596     
  9.987961495679401E-002
  0.100511646360733     
  9.956252974890430E-002
  0.100239531685764     
  9.895992107037969E-002
  9.958759334073337E-002
  0.100046603210459     
  9.990039519138490E-002
  0.100682041004221     
  0.100604915583125     
  0.100253793290655     
  0.100234150088062     
  9.994696568678506E-002
  9.998662241874681E-002
  0.100035288366691     
  9.947413393742793E-002
  0.100918469763539     
  9.934024383976468E-002
  0.100407885247287     
  9.929644658752430E-002
  9.964010780555931E-002
  9.951668194191286E-002
  9.893195703288928E-002
  0.100049044722215     
  9.912476167810266E-002
  9.983373172301958E-002
  9.969109600006353E-002
  9.965781353534198E-002
  0.100556463165477     
  9.982022319547504E-002
  0.100433798320903     
  9.996657514843063E-002
  0.100017291466145     
  0.100326282491907     
  9.999533415408389E-002
  0.100417706767328     
  0.100878788100297     
  9.934930128919613E-002
  9.936495086591277E-002
  0.100258192393944     
  9.904405870776525E-002
  0.101537424915002     
  0.100088018438656     
  9.980613017480225E-002
  0.100353096877792     
  9.949982901078457E-002
  9.898607559456757E-002
  0.100671716711051     
  9.970135276456621E-002
  0.100623810592121     
  0.100408753616196     
  9.961343009817261E-002
  0.100367888897055     
  0.100052222982507     
  0.100621784293594     
  0.100100962517460     
  0.100495269596761     
  0.100076007992402     
  9.926812504094197E-002
  9.932581404541370E-002
  9.984667477519835E-002
  9.997569607202167E-002
  0.100682380817609     
  0.100118564306236     
  9.951382934356838E-002
  0.100876174531622     
  9.966825333150073E-002
  0.100965702811024     
  9.921528189441833E-002
  9.939385434160690E-002
  0.100575317047935     
  9.971849168517741E-002
  9.980304003574936E-002
  9.954815073607587E-002
  9.998530914807544E-002
  9.998131213941079E-002
  9.970550712061267E-002
  9.944174640256881E-002
  0.100055290059198     
  0.100472624052821     
  0.100197555535120     
  9.995082656726871E-002
  9.996662275348535E-002
  9.918647042745103E-002
  9.910745631998551E-002
  9.986939272498671E-002
  0.100320961884762     
  9.937542776694598E-002
  9.924832763244316E-002
  0.100530425519145     
  0.100468128378988     
  9.952423045798928E-002
  0.100533690388307     
  0.100769086216011     
  0.100839376024209     
  0.100034368968300     
  0.100701210766063     
  9.998847869276932E-002
  0.100171550121028     
  9.979965083518505E-002
  9.920360188615007E-002
  0.100414040096313     
  0.100611256053300     
  0.100406343775911     
  0.100308598781847     
  9.987975870676258E-002
  0.101348779415727     
  9.974171891877145E-002
  9.932855977518877E-002
  0.100254858060194     
  9.908920012081276E-002
  0.100624350220655     
  9.904703029252331E-002
  9.949354959171264E-002
  0.100850900477636     
  9.896004788499629E-002
  0.100428715403915     
  9.872710047263018E-002
  9.940423531945965E-002
  9.933958523218432E-002
  9.924112419489647E-002
  0.100454501770322     
  9.967745150130992E-002
  0.100265876781391     
  0.100266261552530     
  9.969727016958001E-002
  0.101131095688966     
  9.943536136081087E-002
  9.940672029681991E-002
  0.100200936815219     
  0.100186713078851     
  9.967083913348923E-002
  0.101107399542119     
  0.100502985438103     
  0.100522472306889     
  0.100676284965670     
  0.101182178298567     
  0.100413415940057     
  9.918698964236684E-002
  9.988355821790083E-002
  0.100484369479399     
  9.918650463811990E-002
  9.908082763987541E-002
  9.935000549152852E-002
  9.995766911624626E-002
  9.994733035456579E-002
  9.999995191311414E-002
  0.100720456550108     
  0.100840943883158     
  9.928229304383154E-002
  9.963675774119601E-002
  0.100616302685295     
  9.994724163355634E-002
  9.962537779832487E-002
  9.994847269523202E-002
  0.100280836354380     
  9.917443121210459E-002
  9.973385941205817E-002
  0.100530385570229     
  9.908042303535990E-002
  0.100261864256390     
  9.977836530667511E-002
  0.100128159644743     
  9.962951499909946E-002
  9.954275824173486E-002
  0.100242798091510     
  9.992058080371473E-002
  0.100297505600448     
  9.865843003330856E-002
  9.942014780670387E-002
  0.100461511791475     
  9.907019240941993E-002
  9.934222923697429E-002
  0.100313438148005     
  0.100640137691461     
  0.100568579957980     
  9.988707480128099E-002
  9.995781353058039E-002
  0.100355921916966     
  9.964295118893990E-002
  9.972608734046783E-002
  9.975290180559004E-002
  0.101302049594948     
  9.949855744664768E-002
  0.101704339209640     
  0.101455953006032     
  0.100084785277992     
  9.968412855796477E-002
  0.100186663649225     
  9.996008513061225E-002
  9.973883322600008E-002
  0.100466065986510     
  9.999193936920103E-002
  0.100587560053795     
  0.100138527491422     
  0.100414288081601     
  0.100902330295170     
  0.100760349741941     
  9.974636783056347E-002
  9.982977821980307E-002
  0.100047301434064     
  9.926160823215320E-002
  0.100256630425045     
  9.961164806294458E-002
  0.100153697232472     
  9.847908710712336E-002
  9.932203834852212E-002
  0.100042418337628     
  0.100268038031339     
  0.100319292462609     
  0.100466903710780     
  9.930007685876768E-002
  9.951614668346812E-002
  9.994369713635504E-002
  9.993371049728385E-002
  0.100330801918006     
  0.101279137530224     
  9.975688378877831E-002
  9.922572149368605E-002
  9.912894751071789E-002
  0.100682984655184     
  9.973153374042480E-002
  0.100866960949960     
  0.101517688316024     
  9.974891372914231E-002
  9.977747516427357E-002
  0.101110351803802     
  9.954024657749463E-002
  0.100022200844900     
  0.100506613101470     
  0.100309665105053     
  0.100264044144017     
  0.100201250811119     
  9.915726492273996E-002
  9.963384279647269E-002
  0.100128887329258     
  0.100371892713794     
  0.100355825590040     
  0.100031560200544     
  9.989829208258019E-002
  9.983510014419648E-002
  0.100537476209327     
  0.100417552207692     
  9.981955911042209E-002
  0.101218778845869     
  9.938189549887161E-002
  0.100089514823659     
  9.972009314608159E-002
  0.100825300823798     
  0.100243245976914     
  9.956458519329386E-002
  0.100370364332264     
  9.970317174629933E-002
  0.100464027324496     
  0.100202650668572     
  0.100581554591586     
  9.964775197242604E-002
  0.100238823593915     
  0.100011419229179     
  9.997909593241036E-002
  9.866583817604506E-002
  0.100782515433926     
  0.100186744443203     
  9.953863581943635E-002
  0.100878636084872     
  9.901833818342519E-002
  0.100937774948772     
  9.986414126417972E-002
  9.999802049710191E-002
  9.904850640402334E-002
  9.978164259721481E-002
  9.940080367868524E-002
  0.100079254453539     
  0.100129415699920     
  9.923395533868505E-002
  9.926529229891272E-002
  0.100591354770785     
  9.945991616529562E-002
  0.100319768079868     
  0.100790937547377     
  9.954957353957988E-002
  0.101198532569910     
  0.100254036007599     
  9.941179158553663E-002
  0.100469542228272     
  0.100368808490370     
  0.100030219378744     
  0.100005721562113     
  9.950116604138134E-002
  0.100812804549948     
  9.894825209588504E-002
  9.992773820047783E-002
  9.988171397319347E-002
  9.905809368510603E-002
  0.100479515496580     
  9.985669579379890E-002
  9.994129912090730E-002
  0.100352148057722     
  9.866590629227785E-002
  9.985875975581478E-002
  9.893689241438562E-002
  9.923008277871492E-002
  0.100746287610309     
  9.951051914138198E-002
  0.100723340740287     
  9.858934051477339E-002
  9.947174927947229E-002
  0.101036967805011     
  9.971352780606436E-002
  0.101223003429827     
  0.100138532219945     
  0.100523439830030     
  9.988825432817670E-002
  9.978374453831876E-002
  9.944924893007498E-002
  9.932941867704606E-002
  0.100275457188008     
  0.100607699122790     
  9.915654281152031E-002
  0.100611675732591     
  9.965438204964976E-002
  9.937601726100199E-002
  0.100582216061823     
  9.986584430534004E-002
  0.100973838699393     
  0.100563378085244     
  0.100748315285596     
  9.967871310864093E-002
  0.100116012677435     
  0.100236064527439     
  9.991619346194325E-002
  9.902383569838684E-002
  9.985223241174405E-002
  9.957290538364238E-002
  9.989929785310180E-002
  0.100421821835264     
  9.894929325500078E-002
  0.100031260190757     
  9.983955127238868E-002
  0.100292993205716     
  9.879964011975173E-002
  9.964317440444583E-002
  9.946570415652756E-002
  9.862600690399707E-002
  0.100143378304427     
  9.976472829485161E-002
  9.858594987686665E-002
  0.100743207784609     
  0.100627665654106     
  9.951048283923244E-002
  0.100047500484391     
  9.927829021964603E-002
  0.100172839138897     
  0.100104777121541     
  0.100371382331924     
  0.100402394537642     
  0.100331682511002     
  0.100472314875427     
  0.100569879792077     
  0.100442706633703     
  9.887393861882743E-002
  9.987094803515216E-002
  9.972043295450576E-002
  0.100508146159422     
  0.100776997614557     
