  3.195853482943854E-002
  3.152994862635330E-002
  3.148232549991984E-002
  3.172603816871338E-002
  3.166355868417503E-002
  3.155480014386799E-002
  3.167926713844634E-002
  3.141370793727066E-002
  3.189381814382974E-002
  3.172649500966412E-002
  3.162948071536918E-002
  3.139257897007759E-002
  3.169492255776294E-002
  3.164849211077864E-002
  3.171366233675255E-002
  3.175946628277514E-002
  3.153616962503569E-002
  3.132181593956194E-002
  3.173865987953131E-002
  3.132182244505452E-002
  3.151442599770444E-002
  3.173540237741618E-002
  3.151689147369339E-002
  3.152311880246760E-002
  3.152815636401854E-002
  3.182050534994475E-002
  3.175828232511038E-002
  3.157387983615204E-002
  3.121156345520939E-002
  3.140927441225952E-002
  3.171314028372237E-002
  3.146182925064012E-002
  3.146067666613013E-002
  3.184212814307136E-002
  3.195649390617908E-002
  3.180311139569114E-002
  3.154755557835366E-002
  3.168832843758358E-002
  3.163608044692934E-002
  3.155714597742577E-002
  3.121752821326576E-002
  3.166648541121332E-002
  3.171471410232481E-002
  3.121356267057234E-002
  3.180471123737651E-002
  3.164519688942320E-002
  3.176545434261057E-002
  3.178017829419506E-002
  3.168376671748954E-002
  3.187710095431680E-002
  3.166578570259344E-002
  3.163037837939327E-002
  3.171765917481270E-002
  3.139693032961650E-002
  3.143592561509891E-002
  3.171444902679522E-002
  3.159570189680443E-002
  3.146337648457123E-002
  3.153315230769035E-002
  3.142958824454296E-002
  3.160941477495616E-002
  3.151033129326555E-002
  3.189563593970038E-002
  3.187933915721716E-002
  3.166299732996325E-002
  3.187168162324181E-002
  3.144081138028118E-002
  3.157051308216368E-002
  3.171001982548582E-002
  3.167613846595622E-002
  3.171247222933037E-002
  3.145895057327713E-002
  3.173939841182433E-002
  3.162090945733279E-002
  3.172104260592172E-002
  3.178364190537469E-002
  3.144423438269863E-002
  3.161107313859191E-002
  3.199245013367388E-002
  3.170608926921680E-002
  3.159032328122203E-002
  3.163380523346258E-002
  3.139427234037691E-002
  3.154821303876123E-002
  3.159337602125657E-002
  3.178069822077562E-002
  3.164292636643393E-002
  3.095378200315977E-002
  3.190430750483438E-002
  3.189037850748565E-002
  3.128929724100971E-002
  3.181062781536642E-002
  3.122784476112256E-002
  3.171369224054060E-002
  3.168620572679444E-002
  3.197344797968669E-002
  3.194111936036011E-002
  3.170538650118843E-002
  3.165813328148209E-002
  3.154765634272667E-002
  3.145219243999650E-002
  3.154393968532864E-002
  3.173707034305231E-002
  3.162691811213907E-002
  3.133475356613134E-002
  3.176811057083612E-002
  3.190846671479547E-002
  3.144043075822528E-002
  3.121027806918890E-002
  3.180401701790363E-002
  3.150554903773136E-002
  3.149694384761319E-002
  3.201630201742859E-002
  3.138859627618960E-002
  3.181171019177782E-002
  3.150868679636931E-002
  3.139900506268323E-002
  3.199587464746202E-002
  3.203778453001886E-002
  3.152263483582737E-002
  3.203444181138464E-002
  3.165215250852357E-002
  3.162602938739993E-002
  3.179353796845744E-002
  3.176422630717738E-002
  3.158902892811141E-002
  3.158757431750287E-002
  3.195971156286688E-002
  3.142494988538449E-002
  3.178439521743937E-002
  3.159384765407650E-002
  3.148635881516701E-002
  3.158684512584560E-002
  3.171313700107141E-002
  3.186796879565973E-002
  3.140899928225200E-002
  3.167019941335816E-002
  3.143210559402124E-002
  3.133478977886364E-002
  3.152219811522697E-002
  3.147329289641775E-002
  3.168516417569105E-002
  3.174294881068146E-002
  3.156924442992572E-002
  3.163736128706944E-002
  3.174622436983079E-002
  3.182106874806264E-002
  3.164984264558989E-002
  3.162749868768151E-002
  3.171245142289943E-002
  3.158030089034045E-002
  3.132643086789581E-002
  3.133281090163101E-002
  3.157496590521573E-002
  3.193326041614650E-002
  3.161178590365128E-002
  3.155370782476712E-002
  3.158134199100061E-002
  3.167454335192114E-002
  3.157641007195870E-002
  3.138664698551205E-002
  3.156019631910447E-002
  3.185960859895424E-002
  3.175042809090469E-002
  3.171783015539041E-002
  3.187867589224400E-002
  3.127455811886695E-002
  3.172806015019247E-002
  3.162483661280086E-002
  3.159814386211926E-002
  3.108224388424007E-002
  3.138973110335343E-002
  3.144743045680472E-002
  3.172187820021763E-002
  3.169454389500825E-002
  3.188822743028948E-002
  3.143080277037870E-002
  3.151724693679889E-002
  3.134513767136773E-002
  3.145345022357639E-002
  3.186176918630083E-002
  3.173669715387994E-002
  3.192858352313860E-002
  3.140558305140531E-002
  3.180790290458550E-002
  3.183212557220484E-002
  3.161188515368414E-002
  3.138486775278389E-002
  3.171063695672604E-002
  3.145919797472623E-002
  3.153982165504518E-002
  3.175041746552314E-002
  3.128875244025085E-002
  3.183725240340016E-002
  3.177665688584948E-002
  3.187186676063467E-002
  3.156695591166482E-002
  3.160339182420739E-002
  3.145986991971096E-002
  3.187837657356674E-002
  3.185411966042126E-002
  3.173327440036001E-002
  3.179922398780469E-002
  3.170897524532604E-002
  3.174239993292473E-002
  3.159281780090981E-002
  3.165610353531764E-002
  3.150283355961535E-002
  3.145683658715304E-002
  3.190463085260946E-002
  3.145907470698455E-002
  3.154651132085280E-002
  3.172885057886892E-002
  3.153754823986809E-002
  3.155330226739659E-002
  3.176082836850886E-002
  3.142463006335759E-002
  3.170026036654894E-002
  3.166171935908546E-002
  3.150357826884474E-002
  3.161826599639029E-002
  3.150342758414058E-002
  3.144658048658243E-002
  3.173876624949847E-002
  3.189484424586483E-002
  3.141722706497788E-002
  3.150556130366967E-002
  3.142946901277660E-002
  3.156289195471865E-002
  3.189245273137835E-002
  3.188017953777860E-002
  3.136926791505460E-002
  3.112272441978736E-002
  3.201858348230323E-002
  3.151156696101629E-002
  3.141202326787264E-002
  3.156206347471011E-002
  3.167410584901489E-002
  3.152779318826050E-002
  3.179942764381151E-002
  3.143188705297568E-002
  3.161100310481724E-002
  3.167238451817016E-002
  3.157998563191650E-002
  3.169491817838125E-002
  3.140414864798105E-002
  3.164035688836239E-002
  3.160915625128298E-002
  3.153977448314842E-002
  3.171768510615180E-002
  3.183230037783805E-002
  3.146979548242381E-002
  3.169163211173066E-002
  3.171143428144788E-002
  3.183214859568364E-002
  3.152273484015576E-002
  3.140037132689254E-002
  3.157385201350607E-002
  3.141680861542884E-002
  3.149475271626209E-002
  3.155998447187034E-002
  3.176809063066195E-002
  3.209230968144439E-002
  3.182475899341368E-002
  3.175609704382554E-002
  3.196705762621415E-002
  3.167337039069624E-002
  3.160522697619066E-002
  3.149284964670347E-002
  3.149971676747976E-002
  3.131631604728322E-002
  3.135879119024957E-002
  3.158115157972058E-002
  3.183041175660296E-002
  3.147085176367696E-002
  3.159580017820745E-002
  3.173492906091585E-002
  3.158445832614771E-002
  3.173844078166875E-002
  3.162986479328841E-002
  3.132058626978039E-002
  3.187905151278217E-002
  3.146710094422359E-002
  3.162134391252377E-002
  3.182912590304481E-002
  3.172669617823447E-002
  3.158622114035995E-002
  3.174336316275869E-002
  3.174167390315986E-002
  3.169192623532678E-002
  3.144657263684549E-002
  3.166512336790932E-002
  3.153797391790698E-002
  3.161185095171587E-002
  3.166502151263931E-002
  3.159325153974456E-002
  3.163528284980129E-002
  3.169700889523479E-002
  3.160043488214719E-002
  3.160069484625559E-002
  3.152526834901620E-002
  3.151591678522384E-002
  3.154836946323790E-002
  3.175524198823407E-002
  3.150146437837238E-002
  3.136524570913377E-002
  3.149993170933152E-002
  3.164664018555899E-002
  3.162448046247341E-002
  3.165232366088118E-002
  3.185261824118196E-002
  3.165433916336503E-002
  3.152456384691525E-002
  3.183115321070130E-002
  3.168899470600178E-002
  3.155844931942235E-002
  3.162212112088946E-002
  3.193140466139738E-002
  3.124242017193535E-002
  3.160101300751304E-002
  3.137400577143198E-002
  3.154949322401075E-002
  3.142306044041018E-002
  3.148907240181220E-002
  3.164534346312754E-002
  3.165235624400102E-002
  3.127718055736599E-002
  3.166032291379871E-002
  3.182324727858520E-002
  3.175941922809131E-002
  3.185003523261429E-002
  3.149313443900175E-002
  3.146782273762619E-002
  3.149372125706816E-002
  3.150031709485426E-002
  3.166072184378096E-002
  3.180461973047509E-002
  3.169227131399437E-002
  3.169171034008331E-002
  3.186369081826912E-002
  3.156333837776680E-002
  3.186681001195250E-002
  3.147742825298601E-002
  3.145541327629141E-002
  3.166597257958426E-002
  3.142311717182438E-002
  3.166146021807053E-002
  3.153030162800985E-002
  3.179542250166236E-002
  3.154248074363749E-002
  3.130612447758492E-002
  3.150238144720606E-002
  3.161089385721270E-002
  3.134222432135432E-002
  3.178351144261524E-002
  3.161076001890532E-002
  3.139453725969021E-002
  3.162286046216005E-002
  3.172966334132205E-002
  3.185241978467816E-002
  3.162344271845480E-002
  3.170771077839653E-002
  3.182571995134654E-002
  3.184648260878691E-002
  3.140628777600681E-002
  3.160142046483255E-002
  3.175346943878170E-002
  3.165445149287692E-002
  3.175293895338626E-002
  3.191073651926127E-002
  3.162712432697071E-002
  3.176724746544080E-002
  3.160367187907408E-002
  3.164208236394184E-002
  3.180524467007328E-002
  3.147918417570623E-002
  3.165183375643122E-002
  3.187643283417733E-002
  3.169251988788754E-002
  3.140891023678313E-002
  3.155762948392526E-002
  3.161368949682068E-002
  3.174630915005501E-002
  3.167692705303309E-002
  3.144661403726332E-002
  3.153381243622345E-002
  3.153971570369959E-002
  3.159147960668159E-002
  3.192546888241186E-002
  3.128394196440271E-002
  3.127072162929963E-002
  3.161890415630711E-002
  3.156786066859535E-002
  3.181145597519870E-002
  3.191090914792349E-002
  3.167951959042644E-002
  3.163443100461223E-002
  3.153277148507185E-002
  3.137212442190837E-002
  3.170863684589954E-002
  3.162832581626615E-002
  3.165071459491816E-002
  3.160431177292224E-002
  3.176464825374128E-002
  3.141848154466590E-002
  3.127869853170273E-002
  3.179768340358303E-002
  3.191994159502308E-002
  3.129890430170459E-002
  3.186495266786504E-002
  3.147891664941923E-002
  3.153976453307981E-002
  3.180869439778133E-002
  3.152916724161353E-002
  3.177340207861789E-002
  3.158791987384962E-002
  3.148028791048876E-002
  3.150150167477271E-002
  3.164233041394536E-002
  3.161761946608872E-002
  3.173480141471462E-002
  3.172293741182841E-002
  3.161903944655756E-002
  3.135692323976522E-002
  3.134860968527330E-002
  3.143113192750795E-002
  3.180080892335630E-002
  3.172638422163589E-002
  3.124825584066030E-002
  3.157075682489050E-002
  3.135995391761692E-002
  3.177648895561352E-002
  3.141816514547469E-002
  3.144520104163577E-002
  3.184935968774794E-002
  3.182487767062557E-002
  3.173092306930815E-002
  3.162483979222029E-002
  3.177868884894720E-002
  3.149131520783890E-002
  3.150525684312729E-002
  3.141967528249427E-002
  3.144593862630284E-002
  3.146504426536460E-002
  3.169897966085080E-002
  3.180237134450004E-002
  3.155813042573332E-002
  3.163566370005863E-002
  3.183919546941534E-002
  3.201107374978655E-002
  3.162160612092718E-002
  3.153932159031499E-002
  3.173138304436733E-002
  3.137884911070553E-002
  3.143492684394210E-002
  3.170840983617557E-002
  3.170291296434907E-002
  3.134767989836731E-002
  3.155310536291680E-002
  3.180664039686705E-002
  3.142166229603006E-002
  3.180112630720799E-002
  3.153299625410091E-002
  3.137584346579363E-002
  3.155253477157375E-002
  3.171039068694573E-002
  3.141253744260056E-002
  3.165039172362955E-002
  3.174631484555511E-002
  3.122103150377304E-002
  3.159318042390736E-002
  3.170761489717896E-002
  3.162789416694042E-002
  3.163368038820726E-002
  3.173348502873478E-002
  3.163481161251513E-002
  3.170189103735186E-002
  3.173850815070271E-002
  3.144997727198025E-002
  3.145376861505888E-002
  3.161953280907341E-002
  3.130164435563087E-002
  3.152739566102020E-002
  3.144902007096580E-002
  3.180693929946252E-002
  3.152240909846399E-002
  3.157722091861858E-002
  3.159604928377178E-002
  3.191114753683531E-002
  3.181207596624088E-002
  3.158478045682753E-002
  3.172446533953695E-002
  3.178237242379824E-002
  3.143386601694937E-002
  3.169728622884034E-002
  3.184908837672094E-002
  3.182032746031718E-002
  3.165414661673743E-002
  3.169487058791787E-002
  3.147835169450436E-002
  3.152976420264723E-002
  3.166351744285284E-002
  3.156099534622506E-002
  3.196053929130662E-002
  3.175749949712532E-002
  3.171172199028484E-002
  3.134895281593987E-002
  3.169333367387363E-002
  3.179800754602189E-002
  3.143491674733379E-002
  3.155760193601332E-002
  3.154168407170655E-002
  3.159919703755169E-002
  3.161739735675220E-002
  3.174359504905268E-002
  3.146677022547989E-002
  3.163774578638977E-002
  3.159708528962318E-002
  3.163763290675538E-002
  3.163038623402255E-002
  3.182165446238161E-002
  3.159586697318775E-002
  3.165769754405157E-002
  3.173416520912033E-002
  3.183219789954173E-002
  3.164867290305722E-002
  3.180284587769993E-002
  3.154929217976623E-002
  3.172477956696321E-002
  3.167571880074806E-002
  3.156212076404092E-002
  3.169514564004336E-002
  3.142818308603081E-002
  3.133316797211420E-002
  3.167393826084638E-002
  3.146332445767903E-002
  3.148171589718771E-002
  3.159646352509130E-002
  3.155950106576369E-002
  3.151557902852062E-002
  3.154447117665590E-002
  3.163831696679484E-002
  3.190172638404465E-002
  3.167348158744206E-002
  3.189858058938701E-002
  3.172632242261426E-002
  3.168233382301511E-002
  3.143326290228717E-002
  3.167642010020749E-002
  3.191941237691238E-002
  3.134756242340106E-002
  3.157118074159374E-002
  3.117870217829202E-002
  3.158611956464489E-002
  3.174324879184797E-002
  3.143912558373764E-002
  3.150404559355995E-002
  3.117929170980367E-002
  3.186853010231742E-002
  3.176942599884467E-002
  3.178152448607284E-002
  3.168326435644982E-002
  3.143080249972402E-002
  3.178894427690901E-002
  3.144252360656556E-002
  3.182381259309757E-002
  3.162929709837339E-002
  3.160382571601918E-002
  3.155465811718935E-002
  3.158606443980514E-002
  3.138664593269543E-002
  3.203043511267348E-002
  3.173003316448882E-002
  3.165295084934767E-002
  3.150263063755030E-002
  3.161490263019515E-002
  3.181039780375002E-002
  3.142696131968932E-002
  3.137504289939144E-002
  3.187403710521020E-002
  3.158153450150807E-002
  3.161481201263112E-002
  3.160445525463092E-002
  3.160666597453064E-002
  3.179387288510869E-002
  3.157467858719138E-002
  3.165389088841605E-002
  3.177563361515968E-002
  3.172223275534095E-002
  3.189740547975070E-002
  3.137835595193863E-002
  3.183067332712319E-002
  3.152195209634242E-002
  3.168090308182820E-002
  3.146554495822267E-002
  3.157293308630573E-002
  3.154981077793222E-002
  3.154526072414927E-002
  3.171926348286954E-002
  3.150069841124023E-002
  3.153917748891967E-002
  3.184561102785698E-002
  3.154412176211003E-002
  3.192876460891705E-002
  3.183664760590232E-002
  3.149607975080361E-002
  3.189521433699535E-002
  3.123667803172332E-002
  3.187835295513314E-002
  3.167423593121758E-002
  3.128557872028470E-002
  3.126720809213705E-002
  3.148942987883311E-002
  3.148144343538747E-002
  3.157580885232968E-002
  3.137863754447952E-002
  3.158049065774665E-002
  3.146643200156377E-002
  3.147708639936830E-002
  3.157164706597123E-002
  3.159189655255117E-002
  3.168399922079729E-002
  3.170826507993818E-002
  3.152323804687582E-002
  3.174812317282723E-002
  3.155811286365367E-002
  3.164573211217155E-002
  3.161203636904236E-002
  3.201433662681742E-002
  3.148581978182975E-002
  3.160786864571549E-002
  3.163538243439258E-002
  3.159945100398109E-002
  3.177432722919015E-002
  3.173103778937874E-002
  3.174749049459315E-002
  3.160013941991744E-002
  3.207933589087438E-002
  3.157195244008379E-002
  3.153357301959404E-002
  3.161218118207946E-002
  3.169953075099984E-002
  3.175133982830126E-002
  3.144820428912344E-002
  3.162779092986261E-002
  3.176694229222383E-002
  3.177344343554848E-002
  3.139883644164081E-002
  3.153653385153538E-002
  3.158946338397157E-002
  3.179997749112353E-002
  3.168901221500460E-002
  3.145453255046320E-002
  3.149802556466571E-002
  3.122983028244852E-002
  3.172175490854164E-002
  3.121219825983405E-002
  3.180019219113017E-002
  3.144648443719972E-002
  3.163268220742202E-002
  3.166417125888035E-002
  3.164042641041533E-002
  3.184513180419987E-002
  3.178993187307514E-002
  3.176417529756039E-002
  3.123186264677043E-002
  3.189662320728488E-002
  3.142627438030469E-002
  3.170093931378093E-002
  3.162761930140978E-002
  3.165188697387087E-002
  3.184703643675094E-002
  3.178510857905579E-002
  3.160466574593918E-002
  3.191709246531250E-002
  3.166415016672373E-002
  3.194653369824994E-002
  3.158978754449811E-002
  3.170637808707316E-002
  3.159412477406889E-002
  3.167399181252516E-002
  3.192138954907127E-002
  3.138702458146567E-002
  3.157038354346723E-002
  3.154669625415060E-002
  3.157396851869390E-002
  3.132919795225564E-002
  3.152916294258962E-002
  3.123779902782666E-002
  3.156143459326682E-002
  3.151439762905450E-002
  3.178822677355828E-002
  3.191033107350141E-002
  3.193600167473280E-002
  3.148344538728340E-002
  3.170646613633293E-002
  3.173966057427570E-002
  3.177406816820696E-002
  3.169824429064542E-002
  3.124507063354826E-002
  3.165135281233790E-002
  3.172907937849114E-002
  3.176520261750129E-002
  3.177674804437235E-002
  3.158421405480197E-002
  3.185330806262070E-002
  3.152879652655172E-002
  3.141972462612029E-002
  3.145083533433480E-002
  3.140644204059817E-002
  3.175315868961111E-002
  3.138286374996712E-002
  3.153599604053532E-002
  3.167678652157271E-002
  3.175688861332365E-002
  3.161264474713593E-002
  3.180707057104965E-002
  3.169766009980047E-002
  3.175793425771650E-002
  3.166139566748220E-002
  3.164199353340526E-002
  3.130291849094555E-002
  3.169862303231794E-002
  3.170623998128893E-002
  3.181614759736381E-002
  3.146929617804624E-002
  3.137260101931225E-002
  3.131535498364180E-002
  3.128201793740151E-002
  3.130838281722891E-002
  3.150068080674962E-002
  3.162658435729544E-002
  3.164780849704403E-002
  3.155699863650414E-002
  3.142376251073625E-002
  3.174983832285574E-002
  3.161384729339765E-002
  3.158277809773653E-002
  3.145369814834761E-002
  3.154071650675720E-002
  3.160615236140656E-002
  3.156827028155933E-002
  3.125237985405786E-002
  3.198824605207406E-002
  3.177500058063144E-002
  3.194409563244433E-002
  3.155199756586973E-002
  3.193482624447520E-002
  3.189308900218009E-002
  3.160252975521886E-002
  3.144657394206262E-002
  3.172656652650389E-002
  3.154977650300301E-002
  3.157370143792690E-002
  3.152723237673320E-002
  3.162671680102967E-002
  3.160155424680901E-002
  3.165091233106756E-002
  3.151004278136253E-002
  3.146428002555410E-002
  3.157067099706112E-002
  3.167767771614489E-002
  3.133251252775392E-002
  3.159110992563549E-002
  3.156349443185588E-002
  3.171154152399508E-002
  3.182079962615030E-002
  3.140844192755311E-002
  3.147913257294912E-002
  3.144384205971534E-002
  3.160590122815317E-002
  3.177193214418002E-002
  3.137684994620948E-002
  3.141261599609493E-002
  3.170047743208610E-002
  3.186952294211881E-002
  3.150017233992644E-002
  3.193716975989583E-002
  3.173148778819574E-002
  3.144312886419907E-002
  3.126093967670351E-002
  3.173336036891821E-002
  3.170748714649489E-002
  3.177270596150875E-002
  3.200327115011031E-002
  3.158111192372785E-002
  3.146034618223791E-002
  3.192729420707080E-002
  3.162769603275321E-002
  3.156626192338340E-002
  3.150993441378041E-002
  3.181918486131382E-002
  3.146603484408926E-002
  3.186287587601840E-002
  3.129789898539713E-002
  3.162913677652823E-002
  3.157266686042332E-002
  3.146231168749006E-002
  3.193521055080865E-002
  3.162317929933556E-002
  3.152538217652696E-002
  3.184749043340673E-002
  3.188422985796909E-002
  3.176612348888268E-002
  3.162018451029169E-002
  3.167871457990050E-002
  3.168556214739092E-002
  3.185967265469902E-002
  3.186781095245646E-002
  3.133215455862327E-002
  3.164222299087910E-002
  3.149319397425051E-002
  3.138221269964005E-002
  3.151306890578290E-002
  3.157206302874972E-002
  3.141041435922564E-002
  3.151245271616963E-002
  3.180979395902477E-002
  3.156260464785924E-002
  3.169628000085219E-002
  3.171993341968436E-002
  3.156359931233587E-002
  3.150211641254294E-002
  3.122682750517121E-002
  3.168486133302899E-002
  3.148248131730124E-002
  3.128720480988524E-002
  3.166682463254186E-002
  3.202874859649465E-002
  3.152801359854130E-002
  3.197720047086333E-002
  3.114874089168236E-002
  3.164388529732872E-002
  3.184172600282158E-002
  3.145489485656508E-002
  3.165300148112123E-002
  3.171068907523612E-002
  3.156901137466743E-002
  3.185345450410159E-002
  3.176275638463923E-002
  3.164326305108906E-002
  3.189285247338579E-002
  3.131136106527067E-002
  3.144400561090919E-002
  3.162923904671099E-002
  3.171626217397502E-002
  3.158203592204076E-002
  3.159548854774071E-002
  3.137637954174597E-002
  3.156285795445388E-002
  3.166795300589759E-002
  3.167597400678009E-002
  3.140787587104080E-002
  3.182562623919782E-002
  3.155457755099225E-002
  3.163963635728607E-002
  3.151900728806489E-002
  3.156046110947613E-002
  3.134466248747564E-002
  3.187107476778639E-002
  3.180023081156826E-002
  3.199412226415636E-002
  3.171517201931583E-002
  3.184867780785487E-002
  3.150515230177536E-002
  3.126702781563895E-002
  3.185496561854245E-002
  3.168044841943485E-002
  3.132324503416879E-002
  3.170513559420138E-002
  3.134676711479887E-002
  3.140115143670074E-002
  3.175243180777378E-002
  3.162324280249037E-002
  3.122854457068057E-002
  3.150434374385696E-002
  3.152612153447242E-002
  3.185920620526540E-002
  3.162967782415305E-002
  3.149791303962761E-002
  3.145072073057738E-002
  3.177867959116295E-002
  3.153639883559439E-002
  3.197342868309876E-002
  3.153913371685598E-002
  3.150724960766461E-002
  3.158218080097051E-002
  3.150536754438202E-002
  3.190542695926695E-002
  3.172919755223400E-002
  3.160300259060721E-002
  3.201452518059358E-002
  3.182352419097192E-002
  3.187800590937572E-002
  3.175960271660993E-002
  3.152535374881096E-002
  3.189285348275130E-002
  3.154226052350596E-002
  3.153513859280450E-002
  3.130961671083067E-002
  3.151315427661901E-002
  3.194257616762036E-002
  3.169018163101481E-002
  3.151829350131401E-002
  3.176452891033602E-002
  3.164643941596596E-002
  3.141162938127942E-002
  3.165946407075869E-002
  3.160997862715881E-002
  3.187457823290755E-002
  3.170394944916541E-002
  3.171842175029256E-002
  3.173526854061050E-002
  3.208594671032781E-002
  3.181887576484389E-002
  3.139191323521887E-002
  3.139615046407667E-002
  3.174798506437716E-002
  3.163413199510456E-002
  3.123161251379368E-002
  3.145798857526098E-002
  3.171686515820557E-002
  3.164094544158375E-002
  3.183914702997956E-002
  3.146941735516766E-002
  3.164818786275968E-002
  3.173192667146877E-002
  3.155965623688864E-002
  3.146548148889215E-002
  3.222126355127355E-002
  3.143820340371278E-002
  3.162930850809178E-002
  3.188256645822890E-002
  3.161317475572133E-002
  3.152637445396182E-002
  3.144894015213642E-002
  3.213737200238810E-002
  3.140452624852695E-002
  3.155617577909254E-002
  3.135169116272959E-002
  3.169032416764390E-002
  3.164327666838215E-002
  3.174794526435465E-002
  3.162621630683234E-002
  3.152115531265216E-002
  3.132407096303105E-002
  3.141090688976485E-002
  3.152703909621089E-002
  3.129507311659935E-002
  3.140421826385013E-002
  3.150088219705457E-002
  3.168309393590282E-002
  3.175220456045452E-002
  3.151489804930147E-002
  3.139051347173032E-002
  3.123316136726772E-002
  3.146214340377034E-002
  3.157659238967200E-002
  3.130255858170756E-002
  3.171410182475379E-002
  3.149925909330011E-002
  3.181120541251281E-002
  3.172291736719290E-002
  3.148635318973688E-002
  3.159001443272779E-002
  3.186383315550772E-002
  3.182300472690362E-002
  3.181777369077416E-002
  3.133292418315697E-002
  3.126258593698777E-002
  3.134410021225197E-002
  3.149246654757668E-002
  3.159027706069575E-002
  3.184356912394068E-002
  3.125727409819389E-002
  3.176162384614124E-002
  3.153987638989222E-002
  3.152174940396701E-002
  3.178281367602531E-002
  3.163891679933041E-002
  3.195107095516415E-002
  3.168721854152790E-002
  3.149073118446857E-002
  3.136412660922667E-002
  3.179233160045594E-002
  3.130677201475745E-002
  3.149666142354374E-002
  3.163725008372888E-002
  3.162016517740217E-002
  3.135705157739981E-002
  3.190376491358222E-002
  3.193630907171508E-002
  3.171950870400003E-002
  3.183226021621632E-002
  3.196622893292987E-002
  3.137487301237792E-002
  3.141418683142450E-002
  3.181289254652540E-002
  3.181397080918313E-002
  3.173561440341509E-002
  3.182699767952061E-002
  3.140438243717687E-002
  3.152342145364729E-002
  3.178387652510925E-002
  3.153383443742209E-002
  3.165620782790816E-002
  3.171760729730480E-002
  3.152932606948838E-002
  3.153086732744045E-002
  3.207486278927589E-002
  3.153001625643490E-002
  3.164984455871721E-002
  3.155218010634599E-002
  3.163703001755269E-002
  3.166920645678338E-002
  3.167022415773148E-002
  3.147250605778900E-002
  3.160189258219338E-002
  3.142919770284245E-002
  3.146521844901790E-002
  3.190648870652341E-002
  3.149824857300258E-002
  3.171846189463080E-002
  3.183336904608101E-002
  3.192173396555649E-002
  3.174598052951656E-002
  3.175623045547973E-002
  3.164198976448114E-002
  3.127799717916701E-002
  3.122636334544705E-002
  3.176879350490503E-002
  3.153916485521630E-002
  3.157018909912425E-002
  3.160599533916638E-002
  3.175706674441323E-002
  3.182475881595215E-002
  3.147817133120484E-002
  3.159864719065934E-002
  3.174056766869004E-002
  3.138589447107892E-002
  3.149500157053761E-002
  3.150733609268169E-002
  3.172606061320572E-002
  3.138401145645144E-002
  3.170407522493762E-002
  3.178143381887154E-002
  3.121789792674810E-002
  3.174853673201106E-002
  3.150217413715233E-002
  3.181955985574738E-002
  3.143518337590179E-002
  3.149487186347269E-002
  3.154708414685338E-002
  3.141103206454869E-002
  3.140039414573232E-002
  3.187054130185887E-002
  3.126759636970964E-002
  3.111900296300319E-002
  3.170942944873594E-002
  3.151326768041247E-002
  3.168342669807795E-002
  3.164060625341976E-002
  3.184335182270492E-002
  3.168562594028208E-002
  3.177327629414685E-002
  3.115780368317220E-002
  3.172175410774129E-002
  3.173224137354690E-002
  3.161168218152909E-002
  3.186076734939483E-002
  3.164221009990667E-002
  3.123518585060445E-002
  3.167644179401579E-002
  3.149544443670817E-002
  3.153397994623749E-002
  3.178947757561629E-002
  3.135775685902625E-002
  3.193699914631121E-002
  3.163722752861111E-002
  3.136968453177480E-002
  3.155748370900145E-002
  3.153858062840011E-002
  3.147595886616220E-002
  3.172951044267794E-002
  3.167437577315917E-002
  3.140684452967759E-002
  3.158571269063037E-002
  3.156145331455939E-002
  3.182203700503718E-002
  3.141121794690511E-002
  3.165946109996166E-002
  3.184213990172897E-002
  3.165481035742841E-002
  3.165533319717915E-002
  3.153204416196258E-002
  3.160310835871712E-002
  3.148421679810305E-002
  3.144427097757101E-002
  3.151677514116364E-002
  3.135352626089476E-002
  3.153912500723097E-002
  3.157818695490799E-002
  3.166720208785734E-002
  3.146936481940475E-002
  3.152172797667920E-002
  3.159839364747832E-002
  3.185946908621521E-002
  3.185262515605961E-002
  3.144352918248808E-002
  3.166752283865530E-002
  3.144766742122207E-002
  3.156437503297849E-002
  3.194966300639587E-002
  3.151948684367525E-002
  3.159633627391549E-002
  3.131515387139865E-002
  3.145973463358040E-002
  3.205243463674100E-002
  3.185122913243196E-002
  3.191247387954834E-002
  3.203600433246827E-002
  3.151392991822641E-002
  3.182999830903676E-002
  3.181066016275033E-002
  3.181045435142377E-002
  3.141543032868240E-002
  3.165061372122149E-002
  3.168886000496002E-002
  3.135983241040761E-002
  3.181025367283135E-002
  3.148613850223420E-002
  3.177515232611651E-002
  3.139909209625781E-002
  3.169424650519918E-002
  3.177558344783910E-002
  3.120281705903798E-002
  3.176704195035655E-002
  3.169337166186047E-002
  3.181672703677973E-002
  3.184233659073753E-002
  3.165820473449117E-002
  3.149185438707681E-002
  3.147610702258705E-002
  3.163082956767673E-002
  3.160896226293514E-002
  3.174612210484115E-002
  3.176290104723110E-002
  3.190457066930930E-002
  3.165303682201135E-002
  3.158993759115411E-002
  3.151809460278065E-002
  3.187087400704689E-002
  3.170874825782048E-002
  3.174868256346589E-002
  3.167706439568871E-002
  3.149760422348650E-002
  3.178884064206824E-002
  3.171743911269793E-002
  3.151660964906635E-002
  3.158779354402030E-002
  3.151464634408613E-002
  3.179115318638005E-002
  3.183916347568898E-002
  3.161585705683181E-002
  3.170019796267879E-002
  3.149483160051884E-002
  3.129213619237543E-002
  3.124602261999342E-002
  3.183597927360318E-002
  3.160258905837916E-002
  3.144400398334511E-002
  3.178112573340163E-002
  3.135623768342506E-002
  3.151108781883434E-002
  3.178239525019318E-002
  3.173062923363572E-002
  3.131079637924358E-002
  3.175579174379909E-002
  3.140974941169124E-002
  3.155417917311165E-002
  3.177411749930037E-002
  3.155334475707473E-002
  3.212101778803134E-002
  3.167653273901747E-002
  3.180786619310799E-002
  3.185426949036856E-002
  3.145818574453249E-002
  3.137240444415639E-002
  3.194070609120215E-002
  3.132572977877727E-002
  3.168122437826871E-002
  3.144317888782035E-002
  3.188072095341186E-002
  3.124273853676023E-002
  3.187504579500160E-002
  3.167363798608663E-002
  3.152899588547173E-002
  3.172480567616386E-002
  3.161092654973621E-002
  3.146895540568072E-002
  3.186558812294783E-002
  3.148480803609333E-002
  3.148296884703405E-002
  3.159885919934616E-002
  3.182065620885353E-002
  3.178141203168241E-002
  3.164257110502373E-002
  3.178163511978382E-002
  3.161184760616546E-002
  3.141025242837345E-002
  3.162503719265367E-002
  3.176140664322810E-002
  3.202437894676494E-002
  3.144470317186938E-002
  3.179363763786505E-002
  3.130896263477006E-002
  3.147998396018867E-002
  3.142464593717467E-002
  3.175637783146825E-002
  3.157919898643330E-002
  3.171404606991794E-002
  3.175496225571856E-002
  3.177219673295389E-002
  3.171078681636368E-002
  3.152019204981236E-002
  3.148431040743509E-002
  3.153873858875547E-002
  3.154415507535895E-002
  3.143125473005362E-002
  3.169393958281431E-002
  3.164658364922765E-002
  3.158308418958800E-002
  3.132192296961982E-002
  3.176588930252146E-002
  3.184277099326134E-002
  3.162442340486040E-002
  3.154933409497058E-002
  3.167560624507353E-002
  3.135013055675601E-002
  3.152970411331362E-002
  3.153183634917428E-002
  3.121211507141104E-002
  3.165829110626268E-002
  3.151315635720432E-002
  3.176567684807738E-002
  3.177468373030902E-002
  3.152217012034379E-002
  3.160122112310277E-002
  3.159708439674799E-002
  3.167326819295856E-002
  3.189964049349738E-002
  3.169541041743929E-002
  3.155770581483183E-002
  3.156013144165394E-002
  3.177312393071800E-002
  3.154139166290525E-002
  3.137397114772042E-002
  3.160869009077966E-002
  3.143586284367651E-002
  3.155717436984179E-002
  3.163021159625163E-002
  3.149095528068194E-002
  3.180848809970659E-002
  3.159378781965994E-002
  3.173079479400560E-002
  3.168247981522596E-002
  3.176448278257711E-002
  3.123933494127116E-002
  3.178966244292613E-002
  3.174657994882450E-002
  3.146760753791752E-002
  3.143142522092484E-002
  3.168833560735148E-002
  3.202861224508071E-002
  3.165673512070732E-002
  3.161139294020428E-002
  3.163003980925642E-002
  3.158250469504108E-002
  3.157334675035874E-002
  3.154478506927199E-002
  3.186130997950360E-002
  3.144971086398803E-002
  3.151050320168493E-002
  3.159854095622110E-002
  3.169909414229912E-002
  3.149947145519452E-002
  3.158339496538029E-002
  3.143201156255206E-002
  3.162306493781253E-002
  3.166740363264590E-002
  3.158171129587956E-002
  3.163284620221872E-002
  3.164656064319651E-002
  3.157738818089066E-002
  3.182653238154259E-002
  3.151684470859715E-002
  3.131744229119164E-002
  3.134434306883811E-002
  3.165450834172825E-002
  3.169822255861891E-002
  3.154419921806281E-002
  3.158579474945598E-002
  3.149749041048928E-002
  3.139513773865275E-002
  3.162169055138018E-002
  3.128797851670407E-002
  3.158040522244720E-002
  3.161783154334172E-002
  3.149764735970012E-002
  3.149366084131428E-002
  3.156118247793901E-002
  3.132021758490943E-002
  3.164494472711388E-002
  3.186536315773750E-002
  3.148759411308200E-002
  3.167518824788204E-002
  3.176150414663285E-002
  3.181710606894499E-002
  3.128553424721413E-002
  3.213105199894984E-002
  3.128681831845712E-002
  3.135509225206758E-002
  3.136387691182235E-002
  3.149903486746226E-002
  3.148982009241719E-002
  3.162920373497638E-002
  3.140620755757718E-002
  3.163661776932471E-002
  3.168734633139896E-002
  3.158184194066860E-002
  3.165527493091156E-002
  3.155512501536110E-002
  3.143015389152144E-002
  3.201283207455700E-002
  3.156633243118571E-002
  3.174160177019977E-002
  3.181219643029613E-002
  3.172756166096143E-002
  3.163088941305475E-002
  3.185930681002545E-002
  3.152592210088744E-002
  3.188159127594067E-002
  3.171501227911253E-002
  3.156659304703232E-002
  3.146122578382461E-002
  3.174046501235572E-002
  3.139976241047952E-002
  3.160712091696804E-002
  3.149262765730714E-002
  3.163535881365145E-002
  3.143096569011380E-002
  3.172880283488887E-002
  3.140864453754964E-002
  3.168827197870662E-002
  3.160195503718412E-002
  3.138789611633359E-002
  3.141449534284724E-002
  3.162983384482704E-002
  3.148051134980084E-002
  3.180795511673815E-002
  3.143748728473719E-002
  3.159371363525969E-002
  3.185458788342490E-002
  3.173133332301728E-002
  3.175283686803849E-002
  3.148597762627176E-002
  3.181529088342073E-002
  3.155378838382417E-002
  3.151978794439891E-002
  3.208144763062014E-002
  3.179083747548927E-002
  3.191072309041326E-002
  3.185895091419892E-002
  3.174076359215092E-002
  3.189275126846431E-002
  3.206842890072625E-002
  3.153380964551376E-002
  3.180020254655145E-002
  3.188009475498105E-002
  3.160783199565523E-002
  3.159921730188017E-002
  3.161141299697255E-002
  3.166043689447621E-002
  3.180837428459849E-002
  3.141111650505360E-002
  3.150634135349086E-002
  3.138134109995266E-002
  3.133893154121493E-002
  3.154776895936039E-002
  3.171561689055231E-002
  3.166324982540961E-002
  3.142519184083445E-002
  3.153321749190117E-002
  3.166550592483517E-002
  3.181156550663550E-002
  3.171513170998971E-002
  3.145628224491959E-002
  3.164115850808300E-002
  3.146174524856583E-002
  3.165580864264490E-002
  3.174168359213490E-002
  3.152306540147778E-002
  3.184732031285155E-002
  3.176445683627599E-002
  3.168407984766890E-002
  3.150179114515803E-002
  3.187867834377157E-002
  3.148607745548018E-002
  3.153003964945345E-002
  3.120605075307280E-002
  3.187592102658487E-002
  3.175209867318132E-002
  3.175342682025234E-002
  3.144371210476266E-002
  3.136779963536965E-002
  3.142607973983057E-002
  3.160744342562369E-002
  3.172990333661890E-002
  3.174354534539794E-002
  3.161430737974710E-002
  3.168669099049966E-002
  3.168613540420982E-002
  3.132782488048084E-002
  3.180210947828055E-002
  3.134142157827599E-002
  3.149390849345673E-002
  3.177320504320478E-002
  3.184694122079921E-002
  3.126874934029719E-002
  3.173224065910179E-002
  3.152611488376036E-002
  3.166612434867227E-002
  3.169555567258883E-002
  3.156987306144862E-002
  3.157495228516585E-002
  3.189944332108307E-002
  3.164507922765781E-002
  3.150384602084998E-002
  3.168711650143587E-002
  3.178999882667186E-002
  3.152939834040629E-002
  3.161890918175355E-002
  3.173968949938041E-002
  3.154235069660224E-002
  3.166438429532746E-002
  3.165913180746099E-002
  3.172181941471938E-002
  3.151902258499685E-002
  3.172778337832872E-002
  3.123252320802874E-002
  3.166475942169177E-002
  3.181393514273303E-002
  3.157902814557534E-002
  3.169792639041366E-002
  3.164612544241238E-002
  3.152390312409450E-002
  3.154237911421215E-002
  3.179377437420419E-002
  3.191413279765859E-002
  3.186087191900012E-002
  3.156222972096478E-002
  3.156400104665853E-002
  3.147125835205216E-002
  3.153644607702070E-002
  3.135669981682465E-002
  3.167492741615407E-002
  3.178001942590744E-002
  3.155551159322845E-002
  3.161665776914697E-002
  3.133353476186836E-002
  3.171278644547350E-002
  3.147163470015370E-002
  3.160856953266118E-002
  3.153038920914020E-002
  3.174147546505758E-002
  3.191097615730311E-002
  3.138217086317836E-002
  3.162235811485838E-002
  3.177655100474722E-002
  3.158742262010127E-002
  3.169142379435822E-002
  3.136543338543422E-002
  3.143762359911025E-002
  3.146289593929386E-002
  3.160099061775645E-002
  3.195107612646420E-002
  3.184228164665053E-002
  3.153652734274875E-002
  3.158147969087314E-002
  3.150139896091741E-002
  3.159002276357992E-002
  3.157949331160680E-002
  3.160623915964192E-002
  3.147089699196470E-002
  3.189701102528739E-002
  3.186613694863726E-002
  3.170787698506117E-002
  3.171162026788319E-002
  3.163925295356320E-002
  3.167715335760256E-002
  3.158722244737901E-002
  3.133434300825601E-002
  3.188152636530788E-002
  3.163615375194828E-002
  3.171353820463318E-002
  3.163709097357293E-002
  3.147472727071355E-002
  3.131880656180732E-002
  3.188964829478679E-002
  3.134323932813336E-002
  3.144122250800394E-002
  3.151119336493787E-002
  3.172304916639152E-002
  3.125653279727284E-002
  3.183082762034656E-002
  3.142857554753112E-002
  3.160628284120490E-002
  3.159639775383127E-002
  3.152586065841964E-002
  3.141899278960073E-002
  3.178684235619589E-002
  3.173442166426620E-002
  3.141975255096457E-002
  3.147826055389380E-002
  3.198512074737966E-002
  3.171482827860602E-002
  3.179522377682942E-002
  3.152864273741538E-002
  3.172652565930553E-002
  3.193792239643773E-002
  3.147754213505214E-002
  3.158428424922439E-002
  3.164622688899233E-002
  3.142072951375412E-002
  3.176411100823311E-002
  3.158058151876125E-002
  3.173024511248172E-002
  3.139012387092675E-002
  3.158064386578867E-002
  3.160738866542086E-002
  3.160299256388910E-002
  3.173197792955421E-002
  3.154167667255631E-002
  3.174598065063446E-002
  3.203165936078514E-002
  3.140258346717943E-002
  3.162141938466614E-002
  3.163990130037742E-002
  3.183154019920107E-002
  3.168921393468481E-002
  3.133136605064808E-002
  3.176226742214393E-002
  3.152498229383483E-002
  3.147860620800010E-002
  3.201861090870582E-002
  3.150910232123290E-002
  3.177413528983611E-002
  3.138039827951279E-002
  3.158046363599724E-002
  3.128261533746406E-002
  3.179579519004166E-002
  3.151618900258026E-002
  3.161504742778039E-002
  3.197351858587028E-002
  3.168349971204582E-002
  3.146514971168354E-002
  3.161084398232505E-002
  3.162702309075095E-002
  3.137406419687611E-002
  3.154120359072383E-002
  3.177073177438547E-002
  3.182087815896761E-002
  3.167963987105445E-002
  3.173034047780977E-002
  3.189975125335510E-002
  3.189691428133234E-002
  3.169193756773052E-002
  3.177948953451971E-002
  3.152331746699150E-002
  3.175455701372561E-002
  3.173181357129470E-002
  3.155083290359770E-002
  3.145985452758392E-002
  3.178867994486373E-002
  3.149590792626564E-002
  3.149439195554324E-002
  3.146660081651423E-002
  3.156700201685064E-002
  3.186464895240033E-002
  3.159126905786351E-002
  3.178245138628291E-002
  3.164688642321989E-002
  3.161395518147666E-002
  3.146235897870536E-002
  3.147781419278627E-002
  3.161968305241167E-002
  3.192575096044456E-002
  3.160067547414148E-002
  3.144110564158875E-002
  3.187891967481675E-002
  3.176345783076702E-002
  3.180622657647680E-002
  3.163987080492792E-002
  3.181842398905504E-002
  3.181061199697212E-002
  3.125710893913795E-002
  3.180671966146973E-002
  3.119372135392996E-002
  3.166560125391110E-002
  3.179874569838996E-002
  3.154521472642113E-002
  3.146466854836248E-002
  3.154940519175638E-002
  3.146173460654963E-002
  3.151893670543645E-002
  3.159715736870055E-002
  3.132781627546075E-002
  3.193578924816337E-002
  3.159560971335873E-002
  3.161361714450527E-002
  3.172859404027163E-002
  3.153039158553474E-002
  3.157558789397719E-002
  3.158824127436459E-002
  3.175628261346333E-002
  3.169253034342819E-002
  3.170355300520116E-002
  3.156188595067581E-002
  3.199643299607743E-002
  3.179280884502725E-002
  3.149595077446780E-002
  3.145059463029190E-002
  3.160377833876304E-002
  3.180237777348020E-002
  3.165464884203140E-002
  3.190377575754062E-002
  3.152880368299795E-002
  3.147738195998042E-002
  3.165288306859276E-002
  3.180589669665310E-002
  3.153716854659587E-002
  3.158523473260649E-002
  3.198251243863717E-002
  3.143196204617935E-002
  3.195766408398892E-002
  3.152410860729599E-002
  3.187467317269777E-002
  3.159401091214981E-002
  3.144739859384221E-002
  3.172025223850128E-002
  3.160707401846273E-002
  3.141685039188835E-002
  3.147668235237781E-002
  3.153788988674405E-002
  3.153452015154515E-002
  3.162296911284797E-002
  3.161717424321579E-002
  3.153745158736388E-002
  3.144893834758910E-002
  3.154734763649794E-002
  3.150559752461762E-002
  3.146333099377650E-002
  3.166708875362445E-002
  3.147013841553624E-002
  3.169441133584184E-002
  3.157698479323930E-002
  3.178102210268532E-002
  3.171464526441698E-002
  3.122037285572087E-002
  3.182161496350185E-002
  3.153387907433866E-002
  3.151076096848748E-002
  3.180035319833882E-002
  3.177668251764286E-002
  3.159934131778422E-002
  3.161339272928524E-002
  3.171987747237929E-002
  3.158600765852043E-002
  3.155255748773046E-002
  3.154215501982527E-002
  3.169270087197533E-002
  3.150758132501131E-002
  3.159946219635135E-002
  3.144424537517852E-002
  3.135581783795634E-002
  3.173417747716545E-002
  3.153245667788674E-002
  3.178167134935055E-002
  3.139762289856243E-002
  3.152640892532667E-002
  3.161909439617019E-002
  3.177910561298019E-002
  3.166083975352910E-002
  3.138535126509832E-002
  3.152783983575681E-002
  3.181645528673260E-002
  3.170276723063089E-002
  3.190705028858859E-002
  3.170392120675268E-002
  3.132919360076913E-002
  3.159733775196759E-002
  3.170609773748401E-002
  3.132631632865834E-002
  3.148339267888946E-002
  3.176084904820384E-002
  3.182446764015854E-002
  3.148138142641048E-002
  3.143373720109960E-002
  3.147561826428986E-002
  3.147469554680529E-002
  3.145435852593365E-002
  3.168891637924617E-002
  3.139965010635950E-002
  3.168144448862860E-002
  3.195122300081402E-002
  3.152800420799134E-002
  3.183095098956212E-002
  3.162807557276624E-002
  3.158133304257432E-002
  3.162918724558356E-002
  3.168614325430788E-002
  3.152907319977891E-002
  3.176501242620304E-002
  3.168036480306791E-002
  3.165468226177452E-002
  3.132694642433467E-002
  3.133041499550738E-002
  3.185240902161719E-002
  3.128956691346392E-002
  3.170478845655619E-002
  3.175780130030487E-002
  3.185614230720319E-002
  3.167961060144138E-002
  3.167750473144423E-002
  3.155911386602699E-002
  3.124459635325964E-002
  3.144429590850780E-002
  3.167248603001866E-002
  3.132859668012219E-002
  3.166270144031896E-002
  3.146604061090442E-002
  3.192563021826637E-002
  3.151989320426832E-002
  3.142557523702504E-002
  3.156943752510408E-002
  3.154498208826916E-002
  3.174064185568706E-002
  3.143510407484854E-002
  3.176541573797532E-002
  3.165812584405771E-002
  3.153769757576518E-002
  3.173060503757907E-002
  3.188272677239895E-002
  3.185013462065539E-002
  3.178373315253763E-002
  3.150180933531983E-002
  3.164008632118787E-002
  3.136425361817356E-002
  3.161132283750706E-002
  3.122074315022918E-002
  3.172620901273374E-002
  3.168771074293821E-002
  3.128232591639342E-002
  3.154571127954280E-002
  3.136353620281708E-002
  3.181950254609944E-002
  3.157605689124604E-002
  3.164677271743994E-002
  3.151723002039878E-002
  3.170864159926751E-002
  3.170928048754913E-002
  3.140648699607013E-002
  3.143102855271157E-002
  3.153253924570684E-002
  3.191713235641797E-002
  3.165458030507946E-002
  3.150682870522471E-002
  3.178879682411356E-002
  3.183345156235676E-002
  3.156277201542214E-002
  3.166861480649351E-002
  3.189331895734439E-002
  3.161992552378437E-002
  3.150652447450612E-002
  3.136116185161255E-002
  3.170716096058453E-002
  3.146912200983663E-002
  3.177909183493035E-002
  3.177436480790519E-002
  3.187223288039106E-002
  3.160325526218365E-002
  3.199605641933363E-002
  3.174457477548939E-002
  3.158447746957632E-002
  3.143459684122347E-002
  3.144563330733143E-002
  3.136380654145047E-002
  3.161541197155535E-002
  3.182009978382804E-002
  3.162518814271934E-002
  3.157103031740378E-002
  3.138856708511904E-002
  3.170596543064811E-002
  3.124506229154849E-002
  3.152102331206394E-002
  3.154777761540671E-002
  3.160198898604041E-002
  3.169280239043695E-002
  3.177259673318430E-002
  3.137757400821709E-002
  3.140188290545628E-002
  3.169901626652875E-002
  3.145040820824254E-002
  3.154203686200641E-002
  3.155017459723478E-002
  3.130702908869609E-002
  3.141138703175972E-002
  3.152710847079669E-002
  3.152128996928981E-002
  3.145093475550674E-002
  3.129349474198551E-002
  3.178005897380126E-002
  3.142450689286833E-002
  3.140263039050634E-002
  3.163512782877045E-002
  3.184468300754071E-002
  3.174003030829207E-002
  3.130937035436594E-002
  3.163329241850241E-002
  3.152223497411415E-002
  3.180217607834215E-002
  3.161745935217268E-002
  3.172817115496639E-002
  3.167663752139203E-002
  3.145660792015013E-002
  3.178415987860465E-002
  3.153929968327957E-002
  3.148278045264859E-002
  3.177699115168686E-002
  3.163117111776838E-002
  3.203740331154844E-002
  3.124878904644893E-002
  3.152768230681702E-002
  3.151168605827636E-002
  3.150873674930323E-002
  3.177792860567193E-002
  3.157370992718753E-002
  3.161030770679504E-002
  3.149391829061158E-002
  3.170653632336372E-002
  3.186134879464372E-002
  3.155517978795822E-002
  3.153463767381542E-002
  3.209031692067760E-002
  3.157760377724670E-002
  3.195497160520839E-002
  3.138582676309413E-002
  3.183504979156188E-002
  3.136630800266828E-002
  3.145780848004821E-002
  3.183334343523214E-002
  3.214053767869053E-002
  3.188745101698890E-002
  3.160513089540459E-002
  3.139588902676868E-002
  3.128705222570412E-002
  3.160846761763634E-002
  3.159461958291838E-002
  3.153189504638295E-002
  3.151776607161575E-002
  3.139047324439568E-002
  3.139675043011662E-002
  3.152043441422890E-002
  3.152196167591657E-002
  3.124000941283275E-002
  3.157649753940803E-002
  3.145446962387605E-002
  3.148106957491077E-002
  3.153551321776109E-002
  3.151543081237007E-002
  3.139390315237241E-002
  3.162917747146950E-002
  3.173368889091972E-002
  3.199465634643357E-002
  3.166313476126063E-002
  3.192453559081838E-002
  3.135450518832595E-002
  3.166965582073120E-002
  3.164958826515697E-002
  3.146681590357328E-002
  3.153999927309377E-002
  3.192434087509918E-002
  3.173187478765499E-002
  3.187596183899714E-002
  3.159715736504470E-002
  3.168446135065998E-002
  3.155482138617259E-002
  3.178461869031860E-002
  3.146973126571487E-002
  3.136771665140504E-002
  3.163208269525309E-002
  3.157049723370198E-002
  3.167644344811475E-002
  3.193722154182499E-002
  3.126252792577060E-002
  3.152390782671848E-002
  3.146067026907259E-002
  3.142048257344072E-002
  3.172954351357437E-002
  3.185240109121198E-002
  3.184014721748926E-002
  3.177450319570856E-002
  3.156621050763433E-002
  3.174017973622331E-002
  3.150188867946214E-002
  3.138638713792782E-002
  3.169103527541363E-002
  3.164676886113264E-002
  3.157415485389568E-002
  3.169693103591579E-002
  3.138633006328162E-002
  3.171062571889738E-002
  3.132491859508100E-002
  3.164307258658878E-002
  3.137954456626274E-002
  3.154282344543564E-002
  3.189146882548106E-002
  3.151964949020797E-002
  3.133787768007320E-002
  3.179016680981137E-002
  3.167175104475874E-002
  3.167628809782517E-002
  3.143592720305186E-002
  3.151233681741211E-002
  3.133850987300464E-002
  3.164882732789871E-002
  3.215439666333445E-002
  3.135711826038152E-002
  3.169105651557379E-002
  3.162864226217518E-002
  3.162255536033647E-002
  3.169790779308842E-002
  3.178574534291612E-002
  3.151060733118373E-002
  3.162151695982766E-002
  3.151164514104793E-002
  3.149215713623753E-002
  3.155981869684747E-002
  3.138395275936772E-002
  3.174996505397971E-002
  3.174612886311886E-002
  3.171246236727623E-002
  3.138035594209844E-002
  3.178839846938475E-002
  3.132128971408007E-002
  3.142419399250049E-002
  3.169146990244488E-002
  3.140519549899452E-002
  3.125956490261832E-002
  3.160078219783895E-002
  3.171724575153790E-002
  3.161927572826000E-002
  3.152754855561066E-002
  3.156778110431274E-002
  3.151923078794643E-002
  3.148433598270426E-002
  3.152150063678155E-002
  3.183907815434404E-002
  3.154602836074172E-002
  3.158271212325914E-002
  3.164008520313347E-002
  3.164487085375576E-002
  3.162498033037547E-002
  3.156701982691713E-002
  3.183681510764389E-002
  3.129944277902214E-002
  3.158931068806994E-002
  3.197346632213774E-002
  3.156915277437668E-002
  3.165053965844034E-002
  3.174959359535270E-002
  3.151016791008955E-002
  3.152543614811715E-002
  3.119050279982660E-002
  3.160244698982874E-002
  3.176826583079815E-002
  3.165077434583339E-002
  3.138262844492564E-002
  3.164212789642642E-002
  3.171762820438229E-002
  3.149219598081210E-002
  3.160431381979647E-002
  3.150172980120536E-002
  3.157704585219612E-002
  3.181019655824505E-002
  3.184378890857519E-002
  3.160479007519554E-002
  3.132278357158692E-002
  3.144418386841071E-002
  3.159457302327896E-002
