  0.482153547586446     
  0.535468308872162     
  0.559584929461832     
  0.490143584646889     
  0.500512372973052     
  0.534540021080861     
  0.509623950769865     
  0.514485219997807     
  0.462371144576403     
  0.526632029319059     
  0.505274843859168     
  0.457380329975398     
  0.516112772201679     
  0.483728618101696     
  0.450490632444210     
  0.511105802434456     
  0.476891173470926     
  0.495878741241306     
  0.491022163479480     
  0.508334232346571     
  0.510965478539283     
  0.522270332984981     
  0.476510169353171     
  0.495727650468239     
  0.507231270049389     
  0.483755502062808     
  0.567744174603236     
  0.518022183762309     
  0.476469441172245     
  0.496133108797475     
  0.541462898138087     
  0.453797116583404     
  0.470822966418984     
  0.510734081970378     
  0.468848376157057     
  0.506831538448035     
  0.523916364852452     
  0.451444434540428     
  0.515170180662279     
  0.489837492856397     
  0.513949146363275     
  0.447869215176870     
  0.452085895500402     
  0.501563190562642     
  0.516452351800735     
  0.488133579670928     
  0.478667856513245     
  0.490736682256849     
  0.484680519804803     
  0.477273585805944     
  0.452168694744752     
  0.508430869143181     
  0.496354541772502     
  0.512185510342123     
  0.497625043085866     
  0.486201577044049     
  0.493108362307179     
  0.512536846270274     
  0.526008985887880     
  0.477221897024037     
  0.491833306238790     
  0.456401270382591     
  0.519462626335175     
  0.465716752406080     
  0.499674698143586     
  0.488941858366133     
  0.490871126670546     
  0.496637593862661     
  0.483121791607784     
  0.491522534006298     
  0.484789376479425     
  0.505278642222597     
  0.530097181872554     
  0.516026467555966     
  0.453552640773086     
  0.487681083620910     
  0.499212658771732     
  0.481532288829819     
  0.500689556958477     
  0.515226890828503     
  0.471893961271063     
  0.478211890628733     
  0.553394811826303     
  0.499511746329221     
  0.508684743475472     
  0.486028121828107     
  0.489501337738881     
  0.497848873159173     
  0.543289123026232     
  0.477818198653126     
  0.461806363114505     
  0.468388882322614     
  0.456615914055127     
  0.508030489604563     
  0.491574962080571     
  0.501404501581604     
  0.495637965453565     
  0.534720650448596     
  0.492558223771113     
  0.513941192299180     
  0.510929609624923     
  0.513515411551718     
  0.498193807003259     
  0.471581255933577     
  0.495468140702323     
  0.512022344858614     
  0.461401777852414     
  0.502707083876756     
  0.464406382245883     
  0.497641609751026     
  0.462657975144229     
  0.526126458478540     
  0.503208313462514     
  0.518900497697838     
  0.512841948953090     
  0.495732901306609     
  0.501099612213888     
  0.495291609229379     
  0.480197887388158     
  0.505689182921229     
  0.530887420996739     
  0.497127385901590     
  0.471445490225309     
  0.526423298309190     
  0.421033635990689     
  0.488912350915840     
  0.523453929540853     
  0.497326982056126     
  0.535603002008189     
  0.518177881835025     
  0.526588057672133     
  0.482417314479254     
  0.509038327295604     
  0.546253620422565     
  0.489750084964345     
  0.501808593372031     
  0.500634655305245     
  0.475425448667370     
  0.491389427258383     
  0.502339088678276     
  0.549031779646826     
  0.521882939137518     
  0.502465264559678     
  0.459493925688515     
  0.536116534038242     
  0.493482053141104     
  0.521530903196615     
  0.476178807784577     
  0.457817139494776     
  0.532724926058769     
  0.512981102660090     
  0.498189848763363     
  0.504455413169144     
  0.535752053540915     
  0.514953661741347     
  0.443764296037481     
  0.487572111391586     
  0.478304361153704     
  0.492015419892616     
  0.486011468044588     
  0.440530346876470     
  0.533972871630209     
  0.474055384428495     
  0.476588857655545     
  0.505322532030942     
  0.454815221475684     
  0.470212776603247     
  0.496545730172530     
  0.517420087681851     
  0.495636427749612     
  0.518122933281582     
  0.477091551010562     
  0.487855360434282     
  0.507783166314316     
  0.503939052410343     
  0.503436791618525     
  0.534708313491517     
  0.466072848897055     
  0.517308427905057     
  0.478947426365739     
  0.478675456296333     
  0.500254567119759     
  0.506396081916535     
  0.488772157037071     
  0.550055316968282     
  0.485595388748920     
  0.534297165358793     
  0.505299248612215     
  0.499971962462571     
  0.486247501687974     
  0.499886197707382     
  0.532177857191612     
  0.509795832141044     
  0.497820001658386     
  0.532162587597572     
  0.518044758943945     
  0.508298034693312     
  0.458815889102892     
  0.526201716196853     
  0.502378795445810     
  0.470045824520483     
  0.528294359693622     
  0.477518270536236     
  0.562420061495885     
  0.529648212600342     
  0.503639885157819     
  0.500780886995950     
  0.504919114253934     
  0.543490318379731     
  0.456672751261292     
  0.486241789910428     
  0.498131167325487     
  0.518207137397569     
  0.481729675982295     
  0.480776981958368     
  0.499565284267946     
  0.475443021511819     
  0.517221875217280     
  0.528700324826772     
  0.532579287422827     
  0.469008361416298     
  0.491451467309221     
  0.491279871792521     
  0.454661457329886     
  0.465758106160743     
  0.551663409769168     
  0.525077306490130     
  0.561221790073962     
  0.520865525541042     
  0.492911078224355     
  0.525199002256181     
  0.524789370109398     
  0.438169375800112     
  0.480451535752817     
  0.508230592215728     
  0.448110080873947     
  0.512683649418767     
  0.479565225176377     
  0.511826400048169     
  0.471771190827768     
  0.528604058244244     
  0.451955993653838     
  0.516501386585790     
  0.533959664509478     
  0.477574397378800     
  0.494385134281735     
  0.507891872179236     
  0.467634087819084     
  0.481541040512022     
  0.510970138279955     
  0.517917142769459     
  0.507185269845047     
  0.481086181538580     
  0.474209949152206     
  0.498608939003667     
  0.498227461020871     
  0.489054547379119     
  0.459750251637818     
  0.499840937596656     
  0.445273527553946     
  0.535571907087044     
  0.500194305786323     
  0.520271089476523     
  0.517255152209346     
  0.447205513789589     
  0.501374193761845     
  0.514523100125198     
  0.503711347204492     
  0.527269370859948     
  0.499024670786536     
  0.474657003026510     
  0.497641440522365     
  0.469764095530777     
  0.468391231577126     
  0.482818915299419     
  0.465620887540123     
  0.454577003124960     
  0.524841584680414     
  0.559354491566458     
  0.545093048488480     
  0.522248415086136     
  0.519246895152683     
  0.540239571296213     
  0.523532021714161     
  0.491939618819260     
  0.495983181409413     
  0.499391071668205     
  0.448792987922745     
  0.510200215116822     
  0.503316970103959     
  0.458553964473043     
  0.508728324670241     
  0.525665531969771     
  0.537576993186370     
  0.494363650032001     
  0.488123208881398     
  0.518461525186683     
  0.542272323629887     
  0.481221963367243     
  0.458387031463870     
  0.541965185255247     
  0.464682001167454     
  0.455776083589836     
  0.468016389579230     
  0.587015842390391     
  0.523484322653226     
  0.495493920273250     
  0.523448682574712     
  0.514701691765088     
  0.460080297650771     
  0.535825691780117     
  0.471317688941857     
  0.457297318492576     
  0.480135221023495     
  0.510149457128539     
  0.533411954874784     
  0.476341292982166     
  0.460310303913363     
  0.473897681675954     
  0.511136981432533     
  0.540745333604908     
  0.519140694053628     
  0.506685857949495     
  0.492119570365412     
  0.473763405128983     
  0.505166940151200     
  0.511897929846304     
  0.535973926351588     
  0.483995211298390     
  0.503332815278073     
  0.476582232395682     
  0.494899462580416     
  0.523506367206318     
  0.486589729525407     
  0.512043196174779     
  0.503873974319040     
  0.550359990864402     
  0.531490007522652     
  0.509989374266435     
  0.513296688523915     
  0.461405794173747     
  0.507800420025765     
  0.495781225738993     
  0.506303133752973     
  0.497580009820170     
  0.537716313760391     
  0.515600525805360     
  0.505892879697111     
  0.532418931673958     
  0.497420848312759     
  0.512270293708889     
  0.486830298800100     
  0.557420155490123     
  0.526102034528449     
  0.485327538269846     
  0.517766794925074     
  0.537109068363632     
  0.574770921012572     
  0.515657597448419     
  0.499920538120045     
  0.480809048300818     
  0.520737240862652     
  0.498557674362384     
  0.489048479073739     
  0.476907579241738     
  0.505805131151935     
  0.504975643247018     
  0.466162036765911     
  0.497058002777553     
  0.511710559574146     
  0.501642884445423     
  0.459764354523784     
  0.469319131429146     
  0.498977238899465     
  0.502919867060183     
  0.513200600927416     
  0.504640377899191     
  0.532918220830102     
  0.492042783606051     
  0.517903432283800     
  0.497055237048835     
  0.492675128223410     
  0.489875616280805     
  0.443805531468891     
  0.538895495720265     
  0.482128936255507     
  0.525308192919922     
  0.441939186703548     
  0.495724050240824     
  0.472635655354920     
  0.488827884471709     
  0.495066577112576     
  0.499442731516499     
  0.500032174686913     
  0.474959687837851     
  0.483730296696879     
  0.480172292719842     
  0.475535523760412     
  0.463580497100379     
  0.477479204980658     
  0.492298911172938     
  0.474083871427258     
  0.487671757368906     
  0.503031004383847     
  0.467549932354126     
  0.484317408636094     
  0.492632531368538     
  0.492355250464829     
  0.436809548160863     
  0.501503191890260     
  0.550012052165445     
  0.517862824297380     
  0.489558657229497     
  0.479562147574850     
  0.511131737751085     
  0.495264027030057     
  0.477055672725802     
  0.526382107726475     
  0.494472532208717     
  0.457929030415073     
  0.489682664332419     
  0.516536863072441     
  0.472269338558183     
  0.504037713777589     
  0.507789509109753     
  0.518517023818480     
  0.469449798775529     
  0.511101584978223     
  0.488282860457436     
  0.478574721759244     
  0.491302874246708     
  0.517540754917735     
  0.485644983525133     
  0.463147466325826     
  0.492360779068245     
  0.495944229792929     
  0.458934398729691     
  0.491451782629849     
  0.527571048157291     
  0.497665199922978     
  0.533061190950377     
  0.487952071793317     
  0.496723103775183     
  0.526079676545175     
  0.537918374241656     
  0.488551082586754     
  0.491986458985107     
  0.478334272367316     
  0.535671565845303     
  0.496870825512594     
  0.533689363584816     
  0.496448288021591     
  0.520112103342290     
  0.525471189694921     
  0.478899889302505     
  0.487145041445983     
  0.493556347158679     
  0.501653808087780     
  0.475508687176801     
  0.489256237027624     
  0.501846307931487     
  0.524490894210323     
  0.520837569152674     
  0.516035094514660     
  0.479163067619592     
  0.505701702864238     
  0.469846965195324     
  0.489487413645874     
  0.483648915138266     
  0.529717554292895     
  0.489122654962861     
  0.456962763409508     
  0.491500860938202     
  0.526244456072620     
  0.481927884831914     
  0.492027668220403     
  0.505661882749383     
  0.486276249853152     
  0.498374620803650     
  0.539453680189099     
  0.507872882686404     
  0.479533778202103     
  0.496182721849675     
  0.507728763987561     
  0.501986246945467     
  0.520397202386834     
  0.532448665134795     
  0.477202427444883     
  0.527046998634882     
  0.548380275195934     
  0.535342461939209     
  0.505977736135381     
  0.485885617828637     
  0.498488696384379     
  0.509747771746763     
  0.530308777873848     
  0.476529961177380     
  0.499106241493520     
  0.473497725675611     
  0.476469345699580     
  0.518421434602806     
  0.524989553523353     
  0.501993379133978     
  0.511968473675707     
  0.526608220869604     
  0.497773064999352     
  0.501686243908782     
  0.478309741915438     
  0.463553751954745     
  0.487532675243596     
  0.510338372388072     
  0.462941543444941     
  0.520616747682240     
  0.469054329894526     
  0.502747969153722     
  0.510523787559044     
  0.517616815480984     
  0.448026082159346     
  0.508898275731469     
  0.490859238814866     
  0.485817140558099     
  0.515244188203884     
  0.484794826745785     
  0.489390654730389     
  0.546948207408910     
  0.481494144083941     
  0.522065772874337     
  0.480192460174119     
  0.484123139329112     
  0.511653240451259     
  0.501671714929956     
  0.469674258302378     
  0.500847581044979     
  0.515899279384149     
  0.495521467991714     
  0.510449517522159     
  0.535600226072101     
  0.489932369728933     
  0.493840470782525     
  0.473893043420700     
  0.513633009976678     
  0.502024050725189     
  0.481656442912370     
  0.483966674068723     
  0.509998427908476     
  0.510891312036346     
  0.531931715643606     
  0.467050732803316     
  0.513932079209986     
  0.486265423104600     
  0.486350744871685     
  0.513224669598945     
  0.525809601358247     
  0.506303460795144     
  0.508037296710929     
  0.502135715302251     
  0.492888359481962     
  0.483479047344906     
  0.533609886182133     
  0.485036070831671     
  0.522348577244980     
  0.475848103723071     
  0.466489279311104     
  0.499719156399100     
  0.480002335423553     
  0.512429582454869     
  0.519370694363582     
  0.478052490586405     
  0.463227675925689     
  0.482623788107071     
  0.472749495700253     
  0.453086082415103     
  0.489238809878689     
  0.507283859778574     
  0.543810311177349     
  0.517018119256794     
  0.525828409049311     
  0.477882774497646     
  0.507314133564323     
  0.489259172143207     
  0.491588300693596     
  0.561331416194042     
  0.540213182064261     
  0.499759004837446     
  0.480210442596338     
  0.458444098814440     
  0.515545116466323     
  0.488249740683535     
  0.469465237824916     
  0.535770280397040     
  0.521909719474936     
  0.457639528801562     
  0.458054767484317     
  0.485457102999049     
  0.473749343230934     
  0.525642002062011     
  0.490314401571155     
  0.489079376746408     
  0.536027872544150     
  0.492505504576439     
  0.476757531394379     
  0.521262821912922     
  0.503852991718512     
  0.514186711235748     
  0.471640814183204     
  0.527156378064130     
  0.506151661376652     
  0.496164225825997     
  0.522420678054178     
  0.538632787276907     
  0.466487412978816     
  0.472622865727937     
  0.518315445697485     
  0.523547788754840     
  0.500786341994194     
  0.490878312735608     
  0.559970238190005     
  0.537522851417930     
  0.436900835432505     
  0.523723113794572     
  0.505736065192309     
  0.499749030842444     
  0.454494701181641     
  0.476174417879856     
  0.475208361659704     
  0.494555571827060     
  0.496773440814225     
  0.533171120959719     
  0.507065157226008     
  0.435021014164759     
  0.472773717233549     
  0.539104030695771     
  0.496504043357544     
  0.519024750554476     
  0.560770375630008     
  0.557056461642462     
  0.507343821904218     
  0.499298192148736     
  0.464491867304816     
  0.436705332656308     
  0.487589069262059     
  0.483481807546558     
  0.486610006884433     
  0.498720033898975     
  0.471676198236810     
  0.517918226509891     
  0.493625025088400     
  0.516051677269332     
  0.507805675180119     
  0.474881489016237     
  0.555221876603729     
  0.536941050165330     
  0.495964053285921     
  0.500867290639803     
  0.478548329524402     
  0.512123352554946     
  0.518914160037320     
  0.515907398870694     
  0.498835297596611     
  0.525636648906525     
  0.501077147641017     
  0.504703349920285     
  0.487089887792108     
  0.477439585153815     
  0.542700350167700     
  0.489100808489951     
  0.514991342118916     
  0.460874905272115     
  0.508156388255399     
  0.556812411766712     
  0.518105994717124     
  0.479691470900239     
  0.470784794107216     
  0.482028589826899     
  0.491900928140973     
  0.485541426391370     
  0.501064384076726     
  0.488166474908387     
  0.546923417385188     
  0.501228411201246     
  0.509526659826376     
  0.537937861245384     
  0.503279321211254     
  0.484992336460593     
  0.529518226405919     
  0.494523766890927     
  0.473176434952944     
  0.541962775218259     
  0.491535986069398     
  0.507878144534990     
  0.531605068094449     
  0.508892091461826     
  0.467922517695512     
  0.457309054139056     
  0.496517957304795     
  0.497780443109429     
  0.486106847156291     
  0.534533592828195     
  0.500684662138959     
  0.435758181556161     
  0.521368277656029     
  0.481212860772309     
  0.497862482584089     
  0.503290973051084     
  0.475522965960372     
  0.487216390702470     
  0.545159316219384     
  0.535330104765807     
  0.482844045561285     
  0.537895792237212     
  0.495370202660649     
  0.462088686293857     
  0.493762206424198     
  0.460383177699280     
  0.488582832593886     
  0.488375498997354     
  0.547857951565141     
  0.478128217968456     
  0.500591193611964     
  0.498405487451143     
  0.507033421911293     
  0.464134367630768     
  0.496077692906766     
  0.463101565780617     
  0.510617571379866     
  0.492786854238433     
  0.482323300520667     
  0.498064224468646     
  0.529232365584921     
  0.490994880004651     
  0.520482741098406     
  0.479858213192217     
  0.517542327657770     
  0.502425594515903     
  0.504419575969202     
  0.522594195671335     
  0.517076563207429     
  0.467155907221940     
  0.488921158609898     
  0.483633318439333     
  0.524468603043451     
  0.542166214002980     
  0.521447070480906     
  0.456433451366374     
  0.490856111634704     
  0.540351300542559     
  0.509988523640526     
  0.512092919898086     
  0.499103921872212     
  0.526196169269450     
  0.491591946964821     
  0.476725771266565     
  0.504179637635098     
  0.470888058250359     
  0.510875138646594     
  0.520732776809378     
  0.455287696935688     
  0.503847008530693     
  0.477925124912478     
  0.484744910601183     
  0.520294828908770     
  0.542872388123203     
  0.482225634298494     
  0.444736829242371     
  0.489151081319553     
  0.483557694688537     
  0.519996751032729     
  0.468298551639702     
  0.502369508427291     
  0.470992811183790     
  0.472401810642183     
  0.447542811979273     
  0.477538482862599     
  0.520257017365882     
  0.490763991239413     
  0.469301950454229     
  0.462774741942710     
  0.478758906875513     
  0.511320336670224     
  0.497241732999210     
  0.430442214181337     
  0.487358800009030     
  0.540487933860993     
  0.490516983623446     
  0.500395946706845     
  0.489266879993063     
  0.517060375949886     
  0.489445270202790     
  0.486211673434722     
  0.451547384806760     
  0.513569259522529     
  0.522220550242867     
  0.515821365341403     
  0.491306644488508     
  0.508126875235324     
  0.457998040936715     
  0.466214256419192     
  0.499901604467887     
  0.505433354741923     
  0.510669720994913     
  0.493553716214556     
  0.481183608777747     
  0.468085277507997     
  0.513012033751882     
  0.510819193876651     
  0.482014173527055     
  0.489402573824723     
  0.533645383378050     
  0.483573375346246     
  0.457221632802726     
  0.496701418350522     
  0.494448881785302     
  0.476389123578924     
  0.469530821822567     
  0.523278209187978     
  0.498692222583182     
  0.498463667283586     
  0.491665860356689     
  0.455948838948701     
  0.472350850527686     
  0.478820123826088     
  0.553573417953719     
  0.499630160334152     
  0.478617966657362     
  0.497502252118521     
  0.508169988446203     
  0.531369043502529     
  0.469832657243148     
  0.528384965055237     
  0.474536531163155     
  0.505689556723308     
  0.493522198354356     
  0.526090942347414     
  0.507599443627495     
  0.492867019795278     
  0.529613327073289     
  0.462540763984469     
  0.486012520016238     
  0.463011303393389     
  0.478126912624460     
  0.504127272780078     
  0.487678552426605     
  0.513288864692070     
  0.490441126448892     
  0.445573649533097     
  0.482448407612821     
  0.507569617177602     
  0.501123408585734     
  0.491369780740162     
  0.499452977965459     
  0.519633821888919     
  0.539438410627667     
  0.526232137850223     
  0.520535935525925     
  0.511157115636581     
  0.507611462654080     
  0.493706862414520     
  0.500533666934297     
  0.478992190527461     
  0.497027133469060     
  0.465220392624771     
  0.495981446336448     
  0.547461515259654     
  0.469290890997886     
  0.533067212308381     
  0.489841732298127     
  0.467483809573647     
  0.502482350478253     
  0.440350637639127     
  0.495879479035468     
  0.476849266973550     
  0.566535848996237     
  0.515345525245469     
  0.489059733215696     
  0.471883448787477     
  0.497819402906094     
  0.564746886491661     
  0.488756367192438     
  0.466363078463743     
  0.523221502887824     
  0.546956652749313     
  0.510912046825879     
  0.499862285375723     
  0.493918754895070     
  0.483027664082259     
  0.462906941279199     
  0.500618141533194     
  0.502392967402171     
  0.551956374162344     
  0.538539240811706     
  0.488567662432452     
  0.516481171267308     
  0.481193687573973     
  0.449288679703618     
  0.509911729850003     
  0.568603009457815     
  0.484284650044553     
  0.507645020833189     
  0.507756594633471     
  0.486286071386706     
  0.461175962303073     
  0.487645014002323     
  0.500839065930185     
  0.534477297733274     
  0.467718388358101     
  0.484008657674725     
  0.522265209495939     
  0.497814331279209     
  0.476233066272934     
  0.507579729939877     
  0.480544958993229     
  0.486903923080531     
  0.484539399035653     
  0.504192579165621     
  0.522995338416049     
  0.451348243610473     
  0.521312136912424     
  0.494478052423086     
  0.526110664373540     
  0.537862241890864     
  0.545669095772480     
  0.506375274189146     
  0.482145467665428     
  0.482946750318817     
  0.464580669846887     
  0.475019558633915     
  0.488225439862492     
  0.467221382785930     
  0.505363728812841     
  0.493982047084359     
  0.458925013541334     
  0.492234251852432     
  0.491173931033744     
  0.510364840344259     
  0.513079252683752     
  0.522002275403680     
  0.518884393615054     
  0.452603641237417     
  0.503604287990317     
  0.476762092180223     
  0.490685636577412     
  0.490237921251918     
  0.497474871592638     
  0.461076680878664     
  0.459707168681820     
  0.531363714703472     
  0.535917320566635     
  0.510274792841991     
  0.489658593801993     
  0.517863602865147     
  0.518906900284872     
  0.466561025503513     
  0.492260984402640     
  0.506748147192186     
  0.477137657083833     
  0.480877930239862     
  0.481648811329226     
  0.501865050085851     
  0.489580963043110     
  0.484167473612820     
  0.464448608060862     
  0.465881217241105     
  0.530693455785559     
  0.485681600331615     
  0.500476744994555     
  0.488620607541812     
  0.526483745616192     
  0.531598968285906     
  0.483388670743647     
  0.497298081285712     
  0.497451558824802     
  0.499726514016492     
  0.463967138441304     
  0.469012114762156     
  0.516613785656268     
  0.489299034047337     
  0.527095639538706     
  0.486170835080215     
  0.440785851424655     
  0.486543038782448     
  0.481789307417567     
  0.469442121404529     
  0.517737690418560     
  0.496483593103746     
  0.503259217493625     
  0.474860514737422     
  0.504528129425694     
  0.508155892612839     
  0.484536311169166     
  0.502440322827911     
  0.475033908426963     
  0.470708759419862     
  0.506600580500093     
  0.503674019773512     
  0.481592986007196     
  0.496936553442555     
  0.493944490164225     
  0.482055466899419     
  0.472448429772413     
  0.539943711505938     
  0.334933574516101     
  0.409268534346284     
  0.436054881347590     
  0.358196650673461     
  0.424842344742087     
  0.403783347564459     
  0.343804083230883     
  0.364252500051734     
  0.317938518887397     
  0.404586491532561     
  0.376988678622127     
  0.275563474094626     
  0.371891541407044     
  0.343282681830176     
  0.259520015996237     
  0.333657284329996     
  0.299368946409176     
  0.349360833968992     
  0.297240506244331     
  0.333697334327581     
  0.367212698089745     
  0.419799888690586     
  0.327019147468177     
  0.355831481274627     
  0.380906605747425     
  0.315699791666643     
  0.432194735012584     
  0.329175402306203     
  0.303933447239764     
  0.329204990956225     
  0.433321042589259     
  0.284757284316215     
  0.299943392690443     
  0.349307870226858     
  0.297998421914417     
  0.347929528971363     
  0.381030240452843     
  0.274854738219649     
  0.387952142324813     
  0.364922638484424     
  0.394707900704636     
  0.266112384678132     
  0.307886948521924     
  0.366326036008232     
  0.376524621009154     
  0.367180263009994     
  0.299297127668430     
  0.355147348271709     
  0.292616101496447     
  0.297480791414825     
  0.285584555182587     
  0.374497512691634     
  0.351933110442923     
  0.346137355207298     
  0.385521264553521     
  0.308641885895354     
  0.388802329285187     
  0.362404911606629     
  0.383172546828148     
  0.357628713500937     
  0.332182834389085     
  0.282602281359090     
  0.351115060149019     
  0.270145498022346     
  0.319038449091166     
  0.301688510028933     
  0.351558888021897     
  0.323033201064770     
  0.346777474108334     
  0.345093649098135     
  0.313805398409146     
  0.374379046054151     
  0.403664507368826     
  0.370788433577933     
  0.254972657340504     
  0.306954470122174     
  0.346026807436257     
  0.302756689278606     
  0.424848922363096     
  0.323427172637384     
  0.301865288518052     
  0.332213981938254     
  0.461775739376546     
  0.331366944747870     
  0.388199671679380     
  0.320582869854408     
  0.347175673233505     
  0.354948887817642     
  0.416921162894091     
  0.290169493504641     
  0.377903541374602     
  0.301969362140451     
  0.282048700319903     
  0.325944003411369     
  0.340510281951919     
  0.408990177776777     
  0.377715707728158     
  0.416167881837267     
  0.346130489823039     
  0.429958169359637     
  0.363260523253331     
  0.352384657312362     
  0.392967039476651     
  0.291665841446910     
  0.343973229035621     
  0.364497988780989     
  0.296332206646133     
  0.360644025463272     
  0.313518155842412     
  0.329046272320142     
  0.346961663369634     
  0.356945564332894     
  0.428342992062770     
  0.371149808712338     
  0.341129824420836     
  0.326174676948544     
  0.329053607947892     
  0.352639487353999     
  0.289027831608383     
  0.360627688559798     
  0.428859175497920     
  0.339417883555832     
  0.293628730940295     
  0.391134286732871     
  0.242012613297687     
  0.321133349141882     
  0.352708465705137     
  0.377707424732121     
  0.418159106056801     
  0.378750958153357     
  0.441152756935997     
  0.326259399901513     
  0.330161757840862     
  0.487961240021499     
  0.390726978385698     
  0.382136918979805     
  0.394491618854146     
  0.313681889059500     
  0.353372062904919     
  0.349396064741328     
  0.402941191196942     
  0.383014020923096     
  0.330309312748469     
  0.266018649134559     
  0.393047217913841     
  0.375056428286298     
  0.408279089969523     
  0.317412860938837     
  0.275728729343861     
  0.337481094250877     
  0.330821103269392     
  0.428689163573800     
  0.407586485850500     
  0.426688956745743     
  0.393306160124383     
  0.230224760576183     
  0.313546361274043     
  0.285877460021119     
  0.339697211366938     
  0.306240490620815     
  0.264240809258189     
  0.374240787587206     
  0.315887538063338     
  0.307304600745981     
  0.264834680874008     
  0.256313112595893     
  0.341337772005459     
  0.334615101050735     
  0.361540496080951     
  0.335776789202660     
  0.346849248906763     
  0.328477759691150     
  0.306428965988519     
  0.385450098884282     
  0.371241323178710     
  0.357442885401865     
  0.372744205559188     
  0.309085530912475     
  0.335503498464439     
  0.376287901022823     
  0.325915945524475     
  0.409624663162955     
  0.394343413925310     
  0.271841389687233     
  0.426174982589433     
  0.327259751894372     
  0.398830099908504     
  0.356662525379171     
  0.402914761638895     
  0.283542519317370     
  0.380186483526631     
  0.430728346530028     
  0.353361709873863     
  0.351284429193925     
  0.417642018766199     
  0.334200379536901     
  0.393393112082195     
  0.301574071104859     
  0.404156352980104     
  0.389274575181992     
  0.293560450171765     
  0.336350011636844     
  0.290670392250031     
  0.432097700920460     
  0.427794804932926     
  0.367916391972161     
  0.406589253721685     
  0.354222910619550     
  0.436558622050390     
  0.324124233201016     
  0.372193941079516     
  0.318640215920850     
  0.389268630238088     
  0.298734964927718     
  0.298111436111699     
  0.367479011633377     
  0.334833557243191     
  0.354182823393307     
  0.416681378754118     
  0.413796742649509     
  0.309433512207854     
  0.346471229219472     
  0.380792843735223     
  0.278165829365651     
  0.298064457879896     
  0.502762690962506     
  0.345962585772572     
  0.450316284606031     
  0.380299729700823     
  0.344905690860115     
  0.406530399890483     
  0.332484575799105     
  0.242865057386066     
  0.377134282802146     
  0.344196003465077     
  0.282024689410023     
  0.365299789068491     
  0.330281921366805     
  0.351952121859584     
  0.296963580659903     
  0.394778266638281     
  0.314005524508849     
  0.350458959054518     
  0.383807967731689     
  0.311067629423907     
  0.322516046395904     
  0.359560171571775     
  0.305338879892219     
  0.296097506723702     
  0.423891813616468     
  0.334770743021175     
  0.329425110011154     
  0.340425458256054     
  0.378551649803115     
  0.390096320727343     
  0.373416844769614     
  0.330940740947974     
  0.282870233719699     
  0.272541523903287     
  0.293856544765516     
  0.437214335550983     
  0.354145983277857     
  0.399940713224224     
  0.424384408086454     
  0.280502042670820     
  0.366524734090756     
  0.400767063182385     
  0.355790174986217     
  0.333600292388642     
  0.320732353247603     
  0.365633784807889     
  0.361073783794804     
  0.322556964950251     
  0.276468594304269     
  0.324361180128385     
  0.340315572361746     
  0.323351251037657     
  0.375251335319239     
  0.421599788054021     
  0.420608321238835     
  0.349185544933607     
  0.383766613486234     
  0.491767962487296     
  0.377995042410271     
  0.295204255727894     
  0.337961663598906     
  0.349815516968173     
  0.282259082115704     
  0.351838448513248     
  0.383792917833776     
  0.283891441922096     
  0.327339723203815     
  0.378513015595286     
  0.506237563402469     
  0.296759098302161     
  0.324689707256141     
  0.373591883641138     
  0.386430598866054     
  0.313252692602889     
  0.310634129875814     
  0.447137996587929     
  0.312886035586001     
  0.331439395166230     
  0.320154508470223     
  0.443145601632856     
  0.390879541307612     
  0.331907998668546     
  0.383745491849025     
  0.413708467547761     
  0.292947244498097     
  0.388126256997802     
  0.309235835796279     
  0.262643901183359     
  0.334293959182803     
  0.368656284922299     
  0.411398140855052     
  0.284010569016573     
  0.311969260376166     
  0.323697962721084     
  0.313226537511490     
  0.389973260380487     
  0.342270480439041     
  0.348880801712745     
  0.376951240334220     
  0.345123386313729     
  0.377358384245315     
  0.411498741565955     
  0.379267272610357     
  0.292671788372154     
  0.361896732696776     
  0.343635335362933     
  0.304328602745884     
  0.392035617585588     
  0.310052222331324     
  0.343410499066687     
  0.357062052642340     
  0.479668567169068     
  0.445105674333667     
  0.354084003257583     
  0.402097642426277     
  0.346569169965316     
  0.363975788697066     
  0.354832188174237     
  0.315523631215948     
  0.369672158121033     
  0.419098557485264     
  0.344188381279130     
  0.420424084079850     
  0.369204838182235     
  0.361366423741932     
  0.337663656547217     
  0.321455842062473     
  0.429807386734402     
  0.389691140457454     
  0.282172944983101     
  0.413189330688051     
  0.410425651405588     
  0.442668104359486     
  0.408317013327119     
  0.352433968197154     
  0.315926698079431     
  0.375775148011145     
  0.299907051047551     
  0.369756902727330     
  0.308537811139237     
  0.339803145468580     
  0.362883932980672     
  0.333984905247177     
  0.315528602999382     
  0.365392973174303     
  0.326340197277222     
  0.319815124666168     
  0.290343255272819     
  0.337882508325514     
  0.332714268751104     
  0.334983493734677     
  0.382895629946167     
  0.388927850156329     
  0.325155056936233     
  0.421070918554904     
  0.359576252552281     
  0.356440755212945     
  0.263390251831186     
  0.250860753371425     
  0.429892090856366     
  0.311072642354990     
  0.365827895455745     
  0.272331031186579     
  0.360324182285996     
  0.332864900171039     
  0.377051652160656     
  0.353797651541142     
  0.331959861376035     
  0.393494746627828     
  0.365313102596022     
  0.342132248790453     
  0.347396307725930     
  0.327438383053977     
  0.318883126522055     
  0.337008180474891     
  0.341862159633512     
  0.301123373560920     
  0.400463214155388     
  0.324152147167808     
  0.326425563251528     
  0.304871505271252     
  0.341719406421523     
  0.283048321866219     
  0.305109730967154     
  0.392869007323934     
  0.426124570518335     
  0.366174342974747     
  0.336074529833554     
  0.298236905387651     
  0.350654552757695     
  0.326897026588029     
  0.284729309861452     
  0.373440466465713     
  0.362142003776377     
  0.307640425561951     
  0.359754951178999     
  0.346960414941413     
  0.300127189457438     
  0.354530856004363     
  0.355415661227519     
  0.345625433797533     
  0.358376255981912     
  0.389055522113680     
  0.318088849271438     
  0.344291694142519     
  0.339486763299216     
  0.364078584543420     
  0.305159535994036     
  0.321699894458210     
  0.320765290366368     
  0.369966728935448     
  0.286567104958086     
  0.295166869841684     
  0.371842032906201     
  0.365808490132405     
  0.385239462436501     
  0.340046938469159     
  0.345686904010541     
  0.359215589412559     
  0.373406620263081     
  0.331780118002396     
  0.336034078991823     
  0.345164386040210     
  0.361729299361158     
  0.331582926115545     
  0.432330163610363     
  0.312032218028127     
  0.428113434482384     
  0.372881484682235     
  0.296395332666210     
  0.334867902269040     
  0.331589255715233     
  0.387425555708813     
  0.331856859013548     
  0.304393729731667     
  0.363364591455649     
  0.434962147687812     
  0.361888718097991     
  0.318172533797338     
  0.286880619170089     
  0.310945642566371     
  0.343688913410309     
  0.402652699642105     
  0.305901021485239     
  0.351835682502401     
  0.328797187778035     
  0.286341880975822     
  0.338633589167033     
  0.356909878494561     
  0.319128176465837     
  0.320373126455723     
  0.370837974594704     
  0.350028659518420     
  0.318557962453346     
  0.344265156213068     
  0.301117755920564     
  0.318506579545175     
  0.324076631525884     
  0.365489978154241     
  0.376752672429483     
  0.418206393158559     
  0.385054300781130     
  0.269154188082858     
  0.425752304440711     
  0.524512997441691     
  0.397993109644275     
  0.375509237951416     
  0.324327789218120     
  0.362009925961538     
  0.307342725911812     
  0.431755892294738     
  0.303524237951854     
  0.317055054134480     
  0.298696607802343     
  0.311533232026303     
  0.381371416673521     
  0.368542206078503     
  0.311186460400549     
  0.367629343780360     
  0.363789397091281     
  0.389711459926090     
  0.356275907816038     
  0.358536314705245     
  0.336148739008620     
  0.385129051670971     
  0.368050576161141     
  0.291632269084704     
  0.342113997332010     
  0.321525189021732     
  0.361954139708396     
  0.337529716827691     
  0.361597042636184     
  0.335371565193827     
  0.335702491559300     
  0.350914413999676     
  0.340239706159803     
  0.344301486456370     
  0.327360097810683     
  0.321835992247867     
  0.446450220009578     
  0.320780554817241     
  0.351772192807649     
  0.352116961817725     
  0.338344720425952     
  0.405458548441229     
  0.353011976995764     
  0.358624211215729     
  0.350051165819052     
  0.397395903892906     
  0.353128542375063     
  0.348256463160170     
  0.413909266580916     
  0.401563500994115     
  0.314008036255047     
  0.329447934643913     
  0.350327848781804     
  0.327986143639397     
  0.290859448664443     
  0.325432774109741     
  0.338506777416567     
  0.377239170448817     
  0.365555822036047     
  0.291022541078770     
  0.401715626504682     
  0.338132640720592     
  0.303295494694262     
  0.409042458030879     
  0.359243852858192     
  0.382649373919069     
  0.344794993035678     
  0.414588728108983     
  0.344204218025162     
  0.296593091239459     
  0.410925497100571     
  0.324778581386461     
  0.410597867302585     
  0.319416630056160     
  0.275664230374632     
  0.439757747243481     
  0.330430277359390     
  0.335287745637915     
  0.351211172657373     
  0.318806580462312     
  0.268320774746460     
  0.319325784325990     
  0.332761921610989     
  0.295428377398939     
  0.328724176010892     
  0.322515396764948     
  0.492593472845007     
  0.341038076052251     
  0.386192816128174     
  0.359171267013257     
  0.317711732932551     
  0.345754951718442     
  0.355317640036739     
  0.450581393276915     
  0.392367109944763     
  0.341923443052450     
  0.346167818613356     
  0.270433530463140     
  0.403779860509421     
  0.375763020780954     
  0.353633013361261     
  0.344764263347488     
  0.343747750069786     
  0.273142147775397     
  0.291758385374522     
  0.340639304917653     
  0.313733274587681     
  0.381537561916309     
  0.370581681087460     
  0.301958805858355     
  0.405548473756096     
  0.306894186939367     
  0.367218027521516     
  0.343391965599849     
  0.336101507712537     
  0.356935065100282     
  0.289810839619170     
  0.382673230534224     
  0.317311664818545     
  0.323805068484401     
  0.328120897446257     
  0.361883376503313     
  0.259808057862675     
  0.301591910957329     
  0.358371818550320     
  0.364236392296363     
  0.349995030739525     
  0.351783664373857     
  0.433942238001124     
  0.376407576996657     
  0.270689952197780     
  0.358405239848530     
  0.325079888431444     
  0.332475074623991     
  0.267981371459667     
  0.317130643468170     
  0.344304367665350     
  0.327971253380079     
  0.345017147375211     
  0.361669546646179     
  0.361800920164156     
  0.240178647152173     
  0.335329208292100     
  0.393166280290294     
  0.412122578333732     
  0.343836261820593     
  0.457020360042713     
  0.373213487044210     
  0.331898798229400     
  0.454428079795979     
  0.311827626322120     
  0.245956306606573     
  0.362418693230422     
  0.332147843745481     
  0.336226907398397     
  0.328758250236616     
  0.346626253920184     
  0.367072396711146     
  0.339850544878617     
  0.369970276588832     
  0.388201425660922     
  0.299664615270250     
  0.430396764647429     
  0.414606352470949     
  0.370179343976818     
  0.385335752263113     
  0.350373294073511     
  0.360997492874443     
  0.349214456116384     
  0.379023723188756     
  0.370565459667563     
  0.409829220456849     
  0.336493639766596     
  0.358181416351884     
  0.306567109218736     
  0.346944336861689     
  0.431159488822972     
  0.356111335522593     
  0.398715259664462     
  0.310238848708700     
  0.348376043296705     
  0.393860730793538     
  0.436421745398403     
  0.386500527559972     
  0.366448930241998     
  0.287563918365441     
  0.310704766510289     
  0.300936108660653     
  0.369782155507255     
  0.327658085591135     
  0.394590171309546     
  0.361841552860522     
  0.360235775812820     
  0.444201234849052     
  0.356595070880545     
  0.316311906914730     
  0.397089282837491     
  0.307072646008613     
  0.314748373643316     
  0.416010737268562     
  0.381549588271488     
  0.469018523130717     
  0.469309470471872     
  0.326193275517680     
  0.283635773337280     
  0.305223758194763     
  0.329798687769169     
  0.370221459514030     
  0.321101986640508     
  0.358156453922239     
  0.345656108190499     
  0.223546174811834     
  0.420418377949993     
  0.337630320837586     
  0.375716900947936     
  0.371847311041333     
  0.308118277322314     
  0.282631345781797     
  0.456040884649719     
  0.390589353208549     
  0.344978758657212     
  0.343729180252037     
  0.352857614148385     
  0.308941635276264     
  0.366220601438095     
  0.322897513083952     
  0.388492836160354     
  0.301465122824293     
  0.416872994799505     
  0.302981908808313     
  0.347270013954198     
  0.289181718529329     
  0.331672890119239     
  0.308653773632869     
  0.324738782774482     
  0.275501470585709     
  0.413177529735529     
  0.368292114271117     
  0.332977733333482     
  0.388473693210251     
  0.368945565097099     
  0.311985445105282     
  0.381264884652424     
  0.347830544254675     
  0.387007359497485     
  0.352342062853298     
  0.341319445337472     
  0.319552232807489     
  0.359486757719885     
  0.318035112939526     
  0.309522770494081     
  0.332840199886147     
  0.381588606283358     
  0.442409271119716     
  0.362812540980556     
  0.274190050094547     
  0.334817169262130     
  0.361341365909931     
  0.353052048741128     
  0.353811289583062     
  0.357527339057371     
  0.371672637682847     
  0.336033795446420     
  0.311168628196652     
  0.340288518580733     
  0.320183791402684     
  0.399751390155849     
  0.361838523814063     
  0.283068180696428     
  0.347357515689092     
  0.364376537256255     
  0.310689583034471     
  0.402105316516713     
  0.362797160634027     
  0.332831079289915     
  0.272565382192354     
  0.311399904574786     
  0.367555729923225     
  0.377795623481495     
  0.302183170655606     
  0.381710672395654     
  0.320076875907964     
  0.300015323686292     
  0.271701436911770     
  0.293747530000287     
  0.363103950425622     
  0.306109166644976     
  0.310953685822788     
  0.305892687674212     
  0.343337295513827     
  0.374059144351467     
  0.308782422913359     
  0.263455154227120     
  0.283679658519819     
  0.362567358961651     
  0.352385517251435     
  0.305218459444364     
  0.350841557433838     
  0.370142333187735     
  0.314781717794934     
  0.331167979607821     
  0.295254803740654     
  0.383590007074494     
  0.389467326307737     
  0.313131299625267     
  0.350390416689450     
  0.364767641737173     
  0.308978685506233     
  0.314262210656138     
  0.329756797997128     
  0.346288453734737     
  0.446236674205686     
  0.365231403549932     
  0.339419928970251     
  0.309843754497965     
  0.375367195343782     
  0.388407145700443     
  0.272533440504022     
  0.355899131758844     
  0.359148939081276     
  0.319407535582406     
  0.347518250239304     
  0.355038142491093     
  0.329061866676604     
  0.304563742181259     
  0.343860010782901     
  0.410313572667136     
  0.373402315404656     
  0.366636232472402     
  0.344175355060192     
  0.308993128604011     
  0.332527940011380     
  0.318506639205744     
  0.410796823046558     
  0.326772703595670     
  0.336033131676984     
  0.341664826091365     
  0.353718718786102     
  0.371491050728761     
  0.316271613631819     
  0.400311517010312     
  0.388465746852686     
  0.323711265226332     
  0.367394386035857     
  0.403836830435131     
  0.349622709992333     
  0.392574374558288     
  0.350834112424992     
  0.286888640666991     
  0.433406363687652     
  0.244215467335132     
  0.314885525439681     
  0.338545660628324     
  0.357465038998792     
  0.361422649303754     
  0.310061263615097     
  0.277258732774019     
  0.334635792272894     
  0.395608691218942     
  0.310813751647590     
  0.301132191813447     
  0.388405594004544     
  0.397366049764452     
  0.383794232544374     
  0.366928184847064     
  0.354371893892132     
  0.342368784616119     
  0.354051615748387     
  0.376904384248382     
  0.323753897613170     
  0.365465958188022     
  0.350068412721819     
  0.304474521704385     
  0.359524025993046     
  0.380872284941144     
  0.282540349260123     
  0.418366341929751     
  0.320670753673522     
  0.344845928578085     
  0.361562016026162     
  0.307586019064657     
  0.342629723905915     
  0.310761911126168     
  0.444494763349226     
  0.359495038590024     
  0.322958045675622     
  0.333027674260856     
  0.340995728126056     
  0.504167172785487     
  0.309845750169227     
  0.318251914053374     
  0.390595844400982     
  0.391342771195348     
  0.359678102024563     
  0.376016687547102     
  0.300377669160360     
  0.373038033340604     
  0.290559530841305     
  0.377222117727657     
  0.356221921717523     
  0.449157851352801     
  0.349121150478298     
  0.324313405272394     
  0.466250559092533     
  0.339841897974214     
  0.331326155214101     
  0.379559000183804     
  0.420795855109317     
  0.288869729090371     
  0.322744217855329     
  0.341385009021056     
  0.329806788775185     
  0.277819750222445     
  0.310632225094026     
  0.335432973928706     
  0.421408527169920     
  0.309525841118102     
  0.363420045455512     
  0.388772256416757     
  0.394237010656596     
  0.297626465424872     
  0.355612652213732     
  0.340113806592364     
  0.320234645166988     
  0.309869559731233     
  0.385379249967315     
  0.426808172701178     
  0.285288678113961     
  0.423354827777090     
  0.321110700594885     
  0.366114852202957     
  0.365468557619936     
  0.419334224857494     
  0.408730500335994     
  0.338640843723003     
  0.358450252004346     
  0.300172909946695     
  0.316138486257270     
  0.294617307651878     
  0.268744500389060     
  0.362304884504616     
  0.348334835282825     
  0.333178931250748     
  0.442807674060069     
  0.371794575399650     
  0.391603105447937     
  0.312214961142418     
  0.366996044417533     
  0.366160674467328     
  0.316661277328707     
  0.348770811672790     
  0.313958280491334     
  0.343298332845900     
  0.370576961361960     
  0.331641077007076     
  0.343084003331665     
  0.281842082470107     
  0.382711247576458     
  0.394082200062709     
  0.357438274466973     
  0.327647789480648     
  0.328776165607284     
  0.352436790618187     
  0.350872632292865     
  0.337821903419480     
  0.353941799024954     
  0.368197378922944     
  0.322906702380514     
  0.339545151128398     
  0.307618139594238     
  0.336009794505689     
  0.309971741376985     
  0.278104100237105     
  0.274198044712344     
  0.421017281677620     
  0.308219710838232     
  0.364448040117216     
  0.321707146516915     
  0.356840583191104     
  0.442896346827969     
  0.292860209306445     
  0.349573760033336     
  0.375068338989949     
  0.324453650919788     
  0.357186345526907     
  0.264320445898433     
  0.355178388489853     
  0.350518985425840     
  0.393749219134900     
  0.328291585449986     
  0.221709082255226     
  0.412800841693504     
  0.343178494112839     
  0.276979386114267     
  0.382450484012514     
  0.322962608561126     
  0.340049826780452     
  0.311845331914722     
  0.340608911415432     
  0.348094411277223     
  0.333654669330314     
  0.430642861753548     
  0.350773317014992     
  0.302170694672139     
  0.353837708227929     
  0.293031211488556     
  0.325324438130863     
  0.321094778487973     
  0.313320723585609     
  0.344548819064458     
  0.289515643410712     
  0.413290905349942     
