   1.00436510707979     
  0.998816352109926     
   1.00010305069989     
  0.996424852998097     
  0.998067603608256     
   1.00231121617495     
   1.00026351643054     
   1.00131791083590     
  0.999596095992040     
  0.993564047539877     
  0.998262048827954     
   1.00103549427267     
  0.999689817018145     
   1.00317640015248     
  0.993597266023413     
   1.00789285220150     
   1.00601133615402     
   1.00191756371317     
   1.01087823780281     
   1.00588307909745     
  0.990484834520181     
   1.00152041943086     
  0.998961883138446     
  0.996262339873218     
  0.987763608678084     
  0.994617709883651     
  0.990990851219041     
   1.01239022871780     
  0.990386036640725     
   1.00475589158335     
  0.999868617180019     
   1.00632653964016     
  0.993705074104945     
  0.993568229598937     
  0.993099988992122     
   1.00188499916351     
  0.997894023027608     
   1.00484718139771     
  0.997246974785929     
   1.00569014532041     
   1.00827713586258     
  0.999584800314105     
  0.995103395743273     
   1.00424716453485     
  0.998406922031465     
  0.993429594922247     
   1.00823166844110     
   1.00338749035152     
  0.999597375485750     
   1.00503724850109     
  0.999898571525435     
  0.999196914160738     
  0.993889882703572     
   1.00022734242652     
   1.00608231266902     
   1.00047258827188     
   1.00565306871144     
   1.00153331467612     
   1.00408563631496     
   1.00029668738150     
   1.00267496532912     
  0.993823850293805     
   1.00376159515246     
   1.00672674886851     
  0.997111839963275     
   1.00489680997459     
  0.992686654162572     
   1.00357651932885     
   1.00446104384742     
   1.00107373545123     
  0.995863413281624     
  0.991090905219471     
  0.997354573705246     
   1.00312004880738     
  0.990741212559633     
  0.999895933099981     
   1.00801404602400     
  0.994948558404186     
  0.996736273586804     
  0.998214492350140     
   1.00348719509457     
  0.995369301284332     
  0.993343465574424     
  0.997234777231612     
  0.993248738709577     
  0.998902475389640     
  0.998815046008702     
  0.989481536080890     
   1.00233287841874     
  0.999189168879194     
   1.00744731498004     
   1.00071760931288     
   1.00948004908943     
  0.997247127678160     
  0.996788887242590     
   1.00180394935846     
  0.995857970316150     
   1.00038005858556     
   1.00289560963340     
  0.997605272954301     
   1.00391040508644     
   1.01194074207468     
  0.996542269857773     
   1.00420560532732     
  0.995891577628304     
   1.00687215757667     
  0.996700067358281     
   1.00520665658729     
  0.994141410474961     
   1.00211437979668     
  0.998744111927117     
   1.00856420412811     
  0.997387915075307     
   1.00022168397742     
   1.00259604160478     
   1.00530404815156     
  0.996164494247054     
  0.999216700315256     
   1.00121210348024     
   1.00263583469386     
  0.998862160917246     
   1.01306618939750     
  0.992656115095238     
   1.00528794023875     
   1.00237660218327     
   1.00282030341278     
  0.992627629427395     
   1.00237014513597     
  0.994458134598330     
   1.00464083828572     
   1.00291555237408     
  0.998333727490244     
  0.992519801478940     
   1.00136707266906     
  0.997879181622966     
  0.992639621453169     
   1.00427496296727     
   1.00456286027777     
   1.00051166232574     
   1.00090866866293     
  0.998078665634395     
   1.00086464036511     
   1.00208924655436     
   1.00518674561113     
   1.00371908616281     
   1.00195195540922     
  0.995461051418954     
   1.00618544078853     
   1.00808837860957     
   1.00055741838583     
   1.00358065322737     
   1.00668659952560     
   1.00217282184969     
   1.00747278761387     
  0.997303960374329     
   1.00113072485723     
   1.00017366757681     
  0.999676065439311     
  0.996331660101401     
   1.01041949037924     
   1.00542530588964     
   1.00089646916451     
  0.998377538627790     
  0.994198496366602     
  0.992557228730028     
  0.993059582772664     
   1.00030123393598     
  0.998830795126690     
   1.00201796502231     
   1.00208813540634     
   1.00495918169705     
   1.00585697478551     
   1.00295879951470     
  0.992640593118328     
  0.997396649800888     
   1.00035496544676     
  0.993072689799231     
   1.00370862001236     
   1.00655250551324     
   1.01470805580062     
  0.990820249606405     
  0.996176323308820     
   1.00156446070471     
  0.999203315142220     
   1.00320502241461     
   1.00241330323171     
  0.997019388466728     
   1.01326820167304     
   1.00738943039870     
  0.997796126471512     
   1.00092149208441     
  0.999754220582167     
   1.00384542873668     
   1.01396968101027     
   1.00457376243031     
  0.994637867203695     
   1.01028664291311     
  0.998817906551656     
  0.992936329825609     
   1.00135236054035     
  0.998565047782623     
   1.00310629778809     
  0.994641178348845     
  0.988274511779194     
  0.996764607393640     
   1.00603664166328     
  0.997289354164819     
  0.992641198204052     
   1.00150052968715     
  0.997688241131932     
   1.00658984846286     
  0.991434848901391     
  0.996177551135350     
   1.00064259326937     
  0.994658479926558     
   1.00205676218028     
   1.00315864719863     
  0.996787300790210     
  0.993976026965608     
  0.995128935030746     
   1.00263388941589     
   1.00061145018361     
   1.00024599872188     
  0.998722999488074     
  0.994778211524100     
  0.999770886214530     
   1.00828404640901     
   1.00783154471600     
   1.01323915652432     
   1.00237570841623     
   1.00160551949276     
  0.995119463189090     
   1.00174959944176     
  0.996380708390800     
   1.00238811032969     
   1.00021060817526     
  0.992874205827937     
   1.00298999761586     
  0.996177728514973     
   1.00467395506269     
   1.01395730200101     
   1.00557753743387     
   1.00326673547501     
  0.992911572759386     
  0.997313142900121     
  0.999140383325487     
  0.997840859791228     
  0.998259273768480     
  0.990774255304686     
  0.998335143931615     
  0.987365133802226     
   1.00343741088000     
  0.998482695759241     
   1.00069471308697     
   1.00052818264792     
   1.00223408163790     
  0.996771411839431     
   1.00144545157337     
   1.00137246850829     
  0.996522679218765     
   1.00442333680817     
  0.998549930898873     
  0.998444661042282     
  0.993143464768654     
   1.00911334755223     
  0.991439365620755     
   1.00336655440571     
   1.00466029947308     
  0.994504073300128     
  0.985397685134709     
  0.995616234233393     
   1.00227009393935     
   1.00364828382307     
   1.00277124759665     
  0.998128372035744     
  0.997258942208318     
  0.996177908936991     
   1.00328841682181     
  0.999389551074322     
  0.990938674627829     
   1.00525373175652     
   1.00666841790843     
  0.987871360000822     
   1.00296489614685     
   1.00117594889136     
   1.00622522451764     
   1.00327243129113     
  0.997117477987307     
  0.994867610576690     
   1.00110157781680     
   1.00096803645138     
   1.00464524097613     
  0.995637333560523     
  0.998468567495938     
   1.00738965647740     
   1.00558222016257     
  0.994826445119274     
  0.999636180815902     
   1.00033186565744     
   1.00370188653877     
   1.00426826566634     
   1.00321693217651     
   1.00076992653057     
  0.997166855160989     
   1.01110558959604     
   1.00329191935523     
  0.997925358765545     
   1.00180003032557     
   1.00330102397801     
  0.990819664205921     
  0.999459387786530     
   1.00394508523066     
  0.998033762998069     
  0.994634542368652     
   1.00514618569410     
   1.00579560500239     
  0.991054130860821     
  0.996219401053658     
   1.00358457613263     
   1.00775752026313     
   1.00528435466750     
   1.00650856702176     
  0.994193609961095     
   1.00071522000934     
  0.996258506807368     
   1.00438108924389     
   1.01073321636478     
  0.996653246477919     
  0.984660001307077     
  0.999493609205840     
   1.00524802308290     
  0.999016714382379     
  0.996432702991264     
   1.00640846819307     
  0.995979918010158     
   1.00228225627781     
   1.01333386020015     
  0.989108509197213     
   1.01249320528905     
   1.00217879819364     
   1.00347696904364     
  0.999652123407526     
  0.995532104972205     
  0.989259823927002     
   1.00417247755920     
  0.991636113112401     
  0.990594435626306     
   1.00301232623522     
  0.998535890777099     
  0.992067741523729     
   1.00263755994746     
  0.999529276799718     
   1.00052375360342     
   1.00651434104313     
  0.999003339736066     
  0.999240384569842     
   1.00339023883130     
   1.00371121420354     
   1.00337951704725     
  0.982874970228524     
   1.00247180317520     
  0.998946731122746     
  0.989724990685458     
  0.993975360165199     
  0.999503607673494     
  0.994130802443489     
   1.00287963188518     
  0.994882816023686     
   1.00306800732566     
  0.996889380446642     
   1.00144607573984     
  0.999133699082113     
  0.995506818079223     
   1.00264934916369     
  0.993956858066426     
   1.00087120514449     
   1.00338250628152     
  0.999329197408091     
  0.993021618179524     
   1.00431132026616     
   1.00139439214570     
   1.00710984558600     
  0.999471245890454     
  0.999232126842050     
  0.998172525959861     
   1.00361513279184     
   1.00715830723548     
  0.998381347458396     
   1.00495833041047     
  0.991520050590893     
  0.998918645019738     
  0.997858668294986     
  0.993531189997706     
  0.996943343629251     
  0.997236430007761     
  0.999600579396035     
  0.995285261646508     
   1.00439484196434     
  0.996046119952537     
   1.00089293226133     
  0.995164266493982     
   1.00619342290237     
   1.00156897491521     
  0.996954349139298     
   1.00822421817021     
  0.997596373594112     
  0.996192791977169     
  0.994007211778740     
   1.00510944091096     
   1.00815633218166     
   1.00268172655530     
   1.00988831848444     
  0.999629912161013     
  0.992947686016050     
   1.00531772972540     
  0.999461908702501     
   1.00512703555950     
   1.00612910620844     
  0.998607765929346     
   1.00889413274867     
   1.00152169470027     
   1.00268205562443     
   1.00347963834431     
  0.991451980670115     
  0.999814858492761     
  0.991380590088907     
   1.00427945739771     
   1.00445565497891     
  0.988637619868619     
   1.00111316272074     
  0.999394845509205     
   1.00606495963625     
   1.00426816739427     
   1.00174819869692     
  0.999894667488201     
   1.00020787603865     
  0.993865757101085     
   1.00089267139304     
   1.01481944753092     
  0.997922014931106     
   1.00203861936212     
  0.990174001632402     
   1.00646596535641     
   1.00536444074071     
   1.00503412669169     
  0.990486329941986     
  0.990542083312967     
  0.994034835750575     
   1.00244670650071     
  0.998880541144962     
  0.995583723976683     
  0.995387352118255     
   1.00130217956830     
  0.996277181632644     
  0.991163701768910     
   1.01396870560058     
  0.994126881159599     
  0.996193136147782     
   1.00505621948586     
   1.00635729772558     
  0.999716553107214     
   1.00168998550896     
   1.00025013563181     
  0.986133941488162     
  0.995695917033276     
  0.993900608662426     
   1.00212340499930     
   1.00158850459430     
   1.00315292432620     
   1.00203429632290     
  0.998438534005254     
  0.998613379782064     
  0.998759094489427     
   1.00658924418195     
  0.993706623992314     
  0.995187486048850     
   1.00403887144122     
   1.00867376947215     
  0.998574181474558     
  0.999234110892005     
   1.00952324977887     
  0.998801464099923     
   1.00139460107667     
  0.999815438935923     
   1.00064887465845     
   1.01014169505504     
   1.00677767345561     
  0.999983324899021     
  0.998787865031621     
  0.985873962290760     
  0.991545595661589     
  0.997096495791742     
  0.994474160898179     
   1.00283963087920     
  0.992221324507199     
   1.00520108519569     
   1.00220495724125     
  0.993210266613113     
  0.997945374954373     
  0.995509260967979     
   1.00129286233899     
   1.00198379818054     
   1.00706202006649     
  0.999262288597729     
  0.995083048531411     
   1.00363739583910     
   1.00053954939514     
  0.995198195567328     
  0.995818405004534     
  0.993564296659630     
  0.997737386560789     
   1.00587853203628     
   1.00433094792817     
  0.997928418673887     
   1.00345859678688     
  0.988110750747955     
  0.997093652318198     
  0.997496656478660     
   1.00462818297500     
  0.994680203810213     
  0.997968967150490     
  0.993058347814072     
  0.988626551546668     
   1.00062408338539     
   1.00374691215024     
   1.00055251923263     
   1.00213866750649     
   1.00373267819276     
   1.00405943815177     
  0.997417078168914     
   1.00319156271374     
  0.999888377886871     
  0.997059115578426     
  0.991915502756476     
  0.996200310012232     
  0.995386609457271     
   1.00115964843529     
  0.998236223669937     
   1.00395257130189     
   1.01318562424253     
   1.00260800986520     
  0.997428211918582     
  0.997635835920239     
   1.00000432077322     
  0.997067048771925     
  0.999676117877457     
   1.00168021306843     
   1.00711611253062     
   1.00425929954329     
   1.00749797821310     
   1.00478165441499     
   1.00755201312782     
  0.997536378919253     
   1.00420584793728     
   1.00266079316081     
  0.999170595196987     
  0.998485366787971     
   1.00513466781737     
  0.993585941444057     
   1.00517800577882     
   1.00805193581116     
   1.00257769588458     
  0.990812772065040     
   1.01225422325743     
  0.996363701151053     
  0.988657430148464     
   1.00373471386350     
   1.00280691959429     
   1.00055319843861     
   1.01038517159419     
  0.996810221071127     
   1.01263622334337     
   1.00286036297462     
  0.999973770338218     
  0.999140185589192     
   1.00292996613505     
  0.984482038918502     
  0.992017187593599     
   1.00672494602148     
  0.996762474625275     
   1.00080393681677     
  0.994405976459790     
   1.01070120357508     
   1.01231907090434     
   1.00696719252532     
   1.00108135745642     
   1.00286599877800     
   1.00681824677711     
   1.00814912066787     
   1.00278577446583     
   1.00496556147569     
   1.00246388606967     
   1.00511860892457     
  0.998212333659364     
   1.00509123079725     
   1.00437216435586     
  0.999419852302128     
   1.00767905507507     
  0.996255277701226     
  0.997378547014329     
   1.00971974725918     
  0.998773825923114     
   1.00403560524774     
   1.00836801328252     
  0.996386988178638     
  0.998789835082014     
  0.994037967715308     
  0.990548063332219     
  0.996837129936632     
  0.999552332552437     
  0.996967335227356     
   1.01093551691314     
   1.00452595231872     
   1.00196022358207     
  0.992553306836330     
  0.999129080806432     
  0.999076951359586     
  0.994043441052637     
   1.00167716068288     
   1.00072822994510     
  0.995664304595137     
   1.00828097656737     
   1.00167333560038     
   1.00331529681743     
   1.01133694253793     
  0.988494903136310     
  0.998463584105945     
   1.00043178598658     
  0.999597354365812     
  0.992621833355503     
  0.998900965427903     
  0.997240188580865     
  0.993758716540733     
   1.00106021318439     
  0.995080862356322     
   1.00066932179607     
   1.00906636348887     
   1.00479615633593     
   1.00246433214942     
  0.995652333311409     
  0.999670709052031     
   1.00108511114811     
  0.998322324364295     
   1.00304466119784     
  0.995793662824393     
  0.987214360046950     
  0.999517411468180     
  0.993907681582912     
   1.00432345169281     
   1.00168074353780     
   1.00003775974142     
  0.986861261634905     
   1.00677087467041     
   1.00568729987811     
   1.00839623807682     
  0.990270548787344     
  0.997559940682632     
   1.00804076310569     
   1.00379784585379     
   1.00189495087316     
   1.00089880543782     
   1.00040511042083     
   1.00411564308099     
   1.00726214989731     
  0.999572675615685     
   1.01186575210017     
  0.993195822094157     
   1.00459468154615     
  0.994057938625327     
  0.992278234520980     
   1.00298264672048     
  0.994565882483399     
   1.00036041713037     
  0.991629929697903     
  0.990211853294623     
  0.998313554839048     
   1.00303784290945     
  0.998782754427664     
  0.995180204609102     
   1.00524011582381     
  0.993107408299928     
   1.00443160969150     
   1.01372395307613     
  0.996962327910330     
   1.00496056483702     
  0.996319395029633     
   1.00706873683235     
  0.999095203063615     
  0.987200320851346     
  0.991059444807802     
  0.997847578610697     
   1.00024277118589     
   1.01418001338335     
  0.995644017037739     
   1.00251964404718     
   1.00143233186775     
  0.993531691246048     
  0.996643345234930     
  0.993197842241974     
   1.01593476501254     
   1.00223550131038     
  0.997344885573909     
   1.00242849030886     
   1.00276601181331     
   1.00007776853150     
   1.00127390926528     
  0.995130916783438     
   1.00850359104218     
  0.997409275565839     
  0.996002155662735     
  0.999584874056550     
   1.00113380050353     
   1.00160936630683     
   1.00329912689992     
   1.00580843986932     
  0.998690539560895     
   1.00016058779251     
   1.01150911000324     
   1.00989776121388     
   1.00092261438217     
  0.999017503139954     
  0.995745008566967     
   1.00027138235637     
  0.990539971156756     
  0.992916664525181     
   1.00864602642400     
  0.998834601076114     
   1.00237495595300     
  0.994421253711011     
   1.00024622524363     
  0.992502294576801     
   1.00245836851246     
   1.00722408674842     
  0.995707484008102     
   1.00140653609361     
   1.00205433094652     
   1.00049877769876     
  0.997033274100288     
   1.00276226572869     
  0.997273171501948     
  0.993258636833921     
   1.00573372328356     
  0.992735381339232     
  0.988629945488118     
   1.00371206452873     
  0.997938922074614     
   1.00328880487141     
   1.01577129939054     
  0.992013011844892     
   1.00454022450671     
  0.999785056786926     
   1.00682451889756     
   1.00316131022999     
  0.991955732016870     
   1.00013736623842     
  0.995670433317329     
   1.00951249469660     
   1.00692045810789     
   1.00320090119779     
  0.998772251231560     
  0.997839400631274     
   1.00870196406887     
  0.994686673652586     
  0.999579353951683     
   1.01142859859313     
   1.00217480495372     
  0.997728100286504     
  0.999917756678739     
  0.988160860664592     
   1.00033966816673     
  0.994097732446991     
   1.00459963958209     
  0.994241373495864     
   1.00782845458360     
   1.00706184169892     
  0.995191761279227     
  0.995831695835257     
  0.996491068603587     
   1.00049040582035     
   1.00088575249909     
  0.997592205742212     
  0.991695422735130     
  0.989849542992302     
   1.00037980298378     
   1.00259386768923     
   1.00207498019689     
  0.990937658031221     
   1.00538043880192     
   1.00037202647565     
   1.00022108845647     
   1.00557136359717     
   1.00532173572187     
  0.999764407895581     
  0.995383748469450     
  0.999962321496785     
  0.995214659056601     
  0.996286000917837     
   1.00678411750952     
  0.996599516371289     
  0.997197719377596     
  0.991550805945026     
  0.998641572718630     
  0.999832171640515     
  0.999937453510383     
  0.999047704574973     
   1.00234611881838     
  0.997533155224395     
  0.998290119227168     
   1.00256035795634     
  0.993863904902165     
   1.00257557897404     
   1.00115543698688     
  0.995501597555897     
  0.996574428938492     
  0.995609855487676     
   1.00050102896607     
  0.995625198901310     
  0.994479876159349     
  0.998261900986537     
  0.997880922016361     
  0.998047522772862     
   1.00499955480577     
  0.997775031273319     
   1.00388672220719     
  0.998979993082194     
  0.994564737469830     
  0.990659021219372     
  0.996819452975656     
   1.00415458482556     
  0.995463173540839     
  0.990733089916566     
  0.995752721897621     
   1.01039198151157     
   1.00765519325480     
  0.998210234098805     
  0.997466919038963     
   1.00314519037823     
   1.00098564256895     
  0.999251192264815     
   1.00110954048966     
  0.992128158503864     
   1.00681082677685     
   1.01285796064952     
  0.996109525927607     
   1.00034188542692     
  0.998555527150335     
   1.00083176665043     
  0.996225791439833     
  0.990855283136463     
  0.991633550233726     
  0.995376111655848     
   1.00434559408655     
  0.991100271239082     
  0.997590419139475     
   1.00307765088751     
  0.982786238794515     
  0.996943339860774     
   1.00475656518775     
  0.997243235406060     
  0.998026304938457     
  0.994750650196581     
   1.00585829594360     
   1.00734230973274     
  0.989280762022762     
   1.00744427518198     
  0.998608425495923     
   1.00312500057118     
   1.00850119339888     
   1.00277534452373     
  0.994155036936064     
  0.995400417154368     
  0.998723438658998     
   1.00310392691686     
  0.997896254168307     
   1.00767061871481     
  0.988427355507386     
  0.996675950959382     
   1.00542115624216     
  0.995125372596684     
  0.998729107854220     
   1.00083820281398     
   1.00028122433623     
   1.00887274335882     
  0.995908323507101     
   1.00461035042586     
  0.996800189669981     
   1.00205795706878     
  0.995570989370207     
  0.997617691445777     
  0.997037234358114     
  0.993416829908375     
   1.00121970844478     
  0.991031088421887     
   1.00112806495785     
   1.00888398721546     
   1.00565440745213     
   1.00788590383505     
   1.00508147276233     
   1.00481119449867     
  0.989691669058018     
   1.00453353206880     
  0.999875440535500     
  0.992292614029018     
   1.00150806607486     
   1.00349301686585     
   1.01068457728039     
  0.999122813215710     
   1.00059471891471     
  0.994356576438482     
  0.997697283461817     
  0.988990768930236     
  0.993822029829450     
   1.00501488627843     
   1.00071166692522     
   1.00660950739654     
  0.996474642145367     
   1.00543680338909     
  0.995752005169180     
  0.997571271842794     
  0.995445340590044     
  0.996122504107637     
   1.00021635091842     
   1.00289164340695     
  0.996706644885506     
  0.999633907629417     
   1.00380619947992     
   1.00507295042127     
  0.999177674299561     
   1.00320116640796     
  0.995211679311183     
  0.992260128885486     
  0.998616017359064     
   1.01279178120788     
   1.00226532649930     
   1.00060558923378     
  0.997549927060348     
  0.986534672497461     
  0.992528968406998     
  0.998527756178086     
  0.991439010891368     
  0.995728534995100     
   1.00258365560744     
   1.00867867133202     
   1.00504620652310     
   1.00290656067954     
  0.997926585239464     
   1.00236124074088     
   1.00154186155380     
   1.00330282564344     
  0.999800074609651     
  0.997488060664380     
  0.996801101699261     
   1.00862656500761     
   1.00301721701716     
  0.993925463734966     
   1.00104627285845     
   1.00760975964366     
  0.997060222948259     
  0.993690043191995     
   1.00829019517169     
  0.994301011883008     
   1.00413801191545     
  0.996979645254883     
  0.994732875236041     
   1.00027311999126     
   1.00177190152442     
   1.01004072073036     
  0.999755059458310     
  0.999451935662168     
   1.00482649818237     
   1.00407914792811     
  0.995600124223347     
  0.999579199458771     
  0.994933338561313     
   1.00660519935434     
   1.00423165002126     
   1.00437978298660     
  0.989948831619661     
  0.998494934287245     
  0.991676808963748     
  0.999088874128516     
  0.996523714711928     
   1.00695037947240     
  0.998485416521058     
  0.999518163536703     
  0.996407218441322     
  0.999773685053503     
  0.994220157847240     
  0.999915100716681     
   1.00276030328371     
   1.00839107396113     
  0.994540318021848     
   1.00384918726263     
  0.998991884288458     
  0.998095879251529     
  0.995779878697013     
   1.00236555725089     
  0.999940734227787     
  0.995529289019575     
   1.00065699415372     
  0.981071280659650     
  0.972883639867208     
  0.992726448133039     
  0.992782848936819     
  0.972778679911498     
  0.987891977533989     
  0.983979104950588     
  0.974145579521980     
  0.975929719675777     
  0.974696085837859     
  0.991207507311215     
  0.978941525603641     
  0.978957805647007     
  0.990758089648984     
  0.991132029257911     
  0.987374924164361     
  0.971250997178016     
  0.973480315863471     
  0.983402901493151     
  0.977220156609208     
  0.966743126521432     
  0.979501641866772     
  0.998592140790806     
  0.973414980906073     
  0.969167796230282     
  0.976155156336285     
  0.972647104506792     
  0.976500826322732     
  0.980103636690953     
  0.979066581453445     
  0.975401679376658     
  0.998047171039587     
  0.992275388713930     
  0.989080797376392     
  0.976846236344402     
  0.986531052710769     
  0.969248499340940     
  0.974694223542857     
  0.987865075251592     
  0.986808309898159     
  0.986890487225311     
  0.979926737061436     
  0.981923303558424     
  0.970365067676706     
  0.964190380935541     
  0.981846097984742     
  0.972555121764874     
  0.970695405154499     
  0.972960540379832     
  0.973190132243052     
  0.966428631632025     
  0.978160954534882     
  0.979469995987136     
  0.961169320129940     
  0.984708468060028     
  0.965780446804440     
  0.978774291711633     
  0.996677388695571     
  0.970543102654194     
  0.974056344882804     
  0.990026981267561     
  0.984105427993154     
  0.979481375432685     
  0.977392704323482     
  0.988616160445313     
  0.988621804493016     
  0.968019298607991     
  0.983190915128382     
  0.981323038903036     
  0.978963412316052     
  0.981732628897454     
  0.994875016210579     
  0.980205501928842     
  0.978643306244370     
  0.973402753559456     
  0.964190209365671     
  0.961204312120512     
  0.982095552010856     
  0.977437746045070     
  0.985322659041971     
  0.987945767423300     
  0.993670771278128     
  0.978377517542566     
  0.973646247210818     
  0.978588375552285     
  0.986421345703864     
  0.979684958797350     
  0.974008876358424     
  0.979078024306333     
  0.980267098983567     
  0.967769049140856     
  0.970319679420501     
  0.983186012857592     
  0.974507959702313     
  0.989905179685536     
  0.977315732596388     
  0.982627303182678     
  0.972538646254078     
  0.985117182947107     
  0.962919817228405     
  0.975423398022663     
  0.986272939925602     
  0.982686276234711     
  0.978306241127796     
  0.992840958949278     
  0.998226371709242     
  0.988321366486820     
  0.986762153906660     
  0.982699893411125     
  0.986847823364326     
  0.987142000295364     
  0.984785219873663     
  0.983561225428178     
  0.981002854531888     
  0.987160803116150     
  0.974242388899454     
  0.971906775448213     
  0.975193789700753     
  0.983221519023305     
  0.961532337227130     
  0.978098148198822     
  0.984195919140633     
  0.986132949492198     
  0.983928892687967     
  0.964550485270305     
  0.967999853305153     
  0.969840279892995     
  0.985199757453930     
  0.977751516420924     
  0.959427745574615     
  0.967480660547462     
  0.991824263582038     
  0.988861806220509     
  0.991297297186188     
  0.969507716151217     
  0.977253604092567     
  0.976373172832401     
  0.988619398000852     
  0.967003510784362     
  0.975427500917926     
  0.976009343974322     
  0.985574532519632     
  0.971575669907785     
  0.973399597001137     
  0.964461891911067     
  0.985977767456170     
  0.981857379991960     
  0.973600905897961     
  0.987421788838561     
  0.984063738873886     
  0.977775079661946     
  0.960182562772324     
  0.990368223657522     
  0.993286948061244     
  0.972403384112339     
  0.965075705194104     
  0.991724452636482     
  0.984620980580059     
  0.965364412160585     
  0.982625967063013     
  0.990779586665338     
  0.986068227064260     
  0.978791044347784     
  0.974690401372752     
  0.979297558115926     
  0.990604271544864     
  0.980771913111336     
  0.977670427024223     
  0.985407361031212     
  0.979827198600572     
  0.973771354513983     
  0.981081353245943     
  0.968396562674012     
  0.953212712434001     
  0.963839124079784     
  0.970603737468354     
  0.973903731424360     
  0.984211691183006     
  0.977850622855011     
  0.979018943341880     
  0.973285092365739     
  0.968276391311755     
  0.971311892699196     
  0.980847784806723     
  0.981625201247472     
  0.975701901382928     
  0.975529614127059     
  0.987282310281139     
  0.975538043593963     
  0.981373728521306     
  0.967400804279781     
  0.988744516913720     
  0.989982751175880     
  0.990592268572438     
  0.981147002286090     
  0.986930918569358     
  0.978313049419879     
  0.979211552644716     
  0.984376326377291     
  0.987449542958605     
  0.979951238310568     
  0.975530304014399     
  0.986756561926212     
  0.964897158184932     
  0.971290499010445     
  0.971089234370225     
  0.971995579288595     
  0.958804811367272     
  0.984831560960584     
  0.975161834592197     
  0.978283289752388     
  0.980194393517417     
  0.983010941012035     
  0.976886302837206     
  0.998115147909999     
  0.977694380795473     
  0.987377372490789     
  0.960946332767508     
  0.978911432847165     
  0.975589614965727     
  0.987969067772627     
  0.978433472745795     
  0.989885551082425     
  0.976086375958453     
  0.975192954862694     
  0.974969250945442     
  0.977037291730066     
  0.982732287747530     
  0.979701232529986     
  0.968718326677147     
  0.992826560159873     
  0.982472727188730     
  0.981907212287519     
  0.978894314998717     
  0.983145988951417     
  0.978164720228893     
  0.986255850291173     
  0.978429542577900     
  0.983231208607965     
  0.987964044357131     
  0.981658899287427     
  0.971229346532184     
  0.981075122240466     
  0.984143026154506     
  0.980555474122078     
  0.968861016626561     
  0.980421763549025     
  0.977782869714165     
  0.988500415484883     
  0.978014168225042     
  0.982139711938122     
  0.985776825305358     
  0.979252080776761     
  0.989367178547262     
  0.971393936764221     
  0.976141893532511     
  0.970832881745575     
  0.983822669902836     
  0.997557447344173     
  0.976043825228200     
  0.993611941292583     
  0.984587033197857     
  0.981714029442991     
  0.985250097965129     
  0.995995963173482     
  0.991952380614368     
  0.982476047396977     
  0.982260307857008     
  0.988443476323900     
  0.971082444830867     
  0.985816946180075     
  0.982081519752803     
  0.970609771347737     
  0.983550622583123     
  0.987137255969943     
  0.972003301386944     
  0.979215522417205     
  0.979622650444990     
  0.981384740227716     
  0.981284612078546     
  0.978945384671427     
  0.992394101170312     
  0.980113294678610     
  0.993102599786691     
  0.983599985303890     
  0.973445222997228     
  0.996982901534549     
  0.978612051021977     
  0.972621874634628     
  0.974353036674227     
  0.967226733861300     
  0.987279377203001     
  0.975495875583474     
  0.980134341609918     
  0.977018579146096     
  0.967361010227772     
  0.982037596873430     
  0.988073256591170     
  0.976178471346781     
  0.953207095328525     
  0.971405153274016     
  0.977781584079188     
  0.987522543566315     
  0.988520727696410     
  0.982081883992087     
  0.991004555105917     
  0.972101807384687     
  0.979415777971037     
  0.967982043972055     
  0.985368917949677     
  0.979360700521552     
  0.977272641633610     
  0.977228204992693     
  0.976072125675439     
  0.985758495052479     
  0.990219755174026     
  0.987168785255654     
  0.973622270865807     
  0.982404901627234     
  0.988697808791282     
  0.989829455198656     
  0.990902084694773     
  0.974916675033087     
  0.969089223709073     
  0.979481512582796     
  0.978924982384385     
  0.995925743135792     
  0.984642626486349     
  0.972280702267595     
  0.986724735121412     
  0.983304932634932     
  0.984948166937675     
  0.962773769644448     
  0.992583646213011     
  0.955800852660065     
  0.978939970201385     
  0.990153706563254     
  0.968014913388522     
  0.977010450237966     
  0.985031019670489     
  0.970690587928135     
  0.987288524433029     
  0.996444000294501     
  0.982695744056360     
  0.975594121584046     
  0.969325534287676     
  0.968534345268580     
  0.977564784212729     
  0.957794253476171     
  0.985630072213869     
  0.980791125381908     
  0.992687562534928     
  0.963400565022292     
  0.978073030390956     
  0.973944518851285     
  0.989655621469878     
  0.985922008121579     
  0.988637247666093     
  0.976227314878990     
  0.979961720316530     
  0.975526474388157     
  0.986721654361748     
  0.989634315318696     
  0.984623904413721     
  0.987876994736876     
  0.976074682521313     
  0.983243318016235     
  0.970714094003467     
  0.981132125031296     
  0.958371907923725     
  0.969627215255048     
  0.982533632676521     
  0.978150199879722     
  0.975475609861094     
  0.969163308743965     
  0.975565928170278     
  0.972688129652754     
  0.985069338947183     
  0.969688011919984     
  0.958519624874278     
  0.982272929181696     
  0.977787698991461     
  0.993838130570266     
  0.977298270791692     
  0.983740236388453     
  0.986690996970403     
  0.975619036019861     
  0.989252640356935     
  0.988266709831681     
  0.959248212478262     
  0.964408943493618     
  0.973164750292369     
  0.989798888166060     
  0.980977589777789     
  0.978940786200450     
  0.972766981260458     
  0.974244279419092     
  0.971382964919316     
  0.990485488390769     
  0.978877435352385     
  0.973090625275158     
  0.982771098700986     
  0.985528607247521     
  0.970983931598189     
  0.971331769777043     
  0.967380589976640     
  0.984280854562485     
  0.979744990792473     
  0.975853550180868     
  0.964304621727246     
  0.976172844659041     
  0.984122391190033     
  0.979268686314014     
  0.976018052152000     
  0.983519633693772     
  0.975718374775713     
  0.989556202342861     
  0.970457424130225     
  0.961890295856371     
  0.969964776183868     
  0.983292924496941     
  0.986766568215378     
  0.990128467692715     
  0.982284564025863     
  0.989359992747462     
  0.979095177509624     
  0.981586976543379     
  0.987658386825399     
  0.978673425855392     
  0.990362302580137     
  0.981166379311106     
  0.984255471911836     
  0.981250803049558     
  0.987843883834151     
  0.980504431357625     
  0.976134306239250     
  0.979931674854832     
  0.969870763743017     
  0.983173270033309     
  0.989120603751442     
  0.966231932820118     
  0.985887532205625     
  0.981300784529005     
  0.990034467167928     
  0.957519475349649     
  0.978438847121817     
  0.978996208932956     
  0.982501191981528     
  0.984226984707053     
  0.983498276404321     
  0.970712972951081     
  0.978518326489746     
  0.974161319460081     
  0.997789822763413     
  0.975924157271866     
  0.986722384294132     
  0.985996628828093     
  0.987673731147085     
  0.976190525675506     
  0.996861573938495     
  0.988907360560942     
  0.997449348567684     
  0.978318037607198     
  0.978965022110295     
  0.975329870892037     
  0.981379755960601     
  0.973272418319804     
  0.974397683520309     
  0.992804702154314     
  0.975708169465491     
  0.972590005757172     
  0.981459235434230     
  0.967366953309227     
  0.982911086757802     
  0.982297175874872     
  0.985289583247111     
  0.969122823452936     
  0.981367972386492     
  0.991965789739891     
  0.971093122454602     
  0.981136605789726     
  0.982418473567499     
  0.982235571963300     
  0.972187239590898     
  0.999065643055080     
  0.969449901856868     
  0.991340636079275     
  0.982134953211437     
  0.983652950513089     
  0.965487596699380     
  0.969909643486779     
  0.958070632903972     
  0.967665032746706     
  0.986097192002993     
  0.966304410749175     
  0.978607033018830     
  0.977681352527838     
  0.992200706499802     
  0.989924838650349     
  0.973007794597727     
  0.981596739856858     
  0.982185284515624     
  0.978173874413708     
  0.976572098234295     
  0.989746376580370     
  0.988063777265811     
  0.975972862781629     
  0.978625214147817     
  0.975649706350817     
  0.975070935652903     
  0.974209978153781     
  0.979267485449372     
  0.983631832005174     
  0.980292027754714     
  0.985071600856514     
  0.979870746072178     
  0.981523830253696     
  0.978250190362434     
  0.982128757880023     
  0.980519553142279     
  0.979849077275648     
  0.992663289365277     
  0.980272633147685     
  0.976799877532446     
  0.972221518013143     
  0.997837957989981     
  0.973013607854146     
  0.982920319537637     
  0.971055304157015     
  0.983850248742042     
  0.973070719773133     
  0.981504387029341     
  0.976150237066949     
  0.968885085405385     
  0.993702926191134     
  0.981313444061324     
  0.993771644984603     
  0.971707478703585     
  0.988234268920595     
  0.987524647126836     
  0.984973369387250     
  0.977690669242198     
  0.962476552040888     
  0.974290513932018     
  0.979755621211626     
  0.983954108621346     
  0.977285820979770     
  0.992496911318336     
  0.967387726927697     
  0.988883873112224     
  0.978513032786174     
  0.981937235884385     
  0.987479508583343     
  0.980142425364642     
  0.971895035378706     
  0.972750770200065     
  0.960918052937537     
  0.980268183770242     
  0.967316409289235     
  0.978205216386476     
  0.993152450101994     
  0.978650185387532     
  0.974945988274442     
  0.987641084644301     
  0.980844009339681     
  0.977655996761760     
  0.986455508626717     
  0.991855983299406     
  0.978625819433984     
  0.970309803317521     
  0.986113612641213     
  0.990300571057022     
  0.968659097045541     
  0.981297751139445     
  0.986969706223296     
  0.976538424050673     
  0.989082153833228     
  0.972336842894476     
  0.980041454036834     
  0.971113757949213     
  0.991466807298258     
  0.988178696547693     
  0.978645717945370     
  0.987486349379450     
  0.988057910623007     
  0.981885791483960     
  0.967954823155440     
  0.963118436901480     
  0.984800673734456     
  0.972256337224234     
  0.968032394190682     
   1.00185746417873     
  0.991450975920624     
  0.992933230513099     
  0.979090135422045     
  0.971528434823644     
  0.979109739112235     
  0.979467936427794     
  0.976876620178654     
  0.976888640098482     
  0.971106134160289     
  0.964407081218061     
  0.979171658781147     
  0.984950053877391     
  0.975639557593654     
  0.965870680566914     
  0.969376600065232     
  0.986606008738443     
  0.980347803661755     
  0.963512094665494     
  0.963104102737732     
  0.987619022146757     
  0.987002311874853     
  0.984729709435915     
  0.986393810927372     
  0.989080595843423     
  0.980602718961051     
  0.979932222760394     
  0.973815932369923     
  0.993575432844613     
  0.984523410975651     
  0.982671579277901     
  0.982159376120016     
  0.985242370730989     
  0.964404455724509     
  0.976657860750493     
  0.987533758744947     
  0.981143755731745     
  0.984451812585628     
  0.969040602730455     
  0.980450249016891     
  0.966655552825765     
  0.961914979011676     
  0.981248936650922     
  0.952546668697380     
  0.968958160535731     
  0.978290637364135     
  0.983655403103501     
  0.983373058637431     
  0.978398799123605     
  0.984092381820869     
  0.980368811354337     
  0.990852189514030     
  0.984868223744003     
  0.973984401997921     
  0.989050633538283     
  0.985467868137884     
  0.980172191977851     
  0.986014008381859     
  0.985327643363417     
  0.983260092051924     
  0.979310570654387     
  0.965225466801824     
  0.961271374932292     
  0.984122211815400     
  0.972737704348992     
  0.962477626653587     
  0.983052214981590     
  0.978999629798005     
  0.946151773557523     
  0.970062563680318     
  0.978264889829368     
  0.984178594054067     
  0.980172885950293     
  0.977597587450246     
  0.981202027197872     
  0.990947244732758     
  0.976855283203906     
  0.971190557342035     
  0.984071275112904     
  0.968306289786900     
  0.986361783479967     
  0.979516189423689     
  0.973020930353112     
  0.979784245192239     
  0.969926042683934     
  0.991354369348504     
  0.980146151870116     
  0.978585095494146     
  0.973505738119139     
  0.982852565772394     
  0.985971780347061     
  0.981461169072989     
  0.977543382714758     
  0.962974758713335     
  0.981761266593591     
  0.980225033234289     
  0.969944879189839     
  0.982253186556369     
  0.979451215456543     
  0.981580091790527     
  0.990679680759409     
  0.969293832385538     
  0.983104498028403     
  0.988464955229955     
  0.991607304646390     
  0.973309109884868     
  0.970312317883406     
  0.986254917887183     
  0.982237797148770     
  0.983952082847933     
  0.984086829702712     
  0.983447328921935     
  0.981411907963433     
  0.965318614576347     
  0.967593276201254     
  0.985460051770736     
  0.992922374396051     
  0.977774418281314     
  0.966371990003708     
  0.986557088158227     
  0.990725309008246     
  0.963512117703633     
  0.981599353008811     
  0.986333026440706     
  0.979357670327672     
  0.961874445745131     
  0.989322481559706     
  0.983819046290759     
  0.979829167312678     
  0.970148960267625     
  0.981372716282282     
  0.980129267706716     
  0.982328758070826     
  0.974913522497216     
  0.987422452959417     
  0.989658293364423     
  0.976354567246599     
  0.980547298101624     
  0.973542916004687     
  0.970811559861168     
  0.975808677636050     
  0.981588749664363     
  0.991613879130965     
  0.986586962554842     
  0.975260012964054     
  0.982151973335039     
  0.986476223437260     
  0.990035066749117     
  0.974081468287022     
  0.972503079853495     
  0.975871144759181     
  0.973009284345186     
  0.981419535063444     
  0.976942058885069     
  0.990716031679509     
  0.984898274518801     
  0.976230202737243     
  0.969189961887174     
  0.988849976307152     
  0.985024050788513     
  0.983563440451588     
  0.984701953644678     
  0.971366981619168     
  0.967259739280268     
  0.974980305215233     
  0.972606706929364     
  0.975991384932665     
  0.981780187379594     
  0.969966388046647     
  0.977506726578489     
  0.974329664529992     
  0.977599380927745     
  0.998739456629958     
  0.970192416751179     
  0.981782924014534     
  0.978388522161958     
  0.971121103390175     
  0.975791970921648     
  0.977924387136485     
  0.972010780649218     
  0.987445467628214     
  0.971609879581446     
  0.980356732742211     
  0.989951001733060     
  0.982224068276882     
  0.978200068617507     
  0.971295707546357     
  0.969499573743017     
  0.968617643929633     
  0.989851886253577     
  0.981716975369177     
  0.990614276637951     
  0.979061318172747     
  0.981451271118157     
  0.968756582326166     
  0.981738458669224     
  0.977049100966987     
  0.978160091476547     
  0.979993474803073     
  0.975905411572783     
  0.975693055140199     
  0.966847626126010     
  0.980873214476312     
  0.977028436203751     
  0.967182826935173     
  0.977774352222129     
  0.973759749071850     
  0.975141851094321     
  0.969803155809087     
  0.986879383512457     
  0.976644785955960     
  0.977428833840816     
  0.990602481656832     
  0.954027724607984     
  0.970073519730045     
  0.967937124104957     
  0.983554281831363     
  0.982856065648183     
  0.976300907382361     
  0.973957556271151     
  0.970123730593129     
  0.985598485138412     
  0.978977104864879     
  0.982237454404715     
  0.979351406359343     
  0.986133305143142     
  0.955571118827220     
  0.991580795764698     
  0.976062457448244     
  0.970067312163648     
  0.978714513512297     
  0.986714329874258     
  0.971856314205008     
  0.967495267408059     
  0.980514453379891     
  0.979449595820127     
  0.969065150364376     
  0.973277613076126     
  0.992701181194352     
  0.973605898392474     
  0.977673895511071     
  0.971482559761816     
  0.980140507037300     
  0.985758258219041     
  0.976068517025561     
  0.980119803274597     
  0.988266968329935     
  0.973570359428100     
  0.949773346878663     
  0.979291016596778     
  0.982935739884245     
  0.975337008180335     
  0.977859348884602     
  0.980441152985433     
  0.993212308930640     
  0.965647249507248     
  0.973196061592614     
  0.978139874821769     
  0.970047156980662     
  0.970970633088876     
  0.984496172005639     
  0.975912922879299     
  0.974309963871286     
  0.974555207074919     
  0.977690018858072     
  0.979336070875148     
  0.973350892264821     
  0.988906027414818     
  0.979871727654366     
  0.961037389106359     
  0.994985396975302     
  0.981418758664621     
  0.985575663307309     
  0.991256652007808     
  0.987963391856164     
  0.957238511362442     
  0.979980756068093     
  0.972406050966161     
  0.966176471549568     
  0.993597758383046     
  0.991568289975156     
  0.973333808459644     
  0.980725175503046     
  0.998805504742789     
  0.984185156721027     
  0.981613790876903     
  0.990424749057795     
  0.985294020210512     
  0.978875789957666     
  0.972969631720938     
  0.981424844917057     
  0.985772293641274     
  0.985777700453855     
  0.985201087976906     
  0.982005325715932     
  0.977664892009760     
  0.983783525311490     
  0.973364515561667     
  0.986470755829586     
  0.969951716344922     
  0.983363161589240     
  0.969992305318815     
  0.982454031435613     
  0.986542036886274     
  0.986977747809754     
  0.977901750298435     
  0.979442434964019     
  0.972733563091358     
  0.975645593396301     
  0.981070043882869     
  0.966246695822944     
  0.975912194984846     
  0.973838543282522     
  0.981055158719746     
  0.992956272786489     
  0.974478242412336     
  0.983412719435664     
  0.973962801011625     
  0.965165840282428     
  0.985041403415996     
  0.969093180101487     
  0.987116687078904     
  0.966488615900928     
  0.981936230360146     
  0.974510533612361     
  0.992832757212475     
  0.983270883335404     
  0.968874990090852     
  0.969008411540404     
  0.986958179953917     
  0.985761266524280     
  0.982417124093796     
  0.966570938081458     
  0.968861079338529     
  0.970163688743347     
  0.976061476008133     
  0.999702126023335     
  0.979678974222686     
  0.986060200672208     
  0.977369982338743     
  0.988116883124375     
  0.987597879742840     
  0.981255067940962     
  0.970695705893271     
  0.988141422625457     
  0.970327585858582     
  0.995473128314056     
  0.978763001672364     
  0.974959773587951     
  0.989049876793717     
  0.983628463362692     
  0.980707316346872     
  0.988387237382802     
  0.982931458396074     
  0.980442368508279     
  0.988257123349507     
  0.982348034273956     
  0.985231598840503     
  0.990313202428933     
  0.986404430918239     
  0.954695261205392     
  0.975766707266469     
  0.976989473888824     
  0.977191076820686     
  0.978995311147941     
   1.00041784649737     
  0.981921146779314     
  0.983393473307054     
  0.979741267014738     
  0.964224651489824     
  0.980114596507242     
  0.985480986822635     
  0.971702508100467     
  0.989494772620045     
  0.978694176672598     
  0.979362056473326     
  0.975597686933336     
  0.975918820563553     
  0.985503289107856     
  0.983110742231633     
  0.975409365544459     
  0.969409247206418     
  0.967487969119473     
  0.996607541883354     
  0.977349510443488     
  0.987909803522365     
  0.975964458274177     
  0.987276798937600     
  0.975198693353104     
  0.981882142121075     
  0.978965315719603     
  0.979649327460265     
  0.981051478013363     
  0.986580701274980     
  0.980721477275352     
  0.983844297818879     
  0.972193147368994     
  0.951986664143704     
  0.980824200459926     
  0.979168774196181     
  0.978740320633815     
  0.982314574376288     
  0.996089190321994     
  0.996982183367339     
  0.970028102401585     
  0.980117994298048     
  0.992458536226569     
  0.984865891682322     
  0.978209461146817     
