  0.499010459729092     
  0.509090672246494     
  0.481559368318931     
  0.503484497174056     
  0.496148219345972     
  0.470348034032824     
  0.498792727454039     
  0.480710924227248     
  0.508706412474592     
  0.502403556238331     
  0.524650506631354     
  0.509537010630694     
  0.489532520522198     
  0.535085618648380     
  0.509085696374961     
  0.483080437333683     
  0.461122602256016     
  0.481700443885940     
  0.511681008134795     
  0.475482668832714     
  0.493258798857921     
  0.489108923050787     
  0.513407058912733     
  0.497011787274794     
  0.535866276586510     
  0.473597989337981     
  0.510130834797920     
  0.435681966901453     
  0.498573691441793     
  0.495165754181077     
  0.515436607942640     
  0.472002856336081     
  0.548156683360332     
  0.521718637743435     
  0.579616456688246     
  0.483909743687280     
  0.507797171782626     
  0.458355915289339     
  0.485384643746512     
  0.510673834133351     
  0.531500457364702     
  0.477958704598364     
  0.459519116137792     
  0.480380906508271     
  0.517804626909342     
  0.504572817117029     
  0.493752576391638     
  0.524490140419506     
  0.505261017070229     
  0.483744546095297     
  0.515217862985507     
  0.508768082443552     
  0.496940179514361     
  0.490957605501730     
  0.483579127688508     
  0.510033171633033     
  0.547689520626196     
  0.452999659142143     
  0.474438667877108     
  0.496231914920975     
  0.514058136073229     
  0.496226718801042     
  0.494734887833524     
  0.495750242800372     
  0.491622968002338     
  0.501127163719341     
  0.466836228754610     
  0.442995803331126     
  0.482914890315019     
  0.562363005969038     
  0.501455092235878     
  0.494698337272766     
  0.503478886279945     
  0.477982171658363     
  0.487928408662453     
  0.490534662402325     
  0.575058607646207     
  0.500691673150745     
  0.530836490446590     
  0.514405635355277     
  0.505738659499480     
  0.529676159920326     
  0.482084963009905     
  0.500025507499949     
  0.452261877999675     
  0.530952017246681     
  0.517330090407684     
  0.484296339188541     
  0.446703913238342     
  0.502919912093578     
  0.495324481503876     
  0.490992941479506     
  0.483342876593207     
  0.467077301323970     
  0.483504586311149     
  0.445120384108456     
  0.482020101838772     
  0.465783593287159     
  0.517897762553320     
  0.528180167509568     
  0.535183876721134     
  0.535632152581555     
  0.454080499614981     
  0.515000968589381     
  0.520610975726582     
  0.490089281598109     
  0.500326909254907     
  0.461332783964002     
  0.459416701739612     
  0.499546562087869     
  0.515295682021578     
  0.512495599023257     
  0.471571295048682     
  0.490269370858826     
  0.489829543507078     
  0.518542379971945     
  0.453174543481397     
  0.479874720414199     
  0.501724891986251     
  0.518092288297897     
  0.473113751636164     
  0.516991215862154     
  0.508809845783982     
  0.498980634176815     
  0.468706183205855     
  0.482554679861209     
  0.505075403535935     
  0.495401253420732     
  0.497237047922117     
  0.496882235252863     
  0.496357162660492     
  0.441700786599193     
  0.507349796620885     
  0.531833837873513     
  0.512083027300404     
  0.525669464941507     
  0.516621537250640     
  0.472768905723147     
  0.526716914936665     
  0.511573424074100     
  0.516539067825452     
  0.503505876974094     
  0.577907021602659     
  0.506647448390695     
  0.505196970699471     
  0.518836380449920     
  0.506187053743093     
  0.484375735420849     
  0.500323213251924     
  0.482609605353599     
  0.455600362287567     
  0.549555567008901     
  0.531848931103559     
  0.433000116646629     
  0.510615764108723     
  0.547808704105150     
  0.518898435366258     
  0.483151099693178     
  0.519881543515848     
  0.468979352846717     
  0.517047355987445     
  0.503742723762120     
  0.456959185078993     
  0.532165920560022     
  0.496321092084750     
  0.491875904296300     
  0.490945089451298     
  0.507905121353150     
  0.479488895648430     
  0.493632129537525     
  0.490476839891992     
  0.503907375261780     
  0.510898334961557     
  0.515622854128155     
  0.483650921770055     
  0.528471587445238     
  0.497457258254157     
  0.489982617385118     
  0.505341753378976     
  0.507607814221468     
  0.465114161035333     
  0.474921646626294     
  0.476171636926991     
  0.539133930768516     
  0.467751895551611     
  0.484258426383625     
  0.442552186284419     
  0.438879946513927     
  0.431094195572365     
  0.535275054517764     
  0.472182975027807     
  0.505057526345925     
  0.556431477310565     
  0.535877003464319     
  0.530811362494759     
  0.516713018273270     
  0.487195699337402     
  0.453921524070392     
  0.498838626176752     
  0.463077526258145     
  0.500465936049011     
  0.541010003956931     
  0.481709360403468     
  0.473888844600663     
  0.473780827979142     
  0.460036852371693     
  0.470985147692182     
  0.507082738537052     
  0.545187338203872     
  0.457951900575101     
  0.496480224560286     
  0.570860942052855     
  0.456862068646461     
  0.504733456627808     
  0.514008411813149     
  0.485508648135991     
  0.513480846321571     
  0.497676089233011     
  0.510094369137827     
  0.486559681056613     
  0.507136400586398     
  0.491065490119312     
  0.491892593772246     
  0.489660570390783     
  0.496737488969400     
  0.504132732693940     
  0.504996180021476     
  0.521413992855509     
  0.524578836398037     
  0.479288213901858     
  0.448020671604418     
  0.471493829475813     
  0.519163394039232     
  0.461011315584547     
  0.535927347833185     
  0.515720924556382     
  0.481807183793612     
  0.455114402106436     
  0.496356139542262     
  0.556456133168193     
  0.542521606814748     
  0.551471739848479     
  0.501527873766477     
  0.560388473865009     
  0.446680631539757     
  0.478186927630961     
  0.509300103849283     
  0.472266736634787     
  0.549218729674591     
  0.451950963036562     
  0.514272529720486     
  0.482333261480078     
  0.495205496682856     
  0.476940427874404     
  0.453727045917732     
  0.437420363320277     
  0.455827296676646     
  0.470501145006481     
  0.468105809589098     
  0.489475180334342     
  0.491485599769025     
  0.516634163991112     
  0.492444523309681     
  0.448806626486530     
  0.518079653010690     
  0.495043743724390     
  0.489501267768346     
  0.511099767075657     
  0.507119345740415     
  0.445442247112182     
  0.499648788125967     
  0.529342398671323     
  0.485987634973773     
  0.478299879742652     
  0.518090178598189     
  0.505983821902313     
  0.501268872853896     
  0.532172907057350     
  0.497501307542455     
  0.498021649963711     
  0.499736279114895     
  0.557033059722496     
  0.455489604362362     
  0.490612379550943     
  0.479919694607037     
  0.499674360036525     
  0.471849871306297     
  0.489121932746985     
  0.469178322902614     
  0.471857236099792     
  0.517302821600045     
  0.518263067728814     
  0.488918857764892     
  0.480913381566157     
  0.511696981355075     
  0.493929337820809     
  0.509924300502177     
  0.543360265901190     
  0.539191084612206     
  0.488587989762411     
  0.530838995265669     
  0.482564485287198     
  0.501719308100693     
  0.515483055397884     
  0.521752325802086     
  0.543090947877275     
  0.501167757262443     
  0.462458328796549     
  0.472444474824226     
  0.513788384855198     
  0.486035531042916     
  0.508120487386998     
  0.515082129074022     
  0.501147673414646     
  0.507656102781795     
  0.509935922974940     
  0.538275862729052     
  0.510985956305024     
  0.451174503988427     
  0.477381835774085     
  0.503615841141407     
  0.476663822484061     
  0.484164849556557     
  0.553546436380037     
  0.488502031648357     
  0.491452421449895     
  0.478427095759947     
  0.500329914769338     
  0.477319034135031     
  0.511621522842499     
  0.504782760863002     
  0.517667269259996     
  0.525797589967588     
  0.469282894707720     
  0.470146037458466     
  0.471865667015095     
  0.494116333019878     
  0.461120894980151     
  0.529666456366869     
  0.478167790084944     
  0.487927893007677     
  0.530328011372080     
  0.494595226734419     
  0.511413983550242     
  0.458132982700166     
  0.516031904115889     
  0.493444133715716     
  0.477887660150969     
  0.557818540560915     
  0.480673568508554     
  0.498880432414886     
  0.528367035070807     
  0.479360192879654     
  0.505866500424582     
  0.492031693783912     
  0.493100315011478     
  0.496598507847975     
  0.521626901403528     
  0.471010302459073     
  0.481028504250987     
  0.484205665350084     
  0.474339076844469     
  0.508384149951831     
  0.533402464718703     
  0.541478698813541     
  0.557030865173625     
  0.507514004483372     
  0.472067279854522     
  0.469463177161997     
  0.463674906381247     
  0.485398268119621     
  0.493848337516030     
  0.484536381647829     
  0.469308686143849     
  0.500284818527035     
  0.504375218357212     
  0.498492259346501     
  0.503130437509483     
  0.516647574253117     
  0.462925019781933     
  0.522084483279370     
  0.552410235735407     
  0.509759943437774     
  0.492102518615151     
  0.444447517422029     
  0.517605730572710     
  0.472977744001038     
  0.544823459985775     
  0.488146782747952     
  0.452578276885242     
  0.499780554763279     
  0.496707839998382     
  0.493953689864294     
  0.483305487228547     
  0.467506327787444     
  0.503493499027383     
  0.534509884350393     
  0.450100216323499     
  0.508127796557530     
  0.515728748299421     
  0.463134890426537     
  0.496364131396760     
  0.506485260956832     
  0.492848862545739     
  0.509761278421621     
  0.497726410246897     
  0.520003663357801     
  0.485005810436909     
  0.491586331121075     
  0.464381032608314     
  0.508356211438848     
  0.509418629487016     
  0.485916887683307     
  0.468189278271696     
  0.491805668068043     
  0.460406541842350     
  0.487588112659898     
  0.530192872365959     
  0.508701505023028     
  0.479193140245266     
  0.451587265087567     
  0.505390359763124     
  0.478271561272102     
  0.503175734082235     
  0.509062765088884     
  0.473686344696696     
  0.453252860009157     
  0.468168027590306     
  0.476950370589438     
  0.523137451180607     
  0.470140779930035     
  0.504123042162194     
  0.437094735689689     
  0.472830983012727     
  0.472862323767509     
  0.480652541628408     
  0.533772659145510     
  0.474185660553611     
  0.455730776993437     
  0.535922334408650     
  0.487190448398764     
  0.464403200988588     
  0.436600412108916     
  0.524318113014337     
  0.521907800130320     
  0.476057587820383     
  0.489155183975236     
  0.523620500351912     
  0.480641185320360     
  0.515204571649357     
  0.497300477975891     
  0.535778885042157     
  0.524110906389106     
  0.491303814599181     
  0.461055939486069     
  0.456480924734345     
  0.462754630111000     
  0.497046946884068     
  0.493972396758356     
  0.475171112100382     
  0.531820427038470     
  0.548284842521232     
  0.489715028236767     
  0.531643138470422     
  0.483922896314221     
  0.510595260601806     
  0.494187586143038     
  0.510578830592070     
  0.498769361055716     
  0.474399512432123     
  0.511421924834058     
  0.502012093059291     
  0.501060660132039     
  0.478012956508238     
  0.482641567719308     
  0.494421413703519     
  0.473949852837254     
  0.511580161619184     
  0.520697979114246     
  0.504548691632646     
  0.514260869899149     
  0.506767863977132     
  0.513093367338663     
  0.478491087175907     
  0.467247754693748     
  0.473077862617464     
  0.457684425067492     
  0.466979449307872     
  0.472636031285449     
  0.496161004427300     
  0.472103035481356     
  0.482512056803923     
  0.501482719517416     
  0.514574019454832     
  0.493230137644908     
  0.461720133454971     
  0.513157424121135     
  0.496247733335211     
  0.552350248045908     
  0.480459162217942     
  0.539823604110576     
  0.493783816566695     
  0.479595457431124     
  0.499400498312036     
  0.490736849784172     
  0.490180506074751     
  0.479522405075868     
  0.488066196057838     
  0.495252664111186     
  0.512191491565662     
  0.495821909196608     
  0.522433711466710     
  0.493621812766013     
  0.500303909726079     
  0.542081902346212     
  0.542642959495735     
  0.480305083025645     
  0.456607014276884     
  0.490429537061425     
  0.523181423876187     
  0.466708170009312     
  0.476659977404648     
  0.540448018010754     
  0.489119886209240     
  0.540278682122740     
  0.463309643612655     
  0.462438439959035     
  0.528889704047647     
  0.499347313194837     
  0.495827274852526     
  0.485663306677546     
  0.482415456486637     
  0.495293529069105     
  0.463795489774194     
  0.493979064911615     
  0.494079738192369     
  0.477828231157129     
  0.517577643738268     
  0.521172923254258     
  0.478754598642611     
  0.490746875578053     
  0.455947786764146     
  0.497594765138968     
  0.537012626754045     
  0.495745901445103     
  0.493887206376493     
  0.520862795864076     
  0.491871774927219     
  0.510476401517970     
  0.446943655741005     
  0.481489983851322     
  0.458457696677676     
  0.480280209272899     
  0.475201950487204     
  0.498068717396894     
  0.532911347162642     
  0.553225512663615     
  0.525352312446383     
  0.464451052960136     
  0.444761230893792     
  0.471624503793909     
  0.472659267660217     
  0.471993226580828     
  0.513678088624948     
  0.520754289814602     
  0.503075382049525     
  0.566350433345269     
  0.523144953666871     
  0.506684099909719     
  0.517002695078576     
  0.523330813938220     
  0.539138271894090     
  0.503507513116604     
  0.501359015254970     
  0.501881817972393     
  0.515691268231906     
  0.532025668282440     
  0.464768168047590     
  0.515358027076239     
  0.483990986777492     
  0.483685138370926     
  0.459590687474524     
  0.471423136165621     
  0.464634401083183     
  0.500077786221414     
  0.493553482782879     
  0.496080474028748     
  0.472646414359047     
  0.486060639711732     
  0.452149448297063     
  0.466869499507267     
  0.473065838595333     
  0.511090728446139     
  0.485626248249489     
  0.502234641665367     
  0.498699886876395     
  0.473342894072060     
  0.490818730174496     
  0.529839019025247     
  0.521912375807906     
  0.504841581229997     
  0.513535478534971     
  0.460327560248625     
  0.535116946790671     
  0.504655767339020     
  0.477715961954154     
  0.503891419290301     
  0.489445153197790     
  0.504524176962253     
  0.483334953459352     
  0.469517320418421     
  0.527839581876219     
  0.474613292926707     
  0.504740326862660     
  0.534118975050881     
  0.502721944626981     
  0.497151338924678     
  0.488586714603485     
  0.477229687342576     
  0.488445858318787     
  0.525125816189053     
  0.457106805813482     
  0.501834557048107     
  0.485812699689243     
  0.550095564593860     
  0.519993566480638     
  0.523992333905741     
  0.485286383716861     
  0.526574308953355     
  0.533248986126952     
  0.477767771092475     
  0.467352535861267     
  0.511599578389404     
  0.467849018373719     
  0.487807383231975     
  0.503426641790354     
  0.456675137269921     
  0.478796114112679     
  0.540004070039701     
  0.482703753556062     
  0.451338203558743     
  0.473951292520664     
  0.506718904800305     
  0.514706824481127     
  0.565520765995711     
  0.499297983992444     
  0.473283980776787     
  0.486116599189369     
  0.489707492984101     
  0.459304293796122     
  0.491290145560297     
  0.464884272120109     
  0.525642108741769     
  0.490808683698602     
  0.552007919173246     
  0.485856696721876     
  0.520479485741424     
  0.505736086078307     
  0.515125474407905     
  0.522394070886262     
  0.483347957361261     
  0.499159958876958     
  0.519667513575778     
  0.468585924862890     
  0.521565258368732     
  0.510423845175541     
  0.470621796259170     
  0.501895946706037     
  0.499860554103909     
  0.467195952351794     
  0.493848661243271     
  0.454247908912509     
  0.509228757119490     
  0.469245467327800     
  0.475212256372706     
  0.466153275135919     
  0.525171075753400     
  0.510270780878768     
  0.488055191991088     
  0.538570097894770     
  0.472840773465365     
  0.456575832614695     
  0.505068436031408     
  0.532036923022283     
  0.504580218358665     
  0.474261959508259     
  0.491753011071451     
  0.443375202172878     
  0.485741958377726     
  0.498762256543720     
  0.480379673488068     
  0.482487878133815     
  0.515584924547438     
  0.502024715665369     
  0.485385220773870     
  0.473713972832414     
  0.478410568774529     
  0.501457267031284     
  0.488108009392780     
  0.527927466396219     
  0.496517140609684     
  0.508127717914035     
  0.544462028862196     
  0.482300822125809     
  0.504982462564023     
  0.514580042355941     
  0.523174692776335     
  0.497175374667801     
  0.487786061558484     
  0.487933764313436     
  0.555971647378812     
  0.479119805577646     
  0.508428774755648     
  0.519083441187352     
  0.445665615433507     
  0.523788589417898     
  0.471489971913340     
  0.460132543771335     
  0.494556257744724     
  0.480281093052292     
  0.491873382934367     
  0.534609884923917     
  0.468755574316577     
  0.490750148399756     
  0.526775026956648     
  0.489168096515717     
  0.512240590615487     
  0.514302062791881     
  0.473722392688092     
  0.472986699367552     
  0.478251291005120     
  0.514876351733030     
  0.507480908876227     
  0.499260816790067     
  0.497339284940876     
  0.509175165175192     
  0.505557371783134     
  0.481067151609500     
  0.486986313029757     
  0.532205888995042     
  0.465645436217985     
  0.470360779822176     
  0.464140778298868     
  0.538768512308721     
  0.513031905606215     
  0.548733133180949     
  0.503787774458264     
  0.522897059975409     
  0.522752700285812     
  0.468703736486067     
  0.512059390517013     
  0.510863726804308     
  0.477523058732478     
  0.515006981242798     
  0.448900173484978     
  0.504554773583124     
  0.522179948726094     
  0.473135308539489     
  0.483078541035241     
  0.510094946746443     
  0.531942909152104     
  0.514164706225146     
  0.483732183716415     
  0.507346846445744     
  0.480702849825897     
  0.466202990947516     
  0.536100992930737     
  0.455978224573649     
  0.485170718207658     
  0.490231779121889     
  0.509034916739740     
  0.459168284078033     
  0.462565759373281     
  0.447279491167767     
  0.504277049754179     
  0.479505367235160     
  0.456274841674843     
  0.495300787789479     
  0.470582074790282     
  0.498637620848361     
  0.539303265950119     
  0.477627340831025     
  0.484504960356981     
  0.455130436494132     
  0.458804929632818     
  0.521022654884648     
  0.551973591815149     
  0.528111059749078     
  0.498853952105153     
  0.490451305085300     
  0.519739829089564     
  0.530370689267862     
  0.453831912815719     
  0.566441500177767     
  0.512985611070281     
  0.469583699352277     
  0.454015003422818     
  0.483947308863752     
  0.479490372448350     
  0.494521033748110     
  0.487063806017503     
  0.497208543743063     
  0.449644870221546     
  0.489119490774519     
  0.541269536718454     
  0.513177009952143     
  0.493266965581158     
  0.529161251873625     
  0.493795901764567     
  0.514001630856251     
  0.519070618900730     
  0.491181177627931     
  0.488942730193725     
  0.494754293085664     
  0.477381708549604     
  0.521825499682300     
  0.489154063560889     
  0.524619125153850     
  0.491893256186929     
  0.477454219164562     
  0.491887052849154     
  0.474208114921998     
  0.466191739534320     
  0.530798273736599     
  0.478069777472057     
  0.536411529237511     
  0.484450465113582     
  0.515821823935414     
  0.487112512794726     
  0.456476870604109     
  0.515022034418559     
  0.460865778859541     
  0.508532231205387     
  0.488624105341289     
  0.527842193552165     
  0.525627879581037     
  0.516474752168883     
  0.485100433723034     
  0.473475956457976     
  0.476813684059372     
  0.521238009812258     
  0.542307638628532     
  0.539769694986066     
  0.534271221731838     
  0.479660691566463     
  0.452437839957090     
  0.515679403693508     
  0.493366688963934     
  0.490531178023264     
  0.497953117294762     
  0.493260066626502     
  0.523704974362261     
  0.518397385266870     
  0.482789033823580     
  0.489596724567399     
  0.521710510804363     
  0.486562400435707     
  0.516442250371011     
  0.553131857352689     
  0.543569086473996     
  0.518478922928626     
  0.513997806277387     
  0.446717398966772     
  0.455272778457497     
  0.500919595572206     
  0.445129523745024     
  0.505746859622073     
  0.489683613707811     
  0.458562077637532     
  0.502123446870093     
  0.483360750258015     
  0.523582007852079     
  0.482257144484732     
  0.496979807350816     
  0.503842473255145     
  0.533542698935829     
  0.511677830545777     
  0.454175814039167     
  0.497214412330437     
  0.473221858735299     
  0.497267204648248     
  0.513484582730869     
  0.538453010708937     
  0.512406819455176     
  0.488885913052356     
  0.507169700954059     
  0.504787504565454     
  0.490965369273153     
  0.511816703051854     
  0.510392605083434     
  0.497014165500109     
  0.540276118935211     
  0.523952936867424     
  0.508576573526588     
  0.449149253102628     
  0.490753703335789     
  0.530125325182391     
  0.494860105845615     
  0.515751179573174     
  0.472425212360304     
  0.481632224179052     
  0.482401261564299     
  0.470131385762012     
  0.465233286472765     
  0.478455004327570     
  0.541673453821498     
  0.567839520846651     
  0.476261557947783     
  0.494679790959902     
  0.498728420103360     
  0.487815835905153     
  0.489538569626331     
  0.533364929402631     
  0.498171656208594     
  0.451183053925714     
  0.477756202762967     
  0.487123959439860     
  0.515224423920897     
  0.519563068328824     
  0.491412020137508     
  0.498031243328734     
  0.519293650060312     
  0.466267208866159     
  0.437731643494418     
  0.483797543341585     
  0.484834110288730     
  0.521639634267331     
  0.458806640757292     
  0.488424365483023     
  0.503001919423474     
  0.549242996488418     
  0.507787049446599     
  0.467450599834711     
  0.468698743871248     
  0.474086779955506     
  0.485456245299765     
  0.472543120534442     
  0.499327660056615     
  0.473182138539552     
  0.518583525834387     
  0.481267110243460     
  0.508574761372740     
  0.480987166547609     
  0.476509474225813     
  0.515734016611909     
  0.480029292827040     
  0.455723064578971     
  0.525436228960904     
  0.502934556086474     
  0.495210154881177     
  0.470459610403565     
  0.498346118836562     
  0.485472206642177     
  0.530806895700784     
  0.503638068160449     
  0.495563898637380     
  0.494699123657623     
  0.524872140470779     
  0.492411654986808     
  0.509986002159535     
  0.526139642168364     
  0.492846932486964     
  0.463726408171075     
  0.494571120625510     
  0.525488512121245     
  0.500708216487368     
  0.512017708361622     
  0.516283791098503     
  0.520415379528335     
  0.481631354929295     
  0.509151693378401     
  0.534531158290746     
  0.512316512211030     
  0.473107280978249     
  0.480354479542150     
  0.450282028219243     
  0.484857802572570     
  0.481384710874839     
  0.484910027274409     
  0.508986787785157     
  0.518424620743060     
  0.522996369325696     
  0.496967898513114     
  0.476758286224465     
  0.476628095055800     
  0.494396896078427     
  0.535342599415148     
  0.512003393847860     
  0.492816990189092     
  0.521939432478453     
  0.545459733750703     
  0.454420425758943     
  0.509558368559707     
  0.506054113993661     
  0.489046858031062     
  0.525499350277908     
  0.483721223397586     
  0.492139665620682     
  0.466930188096338     
  0.469614020078604     
  0.366172312095884     
  0.382999691496855     
  0.360745116951363     
  0.370770333612412     
  0.286380199419333     
  0.335722763130192     
  0.327858325627490     
  0.359246470805070     
  0.380865517534450     
  0.351084474966028     
  0.379988345879488     
  0.360484227911629     
  0.335719889027334     
  0.419371834603198     
  0.422366855694688     
  0.351020559973147     
  0.285639329436365     
  0.346420960320657     
  0.373202542992249     
  0.326752977298588     
  0.305734789019828     
  0.341306740028141     
  0.398204619406055     
  0.310146019161285     
  0.423679971867655     
  0.273303734802181     
  0.348593953801228     
  0.262483833136873     
  0.374917147206095     
  0.312713773110603     
  0.359223190759106     
  0.327431995766279     
  0.427759995564017     
  0.318843811766661     
  0.599999038686508     
  0.366928698216698     
  0.396452916007517     
  0.314826611235326     
  0.294625263806214     
  0.385305772576253     
  0.388954371776296     
  0.416561171647949     
  0.320368021599084     
  0.334992858587741     
  0.379177197708276     
  0.373206904154137     
  0.346642830815650     
  0.413728393333668     
  0.407282989015417     
  0.352053011506398     
  0.372771426406348     
  0.468633945506872     
  0.300612698186652     
  0.395778501429740     
  0.350445746483798     
  0.338650998010908     
  0.470747089439239     
  0.290738420535840     
  0.325466949785777     
  0.353981534461057     
  0.431488152046743     
  0.322017067622340     
  0.351049707248231     
  0.338530276093668     
  0.323002813824537     
  0.340181846548345     
  0.250011615418867     
  0.270281066956486     
  0.328347824457835     
  0.445811274719831     
  0.396773715776206     
  0.315988520505651     
  0.347335063226746     
  0.310878317177919     
  0.374073934167257     
  0.352608201957262     
  0.446152005974658     
  0.338902881197346     
  0.416835600560238     
  0.354013016103269     
  0.435840263779355     
  0.343527317847130     
  0.353749192943464     
  0.338647099660830     
  0.275954084816841     
  0.467778712810412     
  0.400132342010555     
  0.337918548407083     
  0.260188247065380     
  0.344085171010030     
  0.379113909762951     
  0.398480956605156     
  0.399443203217797     
  0.290801763936664     
  0.304117450948320     
  0.288607497062922     
  0.337904293422610     
  0.310429190817712     
  0.375987542956288     
  0.362193278741935     
  0.368533404089608     
  0.389452748460843     
  0.304011160877638     
  0.373468127633545     
  0.295151821008765     
  0.323526362691025     
  0.388011386260699     
  0.279856077167460     
  0.290286152544863     
  0.304464398764297     
  0.402208442018802     
  0.382301764610204     
  0.314403423368592     
  0.348193781693169     
  0.291662544924435     
  0.379598057439422     
  0.286769807346108     
  0.270702568974199     
  0.319164209788725     
  0.333222346279668     
  0.330306571153989     
  0.381168596409938     
  0.361563876327770     
  0.324693518281555     
  0.333294319125260     
  0.396511596958765     
  0.341281920723005     
  0.325771568388651     
  0.302438396056828     
  0.326926887706684     
  0.388142450811735     
  0.249291980294561     
  0.468382011633528     
  0.412054770655195     
  0.359263837529393     
  0.382493573290742     
  0.419060517162635     
  0.308814219730222     
  0.346409643761836     
  0.345210313286423     
  0.397650148095689     
  0.367859233842091     
  0.472202578322230     
  0.348469171556359     
  0.315557443369305     
  0.365117540819889     
  0.326510355269611     
  0.327681648309837     
  0.328713668346204     
  0.282998231735992     
  0.273776276166565     
  0.401976704631279     
  0.382661482351444     
  0.260818222057608     
  0.349507916335254     
  0.417165329734813     
  0.386991383858296     
  0.335557698109425     
  0.317596837875555     
  0.337348137788599     
  0.362398356723163     
  0.361118047300120     
  0.289372263226702     
  0.433686417467384     
  0.337721476216358     
  0.369715390137807     
  0.369890947642580     
  0.332576498179991     
  0.340731623805920     
  0.347816905419301     
  0.383576666560989     
  0.316927146427283     
  0.341947760210244     
  0.380100637968929     
  0.308198723655275     
  0.356317178942276     
  0.356761854218269     
  0.311610858632947     
  0.385402848889727     
  0.311540651055811     
  0.287273819265454     
  0.309983333506478     
  0.308018158098187     
  0.461915695800905     
  0.289598077036432     
  0.357360498331938     
  0.252783128353559     
  0.283496486277258     
  0.269309004051987     
  0.347824964502777     
  0.299950628661385     
  0.347815390161009     
  0.434695262381410     
  0.404553238716907     
  0.372265229055703     
  0.371052783576582     
  0.277027603524376     
  0.301822662969214     
  0.305471690447956     
  0.345164246815639     
  0.328962595623944     
  0.354143034368246     
  0.338031641514614     
  0.282180317544471     
  0.285385055180572     
  0.281655311216390     
  0.281877556565130     
  0.387124094962707     
  0.438347364859551     
  0.316223716486728     
  0.329081677360110     
  0.409062659950513     
  0.293223026009672     
  0.279930750266799     
  0.327733657589688     
  0.279112858277922     
  0.337035521612491     
  0.312080451566119     
  0.310477462031221     
  0.358240808948481     
  0.409219197468498     
  0.335083154591938     
  0.315177188161520     
  0.308779469514080     
  0.327819323640984     
  0.309674027780677     
  0.314378118970838     
  0.380698348556046     
  0.416092283041307     
  0.395665641273358     
  0.252806778368215     
  0.306334217385433     
  0.412331854535021     
  0.298705055758937     
  0.409365922579520     
  0.346222110166096     
  0.288217072583449     
  0.296367609563235     
  0.331452496774292     
  0.444518363050194     
  0.428587213270145     
  0.462617292634080     
  0.360328877964617     
  0.472247182315255     
  0.290461197429857     
  0.322550313243301     
  0.345873806831784     
  0.349866552532009     
  0.431993759132950     
  0.287511539281181     
  0.377023130429374     
  0.324787028345178     
  0.355457669268469     
  0.303186987933212     
  0.266754829364130     
  0.262073286839654     
  0.284063639922918     
  0.315032563225118     
  0.305408368038232     
  0.318503786089560     
  0.353177372719835     
  0.368671498324966     
  0.354765482903493     
  0.281943330049087     
  0.348387701105707     
  0.300391431826106     
  0.334587734144372     
  0.351992804290352     
  0.334101219406634     
  0.281664128259941     
  0.353421697761840     
  0.362242228461085     
  0.327601619057194     
  0.345210214378209     
  0.375734951986773     
  0.345029509529757     
  0.358368704933464     
  0.373714081876610     
  0.321903180787492     
  0.345463960770569     
  0.351916708745461     
  0.403588752809797     
  0.282102437788766     
  0.304727624725872     
  0.308419260348941     
  0.327059663406865     
  0.332143495301188     
  0.360114186931830     
  0.281316010175889     
  0.355795288694317     
  0.413971991143654     
  0.494052485886595     
  0.317314936156651     
  0.318629595048556     
  0.350832516155738     
  0.361892942853722     
  0.336770813793258     
  0.403856901533372     
  0.388878636396715     
  0.327864610411061     
  0.487564599779552     
  0.312231612789863     
  0.372284659994870     
  0.399959943365244     
  0.367855760977094     
  0.367401354081577     
  0.347931634695287     
  0.328275852968144     
  0.286719930221368     
  0.402650327336396     
  0.360208078285823     
  0.336161373394207     
  0.339687234563241     
  0.343029801647164     
  0.331963566918785     
  0.354787009925765     
  0.404947032283238     
  0.332249336959639     
  0.264984651747461     
  0.339641717868149     
  0.338003490646055     
  0.312007659890575     
  0.345837279392062     
  0.388634257746202     
  0.321531630478146     
  0.308168731596084     
  0.308751055660877     
  0.342184184292734     
  0.336045353841561     
  0.373878376312201     
  0.327178205366560     
  0.383788160742066     
  0.389108478521719     
  0.372094167418421     
  0.310486874736134     
  0.284944690306133     
  0.316296583018967     
  0.286719448364276     
  0.389564360205354     
  0.290810411844278     
  0.330942807947764     
  0.373315884415290     
  0.294880193954401     
  0.436783190016096     
  0.278630502765779     
  0.401764092468860     
  0.368450222847355     
  0.361276878983949     
  0.416766323195798     
  0.277304499771334     
  0.316593423294454     
  0.357339256901080     
  0.335908097797968     
  0.403214004867840     
  0.361507597571261     
  0.308593583679727     
  0.324972977180181     
  0.337574427760496     
  0.289060127736192     
  0.350690312028074     
  0.362390988568596     
  0.306928639204781     
  0.323516551322955     
  0.368359403952872     
  0.406743004141319     
  0.445260867187190     
  0.428416198054862     
  0.332337936773660     
  0.278892978209157     
  0.369715804383523     
  0.310425320217650     
  0.353130700165558     
  0.328662370955975     
  0.300492215558109     
  0.338210565870280     
  0.293189485851800     
  0.319893365606876     
  0.379882825847592     
  0.334157602096521     
  0.284723265781310     
  0.409845537148904     
  0.432286422749415     
  0.364338851697581     
  0.333181837626282     
  0.282031142123463     
  0.385637292099832     
  0.317334054513807     
  0.384790432262161     
  0.299928410348805     
  0.288865039194035     
  0.368867695831109     
  0.388132750883992     
  0.352492038990716     
  0.335323646320248     
  0.290007932009282     
  0.360757184323619     
  0.371440053578639     
  0.295676175577882     
  0.373431095068096     
  0.315928041432310     
  0.290122472335989     
  0.330982516204851     
  0.364545426726447     
  0.339611345182820     
  0.362823792461003     
  0.309189499972926     
  0.331975422609721     
  0.293834003645481     
  0.351026171041288     
  0.384053157024505     
  0.324351229598573     
  0.361875104902249     
  0.355819721495420     
  0.279981184705656     
  0.323756634670051     
  0.313401828211647     
  0.381854362505300     
  0.425340510506557     
  0.367625355301138     
  0.321510946698328     
  0.254969361053115     
  0.358089719940368     
  0.296918923698489     
  0.425793574303512     
  0.368228001970465     
  0.305016553872623     
  0.321596900653358     
  0.326566239758470     
  0.322779107864478     
  0.388879338185649     
  0.303595563697778     
  0.337680938358861     
  0.275709792795856     
  0.296190349609028     
  0.323126243441596     
  0.397236590404306     
  0.383590481985956     
  0.323916020814272     
  0.287462570713114     
  0.401790475352957     
  0.305025157954446     
  0.294945388857470     
  0.284304886078006     
  0.361103833979550     
  0.424128829474081     
  0.318741369838542     
  0.338090687446903     
  0.392910334337643     
  0.295806926923354     
  0.366058010276779     
  0.324240153018086     
  0.417191022305584     
  0.383365288964835     
  0.341818544534498     
  0.296900185339328     
  0.281771625174369     
  0.272269115295272     
  0.313570382708682     
  0.372868360624548     
  0.336847619216700     
  0.373786051855369     
  0.408755260963010     
  0.312635549953506     
  0.346014788819156     
  0.311282933336374     
  0.454795539972284     
  0.327635414551574     
  0.324245087957432     
  0.326057563027889     
  0.360662416017120     
  0.373708681508960     
  0.383228607179113     
  0.333183781051960     
  0.326605051072133     
  0.350976233101523     
  0.299638616534791     
  0.359089762976950     
  0.368681635222947     
  0.411965869725308     
  0.326094943102666     
  0.316193720593414     
  0.366197203065266     
  0.369566392778444     
  0.304134376290889     
  0.290034717874087     
  0.378176677263358     
  0.314441444232095     
  0.323529321401865     
  0.281394321775039     
  0.325124796356437     
  0.334463109497750     
  0.298791365135059     
  0.351705124951849     
  0.320591135882618     
  0.361792505485361     
  0.352213759786432     
  0.333953130574088     
  0.348087096622285     
  0.447929501208282     
  0.313387577483731     
  0.408493706084831     
  0.301348657967411     
  0.295654655974617     
  0.347578975201134     
  0.387233993873795     
  0.297201664034235     
  0.318862354316550     
  0.329522203512097     
  0.328369013817847     
  0.332706166074498     
  0.345701845046009     
  0.456247787417975     
  0.313325175919738     
  0.331130539226169     
  0.389548967987191     
  0.364880865644669     
  0.316596682417373     
  0.294823045053822     
  0.374526617863625     
  0.406459933840508     
  0.329240201993480     
  0.324340772836959     
  0.389643940846003     
  0.320326870670791     
  0.440717860847205     
  0.253608552046909     
  0.349041181674599     
  0.397584884769920     
  0.354794436647101     
  0.382815833632995     
  0.325980053338873     
  0.308572054182565     
  0.320673288550812     
  0.319911598299087     
  0.312867730698205     
  0.299473032572843     
  0.306956286670132     
  0.351360117215377     
  0.318446129950095     
  0.338808124479707     
  0.309486921354604     
  0.285604660997460     
  0.297622899990070     
  0.415686423296128     
  0.314118316973668     
  0.323207460822435     
  0.405964411554467     
  0.308773412324165     
  0.375454112504744     
  0.257698711640364     
  0.329633784708664     
  0.294974373055838     
  0.322734591623729     
  0.329332837501143     
  0.381957939652922     
  0.384100724579903     
  0.455332443078549     
  0.366255143521057     
  0.300317774992975     
  0.267230778584204     
  0.338451852323316     
  0.314393084993035     
  0.279418667138808     
  0.403518400669989     
  0.387758736350454     
  0.370687138647623     
  0.443779236327299     
  0.324083048179015     
  0.321367022895253     
  0.348760132477774     
  0.369913995175807     
  0.479435728133374     
  0.318971729366041     
  0.382625971280243     
  0.348113605018883     
  0.356423213162967     
  0.370325362026094     
  0.312839196281012     
  0.323181014268394     
  0.283909772837676     
  0.320215292139939     
  0.277618643778332     
  0.329439289389784     
  0.367980384888763     
  0.400202152194838     
  0.350487145913674     
  0.375122653248379     
  0.273737646376173     
  0.313339291852506     
  0.287414174283829     
  0.279657325253370     
  0.324317470066466     
  0.381744455346662     
  0.328547430657514     
  0.356759706214989     
  0.305959514946806     
  0.304579072420405     
  0.352373505038784     
  0.346366141405476     
  0.383182422799556     
  0.372238520219980     
  0.343008397651229     
  0.290423198938255     
  0.339047980396757     
  0.315733285839189     
  0.343048826623794     
  0.353763017154179     
  0.301105131213146     
  0.400031138931854     
  0.328684379388907     
  0.322523659188433     
  0.394458624287455     
  0.343003508983409     
  0.350559784763914     
  0.437247634182215     
  0.345661573181483     
  0.340813989611704     
  0.420080245328667     
  0.324760093488264     
  0.325559799697535     
  0.429270265024845     
  0.285315253822038     
  0.368234385265006     
  0.328186240541242     
  0.429720293883678     
  0.358317245497869     
  0.351095948082224     
  0.356041128303620     
  0.360210791884041     
  0.424987221034497     
  0.317406034949229     
  0.300608885797245     
  0.346009559239447     
  0.291503394651777     
  0.339362024005374     
  0.362974874374744     
  0.326370766189280     
  0.348151319210919     
  0.394217028071946     
  0.317327920387283     
  0.300081579128449     
  0.323854050302699     
  0.391780765001307     
  0.368901963523773     
  0.526202569930430     
  0.332242207912980     
  0.326733867846252     
  0.315122959271535     
  0.437623709316804     
  0.290894944009380     
  0.370342079100607     
  0.302084485196875     
  0.419319468775242     
  0.387979555032791     
  0.406112379720692     
  0.371019437008494     
  0.458947671794173     
  0.346993131994930     
  0.366794485724503     
  0.412902263469436     
  0.347236006815035     
  0.360531009819300     
  0.413589209322752     
  0.329154679487913     
  0.381853874937300     
  0.343280687104550     
  0.310332482291850     
  0.355617484235847     
  0.428274082299346     
  0.295763372605684     
  0.336866074075049     
  0.348660152627425     
  0.395694408586068     
  0.311284787763772     
  0.282772381734979     
  0.279203277991509     
  0.330667055979340     
  0.349185072374532     
  0.414819482973448     
  0.404190467089489     
  0.309971485176263     
  0.280873157620965     
  0.357129523700463     
  0.492473899704261     
  0.323142905427858     
  0.345987407827895     
  0.364438680617069     
  0.279370877955213     
  0.346420785079575     
  0.349551804402139     
  0.287144755254616     
  0.301977457490690     
  0.380430638450609     
  0.367609820339816     
  0.276519963772288     
  0.341888838988308     
  0.347898117004455     
  0.329575150512224     
  0.326827040222404     
  0.393309975890293     
  0.348315903089650     
  0.372201972341677     
  0.419153842042901     
  0.315485910325176     
  0.356517487839608     
  0.319194004658179     
  0.375426860652031     
  0.299704428776044     
  0.331279947898605     
  0.346811613578721     
  0.466126044884246     
  0.327874851940163     
  0.324695740291871     
  0.343965520253412     
  0.323211611331416     
  0.385954609233661     
  0.299877567079546     
  0.286988357281239     
  0.346940588054289     
  0.335602771889812     
  0.361526086089576     
  0.347547419546530     
  0.296563057978861     
  0.351274068113532     
  0.350095025145993     
  0.345059263410737     
  0.346330253204571     
  0.397685056661601     
  0.311866828000644     
  0.278038378228786     
  0.327042189254868     
  0.315546197136828     
  0.340721133451076     
  0.308818836071272     
  0.326857835818860     
  0.417193909140322     
  0.348396006765034     
  0.278835360043200     
  0.330441312795617     
  0.426684931153293     
  0.299179501296873     
  0.308510511228133     
  0.268092359238845     
  0.399028637156970     
  0.373815693557839     
  0.430933586971006     
  0.340154956309513     
  0.369695037388401     
  0.368310109904473     
  0.278361436458905     
  0.451003839725712     
  0.372913306063870     
  0.302164144941179     
  0.423388121849982     
  0.303385774118517     
  0.324909498413581     
  0.407163984776883     
  0.305848073906736     
  0.291576067071235     
  0.346935220483357     
  0.407821929621430     
  0.397138426619907     
  0.304034907409249     
  0.399099873282782     
  0.345986221342894     
  0.320612144170075     
  0.439715600419434     
  0.265855660854233     
  0.304676800047832     
  0.375152890471603     
  0.372017661779198     
  0.291615592251984     
  0.296718050947927     
  0.310335835475661     
  0.485603765555633     
  0.326114169096237     
  0.291442608499514     
  0.360995020087511     
  0.285508098468811     
  0.339193597569856     
  0.418075375863820     
  0.306822420830504     
  0.311958469916153     
  0.311993213365162     
  0.262049930108375     
  0.334168388738717     
  0.430293253382291     
  0.391527217176926     
  0.376474578233713     
  0.312468330306801     
  0.363514802164371     
  0.328370187474851     
  0.263895230497883     
  0.441850971216944     
  0.365198356136632     
  0.311803180228253     
  0.287374295908092     
  0.304979774656619     
  0.300478696240086     
  0.364899377499506     
  0.320369970417282     
  0.330301413875861     
  0.259288058085692     
  0.362225551849456     
  0.367569558595235     
  0.360763684216519     
  0.331986388731653     
  0.369288572673397     
  0.326218645502175     
  0.416761478830660     
  0.406623045870632     
  0.339556071595213     
  0.320363138474160     
  0.327326695138532     
  0.328608554768127     
  0.353788770257511     
  0.357319596602603     
  0.374655055375555     
  0.311349312210415     
  0.289307361968159     
  0.326344184721921     
  0.336561385762932     
  0.305831116842508     
  0.375602667570061     
  0.326951910438126     
  0.390210722576373     
  0.310613821292908     
  0.370881674501268     
  0.305768987203807     
  0.232568919131802     
  0.440612723933967     
  0.277013628117532     
  0.375867690233803     
  0.324165121362376     
  0.462994190191404     
  0.387077564482210     
  0.405248906313566     
  0.323920507055537     
  0.343482371446071     
  0.322315172398916     
  0.390875430265554     
  0.422395450750455     
  0.449386439439721     
  0.371902580259578     
  0.367286860961932     
  0.285117325423637     
  0.411977520542667     
  0.314555753700720     
  0.308443576422022     
  0.326820076862150     
  0.327191807504817     
  0.394309528787095     
  0.437455872181440     
  0.367925299862973     
  0.301388851225462     
  0.424121560021754     
  0.314148676471581     
  0.406780257703090     
  0.402765224870134     
  0.436207487597073     
  0.384591681533437     
  0.356248401524165     
  0.279038345216226     
  0.279475901871296     
  0.379342211430864     
  0.286263542401693     
  0.343412964942293     
  0.286238495825080     
  0.313825942122960     
  0.349651528364390     
  0.309395013835585     
  0.407450992361692     
  0.314537561801294     
  0.343252321719400     
  0.316265531647030     
  0.448705985306501     
  0.340016233744421     
  0.292672362503409     
  0.353625106341402     
  0.288574261708664     
  0.392041176690274     
  0.319506671095405     
  0.411550502523801     
  0.463055889436389     
  0.308768647659293     
  0.397960815087167     
  0.308432563967588     
  0.396819625833937     
  0.363732958399838     
  0.374583334313555     
  0.336465513031348     
  0.446565474413089     
  0.321695850126959     
  0.327251669578734     
  0.257218784862648     
  0.352929206944739     
  0.383252858918584     
  0.328950984454350     
  0.364586004028023     
  0.340361376658330     
  0.318022802857554     
  0.311268343310393     
  0.303475652995874     
  0.306639457789530     
  0.345298257624979     
  0.405415808361756     
  0.387256964900641     
  0.308287120012343     
  0.351812498536135     
  0.326948256662004     
  0.379379653508903     
  0.359967809833196     
  0.465715325067553     
  0.378941969830492     
  0.304990516553082     
  0.329849312707755     
  0.332534952783150     
  0.403142857806963     
  0.381010275370659     
  0.449251662443479     
  0.337826842460843     
  0.431786037660133     
  0.330183392686442     
  0.281799948997039     
  0.333411933495414     
  0.316254599469078     
  0.377050702863789     
  0.303593781105071     
  0.352511082347364     
  0.458170376114519     
  0.337238483852658     
  0.352239904998100     
  0.301220652451581     
  0.310970189147733     
  0.297621357646488     
  0.318273602696601     
  0.295311974592777     
  0.325152243701861     
  0.321763866710316     
  0.287651619804876     
  0.354623691251471     
  0.359139349553478     
  0.346802610967730     
  0.294085321510540     
  0.417999688267864     
  0.307263124470271     
  0.281671282308079     
  0.380206089061204     
  0.409753171538938     
  0.317858413927626     
  0.364045446943507     
  0.345860448732587     
  0.357637058724929     
  0.356668849426324     
  0.365067515225060     
  0.331299604182395     
  0.341236927554320     
  0.375776030936495     
  0.306518518542889     
  0.310634805355342     
  0.402365368201121     
  0.391493260354995     
  0.308579169454644     
  0.403103745509295     
  0.414283419842006     
  0.345663997505473     
  0.394387655045317     
  0.336494315720089     
  0.361545139861242     
  0.335715605596051     
  0.379825183710751     
  0.385257186616790     
  0.341313871197447     
  0.316391633640514     
  0.329478300891138     
  0.272510161943535     
  0.318078784760373     
  0.303725910721896     
  0.325249600580833     
  0.360687258322091     
  0.347085288265387     
  0.362412192317175     
  0.332273862006428     
  0.267178154214508     
  0.334981063100057     
  0.301565714530093     
  0.349292378895565     
  0.429511418320852     
  0.334287007707819     
  0.361837267415011     
  0.444664122914613     
  0.270474917269617     
  0.403261601594170     
  0.320967115269901     
  0.331561949577383     
  0.467977267794137     
  0.303457437642028     
  0.319115404615222     
  0.287805052812216     
  0.310325720199090     
