  0.456591608151735     
  0.506981013920003     
  0.512318950500059     
  0.520062251799735     
  0.513182413487216     
  0.548431589173320     
  0.420277793397824     
  0.494007012901899     
  0.507364273460550     
  0.511179445031526     
  0.537383135720564     
  0.531123267850593     
  0.467674064473524     
  0.488536027920906     
  0.529697675295388     
  0.481259292994396     
  0.487120428854658     
  0.453805905337463     
  0.457428265071192     
  0.478224586026875     
  0.511376239759844     
  0.562401957015149     
  0.495784380125581     
  0.501997755710265     
  0.495801986142690     
  0.506021781771180     
  0.507653875303595     
  0.452481968658549     
  0.438110187577190     
  0.486179718274370     
  0.444162642309267     
  0.527119425880818     
  0.490668318020868     
  0.485892270743619     
  0.516781091311501     
  0.504138403049316     
  0.538240944585505     
  0.481227141494883     
  0.508047869927431     
  0.531474607027558     
  0.525323886330116     
  0.536597765398367     
  0.529797248151746     
  0.482169175539247     
  0.491731351245642     
  0.462492235259275     
  0.473548087270347     
  0.524674054775873     
  0.520713929498329     
  0.523619568668717     
  0.466961405241866     
  0.534603400669583     
  0.487949323772957     
  0.487508437443031     
  0.502448733369887     
  0.510961905167066     
  0.481711589358641     
  0.457714653526418     
  0.454509517664220     
  0.512765104691031     
  0.499292736369369     
  0.535261382786626     
  0.515962559901778     
  0.484462652724956     
  0.509127114113483     
  0.488651138573512     
  0.474450354015010     
  0.524885524186405     
  0.516390941910083     
  0.498242028632659     
  0.514522574743993     
  0.464860539604925     
  0.463498052558067     
  0.489212752427615     
  0.491765072251156     
  0.510339812711193     
  0.464147560102502     
  0.476632710376338     
  0.530147932922580     
  0.513746018999743     
  0.474164360486430     
  0.541185167526112     
  0.527283626951638     
  0.482698162902611     
  0.499561416288496     
  0.537334606448643     
  0.471709380251623     
  0.461864081266288     
  0.512874790055648     
  0.503574219859486     
  0.495626242541301     
  0.524212887732071     
  0.486246283418319     
  0.479531877124626     
  0.526660420088588     
  0.465067742309161     
  0.470271742465903     
  0.502565234338671     
  0.461250192688746     
  0.497066978768625     
  0.520298634661939     
  0.521744742717312     
  0.502841889131302     
  0.462741603298331     
  0.497394275502775     
  0.511933949667943     
  0.520851881384911     
  0.435029046705770     
  0.512469485042568     
  0.532031176924329     
  0.495778739867092     
  0.478676416112586     
  0.501360714858869     
  0.508126864271202     
  0.465028355169079     
  0.516478614924780     
  0.463592819798225     
  0.474178340931634     
  0.503342716291812     
  0.504316840856731     
  0.472323689393063     
  0.503580829249033     
  0.506846236446219     
  0.471154931868157     
  0.476954158855539     
  0.505636489909161     
  0.464715461311878     
  0.528162247234631     
  0.507481381419387     
  0.546029705162780     
  0.508910357292172     
  0.493542766653543     
  0.512196180759107     
  0.501906488202851     
  0.509160032165607     
  0.434203342157075     
  0.540643332288490     
  0.522007126624863     
  0.493580132856152     
  0.521812131210845     
  0.484960313536469     
  0.473858146750456     
  0.489299429038957     
  0.499498833331989     
  0.521046342186930     
  0.515394083920525     
  0.510207240795344     
  0.452153467638399     
  0.490182400938607     
  0.463595225012112     
  0.556260243582551     
  0.513004304117599     
  0.487823506117196     
  0.505289007131057     
  0.478976264529523     
  0.499484978519132     
  0.508255948391726     
  0.477276969792677     
  0.494285341091205     
  0.505953808114422     
  0.530869640986685     
  0.562157641703096     
  0.505280804839251     
  0.482493165319057     
  0.492697803813606     
  0.497251232817664     
  0.460601335877548     
  0.514655960287236     
  0.501903198157350     
  0.521850941118247     
  0.469662141956128     
  0.494191207295498     
  0.510886994240836     
  0.480854921540217     
  0.455867081125249     
  0.512780484645224     
  0.506044182270078     
  0.488760861264589     
  0.491543528779710     
  0.513374420477349     
  0.488502906819562     
  0.554961282931174     
  0.508494189222844     
  0.534953107024843     
  0.505801585224071     
  0.518224288535232     
  0.490759539961712     
  0.510169716127094     
  0.479801961586196     
  0.494895105235271     
  0.495898341363547     
  0.493126390785644     
  0.515213967045896     
  0.467231784239264     
  0.483418143106028     
  0.474566303106390     
  0.488840572679996     
  0.472017987762870     
  0.501885554854475     
  0.512139262750077     
  0.535861034123041     
  0.509492090957823     
  0.520442103173034     
  0.480963111625547     
  0.481012884878642     
  0.490818167417001     
  0.482511368566310     
  0.508303609557881     
  0.526927635148966     
  0.526105816812537     
  0.518193139307539     
  0.494749434101556     
  0.492161953478702     
  0.473371147419174     
  0.537465345301171     
  0.516143785309797     
  0.469185517949225     
  0.471462443208454     
  0.543436529268981     
  0.455366005055454     
  0.517216356601359     
  0.497184734774493     
  0.556507291769166     
  0.499142895352084     
  0.480059743099326     
  0.509535529989175     
  0.449156213059209     
  0.489136550472340     
  0.468454313844227     
  0.434427842207717     
  0.476619605928663     
  0.456342214351575     
  0.480141349556385     
  0.525656149031347     
  0.492465425777324     
  0.475541667893231     
  0.537606569393862     
  0.482061362003275     
  0.478650091520026     
  0.552092342118217     
  0.480646822784690     
  0.504077813139153     
  0.504730808485125     
  0.472120921177379     
  0.477688798190755     
  0.536183036763396     
  0.490668898653428     
  0.490686006410888     
  0.469710883195264     
  0.538476916703633     
  0.479096133372829     
  0.486212525017498     
  0.509678185195328     
  0.497768708990175     
  0.499837104844180     
  0.510394560479756     
  0.438979296525004     
  0.507780021050869     
  0.469479758532692     
  0.534337168148031     
  0.501492499506419     
  0.483258642828245     
  0.537742664162853     
  0.558331018985768     
  0.521880825652238     
  0.474049528704873     
  0.491386432229507     
  0.499667532429066     
  0.473276493761847     
  0.519705601884949     
  0.466662158800904     
  0.509488572826246     
  0.518177400325989     
  0.543686561132115     
  0.448602388261961     
  0.476367119374451     
  0.490691201613216     
  0.515178964045862     
  0.429728788808598     
  0.527707381648508     
  0.527637964871409     
  0.516575033314925     
  0.456090937133197     
  0.528413712248027     
  0.514618672769371     
  0.515321922032484     
  0.475383084694631     
  0.510041317548518     
  0.483166479978238     
  0.461081179534252     
  0.488832589560793     
  0.495174018473710     
  0.487547485041051     
  0.454083549605847     
  0.499904939306781     
  0.449551015730922     
  0.442610670709660     
  0.509688344311182     
  0.490080286994308     
  0.508735328359256     
  0.506592437634166     
  0.505302389192812     
  0.492868819912036     
  0.504173216363386     
  0.443815166812466     
  0.500160561624310     
  0.520995018032902     
  0.457553019048764     
  0.545412205556514     
  0.518812547332661     
  0.495205069994108     
  0.465500523777330     
  0.487443097047556     
  0.538140307547948     
  0.526442534357553     
  0.458724960060184     
  0.501792569975182     
  0.523665546943385     
  0.506943159935623     
  0.427349381289144     
  0.449867395354773     
  0.488546554194694     
  0.516949149746153     
  0.480931238688916     
  0.471799993343383     
  0.548768728850011     
  0.492220846997549     
  0.480868815949566     
  0.547529748390106     
  0.487936753590598     
  0.537240053959744     
  0.469363581314408     
  0.472484789738235     
  0.508912872593399     
  0.509950142520411     
  0.522561685784028     
  0.499978001688359     
  0.493627204888870     
  0.492721565242249     
  0.531538840913829     
  0.522356552652587     
  0.533373543978020     
  0.491391349861055     
  0.515143841970266     
  0.531542542174273     
  0.506192049093453     
  0.505437027635258     
  0.482452923329347     
  0.510459432057319     
  0.496688792316241     
  0.493430924776688     
  0.527007478235745     
  0.524143686542596     
  0.504999718215976     
  0.464526375297723     
  0.455991191327364     
  0.524642019902225     
  0.458615247823328     
  0.460503347197336     
  0.502522061456263     
  0.499688029293239     
  0.535272946784999     
  0.495714959150459     
  0.515565086338238     
  0.554680771314209     
  0.457975356728307     
  0.555510452184714     
  0.497291433256826     
  0.439299744110105     
  0.473276208980731     
  0.480516067853223     
  0.479898798683619     
  0.481455645627050     
  0.497851853935316     
  0.493455734291840     
  0.523444042946367     
  0.505425595549422     
  0.536553553614619     
  0.461447167594615     
  0.511223309857461     
  0.484878490498551     
  0.460203791107503     
  0.519244061529043     
  0.485873007458408     
  0.485053700144691     
  0.510187254231362     
  0.473721334812353     
  0.564850991028790     
  0.541174991441797     
  0.537252737945188     
  0.473918806079014     
  0.505903353548021     
  0.479802433976598     
  0.459265293057847     
  0.508230853183781     
  0.475614874110173     
  0.522449090866961     
  0.482475144651210     
  0.479061666151420     
  0.539737379098903     
  0.500795188793884     
  0.506326269916210     
  0.483413394162349     
  0.487794031567311     
  0.504321328256392     
  0.505412952464379     
  0.465377795327050     
  0.478541564612160     
  0.511122524970238     
  0.511264303573901     
  0.514980263658659     
  0.528097416080983     
  0.562318293940925     
  0.475709459192487     
  0.485326462567996     
  0.584641014805452     
  0.517335453511598     
  0.479865819494798     
  0.554076341360502     
  0.458567707186851     
  0.527714560704455     
  0.537257296478090     
  0.507427447824888     
  0.480283950979229     
  0.511185238780485     
  0.511807972158070     
  0.528192221961972     
  0.440414595188413     
  0.502980235404195     
  0.473209964572703     
  0.481714945067654     
  0.503475566022140     
  0.481710648091710     
  0.530930196021158     
  0.484900018004400     
  0.523529153156378     
  0.541520319009461     
  0.511778709652874     
  0.490809131345400     
  0.480145659074505     
  0.464898485383312     
  0.536011040075349     
  0.515335483102077     
  0.445484151737247     
  0.506430355869863     
  0.514671391733642     
  0.468580259498545     
  0.496732444496276     
  0.520842000089364     
  0.532972352458118     
  0.509352774077045     
  0.533626687285209     
  0.474056954116737     
  0.507408790975854     
  0.516521208238860     
  0.501393875235101     
  0.516460858303901     
  0.516944481891340     
  0.494448681360911     
  0.508808419800406     
  0.504878804532207     
  0.518661629332915     
  0.486781851488381     
  0.537464186484393     
  0.450040169971235     
  0.446616769642555     
  0.497109070160338     
  0.528181684213263     
  0.494751610907384     
  0.450611989299245     
  0.517083872744679     
  0.519573265276355     
  0.536207491097485     
  0.470580489872278     
  0.487953083926357     
  0.507193888504237     
  0.523551425039544     
  0.479853586176420     
  0.519133266999539     
  0.473386526691652     
  0.496463969530025     
  0.489693270256205     
  0.486508292904050     
  0.477377631644156     
  0.502042209018891     
  0.466264956988440     
  0.487007923103050     
  0.475991912618037     
  0.497680153129323     
  0.529007704894285     
  0.497722020697379     
  0.503103390486009     
  0.510987667915403     
  0.473049682130374     
  0.492670610117517     
  0.484112336711114     
  0.524547342430669     
  0.509891029931900     
  0.540417544442444     
  0.497331540022787     
  0.549532916083005     
  0.500840376540673     
  0.484299546127987     
  0.455666472843282     
  0.481380726647738     
  0.507667135746184     
  0.545841393292979     
  0.520410454275128     
  0.492629791437669     
  0.491575716903231     
  0.512337171066860     
  0.454229280451210     
  0.528266773955808     
  0.516111193724986     
  0.525484663548103     
  0.516790219806632     
  0.513312980531473     
  0.497509225074398     
  0.505269025007457     
  0.459315142059219     
  0.486707360502748     
  0.486789292627144     
  0.536303802331583     
  0.530866555377200     
  0.513928276088948     
  0.494433333647730     
  0.510678661582643     
  0.506120073040412     
  0.501091600317056     
  0.486159789790770     
  0.489189987366806     
  0.520857444866228     
  0.503424023088551     
  0.444491429997078     
  0.514209033827749     
  0.535948871478751     
  0.470852187754175     
  0.493853825379803     
  0.446578823926153     
  0.463158017974286     
  0.456087105380422     
  0.468889514761577     
  0.495864069933910     
  0.492547620299710     
  0.498932738701060     
  0.507830405219125     
  0.553368345429623     
  0.514787912977100     
  0.504697798328114     
  0.507754148492522     
  0.495831494508108     
  0.502898967045490     
  0.518062846126316     
  0.491067234732004     
  0.481948485934857     
  0.538330902165726     
  0.451304692019652     
  0.482706130574112     
  0.516593466441907     
  0.517322785783139     
  0.513662617773100     
  0.454102063199128     
  0.479002415157881     
  0.503556672262083     
  0.524184019878264     
  0.504558767339833     
  0.493050384171429     
  0.461872603827546     
  0.515077898737506     
  0.488596101537140     
  0.527357721005731     
  0.539295097461495     
  0.528142616723575     
  0.470002131069694     
  0.517840350912720     
  0.484430169691940     
  0.531262177609884     
  0.480010007067411     
  0.484712106701956     
  0.506331129167470     
  0.521867310382641     
  0.503248943414571     
  0.518058838531099     
  0.555439733832223     
  0.508014510999823     
  0.548266794648613     
  0.488416724813183     
  0.472500520596975     
  0.507530922136298     
  0.503544835471290     
  0.493543714649624     
  0.469141037159049     
  0.476269287617337     
  0.515688745156023     
  0.482723886138297     
  0.490316704957596     
  0.508027044500227     
  0.465768210188217     
  0.494930353427800     
  0.495142206863305     
  0.500084636274217     
  0.458196702882499     
  0.450101991659728     
  0.524594864168396     
  0.534402668702477     
  0.467378351880517     
  0.498223031024761     
  0.508784950408430     
  0.503763862561577     
  0.467254505862225     
  0.478711955008688     
  0.466064086252715     
  0.461697534795234     
  0.469423255664932     
  0.533627213252685     
  0.517141917161724     
  0.490026328715907     
  0.533107201130039     
  0.515124092605121     
  0.509807661017949     
  0.495297796242673     
  0.497351994040122     
  0.505883746422569     
  0.523014723973549     
  0.504734911083121     
  0.497889623831307     
  0.510449613793660     
  0.513848739597810     
  0.556357012565489     
  0.475787400649195     
  0.510852593657395     
  0.468916780331559     
  0.459228609219056     
  0.539632299833151     
  0.550281008291499     
  0.476800107934001     
  0.507338885529375     
  0.512225707792741     
  0.495229093619621     
  0.521445471847513     
  0.485983902923256     
  0.461286940724728     
  0.494389731306391     
  0.485399792096339     
  0.482378438922253     
  0.475575211821630     
  0.516884962287414     
  0.478931454991450     
  0.519999059416921     
  0.463066993866903     
  0.527410355644443     
  0.511248652362279     
  0.490721025551079     
  0.521894619738597     
  0.488962220941341     
  0.498490411226376     
  0.444735396971259     
  0.491175803541630     
  0.482532458306213     
  0.497924145905866     
  0.449888614771030     
  0.506115065075568     
  0.524255862458479     
  0.544947942812252     
  0.485633265703239     
  0.506863610420748     
  0.479489713661754     
  0.412636497942218     
  0.499500593706466     
  0.528866585058145     
  0.549948676027963     
  0.485529443088046     
  0.459312252893772     
  0.493452351524809     
  0.523283862637587     
  0.472110515559722     
  0.522401061822912     
  0.534067554072115     
  0.480687945972392     
  0.479497347658885     
  0.470791290663351     
  0.492478085367683     
  0.483869053852295     
  0.508678287674848     
  0.512737482489424     
  0.464994030881957     
  0.527836796818271     
  0.522379118935527     
  0.515740714588873     
  0.516000217481922     
  0.489618714823115     
  0.495605682092492     
  0.508928833819621     
  0.549680028659558     
  0.501523363048397     
  0.509469427847303     
  0.562176523019916     
  0.496388848408003     
  0.514388203499375     
  0.509270304781661     
  0.500153109429221     
  0.491840144077698     
  0.450084919170126     
  0.472414666755152     
  0.539706407828844     
  0.481218603754385     
  0.534793054381564     
  0.511303548018909     
  0.492153765693796     
  0.489466892760705     
  0.520667107231274     
  0.485217315723087     
  0.468874123695605     
  0.492601967350860     
  0.481159382446804     
  0.478651368418779     
  0.487288764172767     
  0.479573373780054     
  0.416499053814734     
  0.515333506925321     
  0.507588064528706     
  0.496345903097728     
  0.527779275345821     
  0.515153670649800     
  0.461299073765656     
  0.537160137164373     
  0.478911295877533     
  0.482990351381989     
  0.471955798798987     
  0.531267760853841     
  0.442973637848040     
  0.454608546645932     
  0.570549616936166     
  0.459034680402809     
  0.532722324290686     
  0.492190634025406     
  0.485936197726666     
  0.528645003385898     
  0.502121296086615     
  0.485116469851827     
  0.531819697206226     
  0.441197795275237     
  0.512883685671590     
  0.513415973988778     
  0.454734578366589     
  0.523597643791338     
  0.563665025304476     
  0.493892093726437     
  0.514969432791052     
  0.530238791133916     
  0.502753234237535     
  0.490384444355583     
  0.559006908573105     
  0.512631166143096     
  0.485534224073008     
  0.448335213202637     
  0.467280045042940     
  0.506633332814424     
  0.511963316281789     
  0.493306009779611     
  0.478421297712698     
  0.496839252816990     
  0.484500167172817     
  0.467024958108947     
  0.484115420586390     
  0.474131704485787     
  0.513156465669538     
  0.455308931083031     
  0.487026432552013     
  0.468448623118729     
  0.498333291736777     
  0.524549747391540     
  0.492818055065553     
  0.488815440613984     
  0.502632173710505     
  0.511549629714527     
  0.532601536876584     
  0.511723806804842     
  0.493568670455757     
  0.505576170675130     
  0.517303302110986     
  0.495921898261275     
  0.506579972865378     
  0.499157525329402     
  0.523509145838736     
  0.530947343635046     
  0.479916179106318     
  0.494224420972600     
  0.490890963719380     
  0.480743214701222     
  0.477190299659555     
  0.520631791605480     
  0.466019964973676     
  0.493289770536717     
  0.503928709419647     
  0.470932068592957     
  0.462106906902069     
  0.521924061732541     
  0.543999665459978     
  0.508790203244650     
  0.486992686061934     
  0.526896627085204     
  0.478313809520396     
  0.475472495171304     
  0.467007998121995     
  0.518537940122810     
  0.461050690289354     
  0.491350234253481     
  0.520951891660562     
  0.519879734660725     
  0.507152182169899     
  0.505719940831666     
  0.470508875824674     
  0.495579427171260     
  0.499785107485481     
  0.470236266955148     
  0.481035907504718     
  0.493432179884178     
  0.498172952413825     
  0.514176928096443     
  0.496158849083959     
  0.517343459083162     
  0.490360964699407     
  0.515195198867059     
  0.503503866899160     
  0.526618892296287     
  0.503469539051173     
  0.538196580692965     
  0.482712445145925     
  0.509737701123614     
  0.513494347654429     
  0.497641538669407     
  0.473497847225040     
  0.465014006680978     
  0.502492871009944     
  0.533017134340015     
  0.483096094428434     
  0.512831742692480     
  0.497859448631242     
  0.514547998090623     
  0.487131409692440     
  0.556411207129565     
  0.489234286650393     
  0.468362084732793     
  0.454189766260886     
  0.502351810144919     
  0.513169883707261     
  0.524045143245801     
  0.514940601487661     
  0.553163220916079     
  0.541379609041477     
  0.500973110428465     
  0.472429897270184     
  0.488895091124302     
  0.542461149789178     
  0.492980923471449     
  0.461079253055388     
  0.474001195529249     
  0.449284829741577     
  0.546831830411599     
  0.503901742682258     
  0.539110795396181     
  0.523800285612520     
  0.505642119105222     
  0.487359470779094     
  0.490064806050672     
  0.526626139758236     
  0.483393554771177     
  0.508678529297758     
  0.484335470705976     
  0.508802805381629     
  0.533196663956582     
  0.522413697626429     
  0.450539585765870     
  0.466452201412318     
  0.507988844478922     
  0.497416574374032     
  0.497912936738296     
  0.488428600350100     
  0.480631860779962     
  0.496488802063311     
  0.558446893991656     
  0.488938768260869     
  0.533129945559173     
  0.515894420365825     
  0.487816726802664     
  0.466865524086547     
  0.447353583368000     
  0.542394252634075     
  0.491146722710790     
  0.517174273761225     
  0.512824781647795     
  0.466168048942380     
  0.524688229417836     
  0.560733746575302     
  0.492357371273270     
  0.504531746114432     
  0.451604908831741     
  0.486435962046297     
  0.528808187595298     
  0.528266525722878     
  0.499724915854280     
  0.523829762659114     
  0.500980244031795     
  0.470342201342502     
  0.500598875148999     
  0.541301637682283     
  0.516637868096053     
  0.445993905561174     
  0.442505389754061     
  0.485383832430706     
  0.528728900852763     
  0.518744961282656     
  0.511265556846757     
  0.538791141443915     
  0.509381688755878     
  0.459810837610794     
  0.505552105197790     
  0.512422867574410     
  0.473832896204549     
  0.494443694693417     
  0.521914200215464     
  0.495253049025819     
  0.533472859053366     
  0.508263090609830     
  0.491006038229814     
  0.533410504612647     
  0.498362276749154     
  0.471517987646711     
  0.513265736470639     
  0.490413827648594     
  0.496306169326385     
  0.448221457375243     
  0.501681386580104     
  0.490067479253622     
  0.488123129985653     
  0.512798394452080     
  0.491466822779380     
  0.511142984492965     
  0.471032668919218     
  0.532892256077789     
  0.504341866911423     
  0.458902133562014     
  0.483644751936760     
  0.507319639197055     
  0.460744258367963     
  0.492515552923322     
  0.475884454258706     
  0.505221126274190     
  0.457965255746499     
  0.464262508644971     
  0.496330195736094     
  0.498272610305335     
  0.486862204488460     
  0.455159810691160     
  0.516325970939061     
  0.471785011351376     
  0.536123853719625     
  0.505875876248804     
  0.498458919495880     
  0.485363552571832     
  0.480165022569541     
  0.459259925925785     
  0.526421150403729     
  0.458630240999655     
  0.489279972707143     
  0.538868225207134     
  0.491316113119972     
  0.497211931665149     
  0.472530430224400     
  0.444194745233840     
  0.523996826947921     
  0.451680899927559     
  0.498560348248980     
  0.485039992033929     
  0.483768150689341     
  0.499842564098931     
  0.526205061948434     
  0.509281170505759     
  0.492080378463369     
  0.521810167085897     
  0.516777335453262     
  0.499431368608181     
  0.499629310402355     
  0.510612260499894     
  0.478782336673381     
  0.458777734810096     
  0.474053954163311     
  0.522559332900239     
  0.521623593930818     
  0.510991870396119     
  0.498318588604312     
  0.509382744699684     
  0.458932275852493     
  0.505241382659170     
  0.479924983577998     
  0.499558088095175     
  0.506035134642147     
  0.504987088086504     
  0.493529079235594     
  0.247404741743708     
  0.330715905865845     
  0.345820797698578     
  0.385074046577077     
  0.392783476607417     
  0.414220952364497     
  0.237707131859935     
  0.384161144697149     
  0.320071286745149     
  0.367813845015345     
  0.397428542521977     
  0.402048706546153     
  0.267879088997538     
  0.316845973765297     
  0.400648257088829     
  0.330789528666863     
  0.338991766460664     
  0.300274516842941     
  0.251280891193475     
  0.346293774854858     
  0.341904002453923     
  0.436558193262705     
  0.341912149392467     
  0.328961903639428     
  0.402565486840303     
  0.363912768576814     
  0.460961640455328     
  0.292691514611682     
  0.275157468869621     
  0.274751345157034     
  0.244567675032823     
  0.363737611726412     
  0.317985281236842     
  0.329187634896545     
  0.326795527893955     
  0.326531820005116     
  0.353330384017012     
  0.295215698702552     
  0.346055493206462     
  0.410234523165494     
  0.406731317988056     
  0.437437814176686     
  0.361479629568786     
  0.272067630657178     
  0.357898292137585     
  0.309326344958834     
  0.262913242923944     
  0.296755677532495     
  0.330139818700014     
  0.361405685235510     
  0.281844636775325     
  0.367779003922303     
  0.334821420509472     
  0.329135961560068     
  0.355148137621513     
  0.373113649582688     
  0.312725859433981     
  0.287775487257937     
  0.304028298389652     
  0.360518898518406     
  0.361564515008055     
  0.477382656571984     
  0.356628544001940     
  0.308961948645400     
  0.338328373232014     
  0.340471124295370     
  0.366736675590296     
  0.416486608843990     
  0.395705535695875     
  0.359854227127682     
  0.361431217719029     
  0.282304814382240     
  0.268417683242580     
  0.346854728480054     
  0.317434455751472     
  0.321354816956031     
  0.326868946619595     
  0.348453572431503     
  0.351431045375101     
  0.374259316834009     
  0.322127949245908     
  0.350501470645970     
  0.369480363164342     
  0.365542676345429     
  0.367418763184592     
  0.430700522459627     
  0.297684082707454     
  0.294295040721496     
  0.328506152705255     
  0.338991661645540     
  0.403435852787571     
  0.384884726488760     
  0.321827325121371     
  0.359834775953966     
  0.412387445162971     
  0.310676655315256     
  0.349867801362531     
  0.335923049590984     
  0.300204187371078     
  0.326972608416955     
  0.354037771029325     
  0.366290262558452     
  0.388743804868394     
  0.270918587147319     
  0.360073013302575     
  0.379062161327992     
  0.396173259251802     
  0.290336277090954     
  0.360019764481003     
  0.376209967296290     
  0.316780979229241     
  0.295247837566086     
  0.352910070378677     
  0.342579748567753     
  0.326719153492800     
  0.416332173036713     
  0.360559923814877     
  0.282569225952773     
  0.350667006042809     
  0.399019303366920     
  0.303448878647799     
  0.373678503259855     
  0.360534502816523     
  0.302757394872664     
  0.314306869901446     
  0.315591831938182     
  0.278969670560842     
  0.373691183846208     
  0.413316624505563     
  0.396778622808958     
  0.377877911865187     
  0.348623915622459     
  0.360020889664048     
  0.419501581814007     
  0.318871248940135     
  0.254097604831477     
  0.408676024245011     
  0.404067322734591     
  0.353104121607257     
  0.384969333119242     
  0.337925063379456     
  0.371291811318823     
  0.336257299626410     
  0.343958709824015     
  0.363936888104723     
  0.391410727751210     
  0.311166996637491     
  0.294520288409807     
  0.326662896317982     
  0.274264349604920     
  0.433474870581333     
  0.432759905219219     
  0.336527640124721     
  0.355860195795329     
  0.301574089738396     
  0.361849606033182     
  0.424548066168852     
  0.324723856848195     
  0.364449899731541     
  0.333811562558688     
  0.343884812461428     
  0.401403346964668     
  0.364159817492864     
  0.333103426702975     
  0.309094416240863     
  0.326665095841358     
  0.280440818002704     
  0.320877178342979     
  0.388428019990000     
  0.357196293608913     
  0.315688234002934     
  0.373846288163924     
  0.354856712829412     
  0.334720622840391     
  0.320347499746425     
  0.374610252486148     
  0.354381902176375     
  0.367471612256149     
  0.343880941331301     
  0.320218406338803     
  0.351863867435201     
  0.428004083794756     
  0.328315931919917     
  0.404913910105775     
  0.339164517539597     
  0.381889343992072     
  0.327920120916532     
  0.323680650501623     
  0.316271693716313     
  0.357136676278849     
  0.340005224940726     
  0.357929828066853     
  0.396979783625141     
  0.292409828254150     
  0.383188792777119     
  0.263444247268233     
  0.316191779666064     
  0.333396868086599     
  0.338423985756619     
  0.387196709820561     
  0.400757074063917     
  0.382710183783261     
  0.376220390073170     
  0.323236220262676     
  0.370159577898874     
  0.432291873673357     
  0.341546240704338     
  0.353672487815112     
  0.394273589992455     
  0.357254566088823     
  0.385866643080411     
  0.343857804134039     
  0.362200713783422     
  0.346261357098931     
  0.439291236212845     
  0.357516065198365     
  0.340557811584950     
  0.307134671385524     
  0.387176361831739     
  0.276376708185629     
  0.360270177405476     
  0.358030521377286     
  0.443818678656007     
  0.334105118050153     
  0.305574342263483     
  0.383449069459749     
  0.258396891337355     
  0.361370257674201     
  0.292542347540753     
  0.240068937212237     
  0.258910467566258     
  0.303467063832898     
  0.319497962100080     
  0.356431693399221     
  0.403354187093697     
  0.333850820213059     
  0.464365221027502     
  0.335052973187853     
  0.329672423105103     
  0.413726956283852     
  0.331329012207077     
  0.319015940975003     
  0.385217510924877     
  0.297394768658159     
  0.266774359715324     
  0.399963148345869     
  0.297360061874242     
  0.368122285992009     
  0.270482296935868     
  0.404248359145099     
  0.335214845880597     
  0.332126436454243     
  0.393607744182280     
  0.374783367687641     
  0.362081733052872     
  0.349318474036453     
  0.265185688707536     
  0.347308127524194     
  0.323635335535957     
  0.374082242331933     
  0.387321371121437     
  0.360285526226546     
  0.341056747567489     
  0.429262920896752     
  0.378625652078716     
  0.320901117932543     
  0.328450845852999     
  0.314771981484907     
  0.329774659202700     
  0.400590267635457     
  0.391174494096459     
  0.357898179862740     
  0.413197518481546     
  0.410629033528157     
  0.276523323765480     
  0.345799699580026     
  0.326756623960166     
  0.373408586027225     
  0.257629597433042     
  0.397878606114451     
  0.415234404698498     
  0.326719596999977     
  0.292209711761549     
  0.355346343148009     
  0.370379148135027     
  0.348578446686832     
  0.312009480758350     
  0.290534510132637     
  0.322407317900927     
  0.328808660423087     
  0.339159511922100     
  0.312158430509566     
  0.332986417235430     
  0.254431364606917     
  0.337506627615011     
  0.286275929685712     
  0.241362265401382     
  0.373108985862060     
  0.351538118464859     
  0.370374096771003     
  0.401377186008513     
  0.330190604573812     
  0.336398719991384     
  0.354568577163074     
  0.295554865756183     
  0.366508219578009     
  0.430452223062804     
  0.263079545848000     
  0.436305759369800     
  0.348694311865304     
  0.318824673568187     
  0.266893790898004     
  0.384739071489766     
  0.375060447572794     
  0.367546042929843     
  0.274800935270264     
  0.375585264593241     
  0.464302870582719     
  0.389674586474316     
  0.222166438251105     
  0.303096970062038     
  0.321798589855669     
  0.382109605901835     
  0.302612611316909     
  0.328027449966419     
  0.428493115662874     
  0.313792702686728     
  0.306817596982183     
  0.384025969756797     
  0.353858533115504     
  0.401492423691458     
  0.351681632773381     
  0.295798179174572     
  0.418242505648468     
  0.352979767993404     
  0.379042970217046     
  0.352778438476856     
  0.315013165564302     
  0.374903626352450     
  0.327339276352331     
  0.397377637836829     
  0.369265288239930     
  0.363164978852932     
  0.374579348858900     
  0.396131121086492     
  0.374401317713853     
  0.347015866619080     
  0.311960503662737     
  0.309682712931894     
  0.348864079684857     
  0.336484488422629     
  0.429910886320850     
  0.392938997618702     
  0.355723944102188     
  0.259813142151668     
  0.283889527788426     
  0.434218525971652     
  0.312270261026328     
  0.265149005202595     
  0.334833988731850     
  0.319172653499171     
  0.353373792242595     
  0.333584538120882     
  0.345169551084706     
  0.414836450726707     
  0.293021360040855     
  0.391647128631733     
  0.334828691680130     
  0.299362320217856     
  0.316231136607637     
  0.323851764938649     
  0.427364281679500     
  0.304079031222247     
  0.347556226386337     
  0.310075888474847     
  0.372535288850981     
  0.319734109223525     
  0.394528146063195     
  0.293183868967459     
  0.364928702451733     
  0.296238489111042     
  0.288103142167738     
  0.309049243439127     
  0.330604857330500     
  0.327019969103356     
  0.377216148535198     
  0.318765333391821     
  0.490971153617131     
  0.378246649537107     
  0.471285121986191     
  0.358872231295961     
  0.358204076497194     
  0.289641840228184     
  0.312398653607665     
  0.406901024620976     
  0.315974078223675     
  0.367951944457008     
  0.319388437907417     
  0.325125757857213     
  0.379536030252861     
  0.307526862899497     
  0.365799181031306     
  0.363287593469698     
  0.325380393522673     
  0.327653388171658     
  0.393976732957681     
  0.319782234289785     
  0.298890719296710     
  0.401652498707492     
  0.346777345150028     
  0.406150799156269     
  0.435955643590470     
  0.393755985624770     
  0.323313446867877     
  0.271370255439448     
  0.517064485157270     
  0.369952176937247     
  0.317029181080997     
  0.409987604232634     
  0.291364682286855     
  0.395110708253592     
  0.397756503284935     
  0.363571635443060     
  0.315504588370524     
  0.314867064910386     
  0.434112061977542     
  0.500396654554119     
  0.270361508177714     
  0.423614735175417     
  0.317862000814673     
  0.309712347057677     
  0.376904359372273     
  0.325298723596183     
  0.387508352006396     
  0.312308111471647     
  0.340890436522809     
  0.409586546160520     
  0.379685887938162     
  0.389282720944434     
  0.365317482906308     
  0.284562033759171     
  0.408418855209375     
  0.389681809533399     
  0.304835047271929     
  0.320206325566197     
  0.384914063965754     
  0.291807817144743     
  0.383220304475950     
  0.398392896232183     
  0.376536968009445     
  0.396791848938349     
  0.454977710990476     
  0.318670891485437     
  0.336983676812629     
  0.396769434627925     
  0.320217725111632     
  0.424450288332924     
  0.394790946235240     
  0.360238451274707     
  0.330360230391459     
  0.359408069566346     
  0.362178398948215     
  0.316011040488225     
  0.432412807847248     
  0.308330017439318     
  0.274418316962958     
  0.369047787705858     
  0.424544489512498     
  0.307971006947033     
  0.267653171420756     
  0.420835046568743     
  0.384739906619789     
  0.409255178744372     
  0.330661293941780     
  0.349483308412661     
  0.340722479178735     
  0.405329172449604     
  0.347925667436966     
  0.341352535553869     
  0.324377840451655     
  0.338724253562814     
  0.387954181170169     
  0.316024511596586     
  0.326156299226163     
  0.355193654157451     
  0.309199667904348     
  0.325475173891627     
  0.304074722063530     
  0.310772220250474     
  0.380815502707130     
  0.329548753540150     
  0.346890442395438     
  0.400995389960097     
  0.313416328879043     
  0.329263693387873     
  0.297561893096900     
  0.349728388711198     
  0.357886711637298     
  0.416680630729366     
  0.388877530219316     
  0.431979915988550     
  0.352150965548181     
  0.339768122292936     
  0.271040231371670     
  0.363994585797041     
  0.337820586662577     
  0.416899473373695     
  0.380223268127694     
  0.279013710664509     
  0.343680695014203     
  0.368707152825978     
  0.288683644437603     
  0.375845279291740     
  0.320298281636234     
  0.377791074298253     
  0.393049249376340     
  0.407348977638078     
  0.335561826279348     
  0.341001681182942     
  0.280637505302199     
  0.315347293939251     
  0.335034415149927     
  0.391710262361749     
  0.370593282554217     
  0.368306178211130     
  0.359589632289380     
  0.367984784809871     
  0.380136911035263     
  0.354741228208350     
  0.344351873497997     
  0.328537195806364     
  0.361926953308999     
  0.365734929261111     
  0.282648396970527     
  0.324532350539161     
  0.417107674245986     
  0.327525867635222     
  0.345581134446492     
  0.257815507733374     
  0.313285343189333     
  0.264946012082634     
  0.300555861389591     
  0.338749929510030     
  0.319687465159270     
  0.366042079654194     
  0.319149926154589     
  0.458507710375849     
  0.345591473880320     
  0.334262288193084     
  0.340503691349507     
  0.374870409780791     
  0.349930016063071     
  0.380117053761605     
  0.337082919369291     
  0.324282348743547     
  0.390797726970118     
  0.298685338970195     
  0.326410734079176     
  0.379334894362216     
  0.418599571879870     
  0.312763272152385     
  0.286735023441356     
  0.301923151686477     
  0.327452417786276     
  0.404846645552949     
  0.327446797367618     
  0.300461841952080     
  0.298039026825713     
  0.421325450358132     
  0.376796302199943     
  0.423916428063689     
  0.390415744707119     
  0.375598370911112     
  0.290092478357264     
  0.406349717436007     
  0.310535452638586     
  0.395956537719568     
  0.329690657341120     
  0.328790166799286     
  0.329115409670904     
  0.361461910808564     
  0.397813194815069     
  0.357736351246052     
  0.479729519601231     
  0.391613213551587     
  0.384212719862890     
  0.347091909048077     
  0.337875366126554     
  0.386016487118819     
  0.340713819849888     
  0.330513625190592     
  0.319174834755170     
  0.357433310938503     
  0.338428613256063     
  0.334850367442609     
  0.327427929934887     
  0.368214461098458     
  0.334678664596049     
  0.356699584594419     
  0.371387962116621     
  0.354875479234100     
  0.290187658448244     
  0.292961461921270     
  0.424894644615153     
  0.312539216003087     
  0.294130451235020     
  0.376706060507136     
  0.351794448024407     
  0.348115445320522     
  0.343769123297832     
  0.310950509518842     
  0.310682657875030     
  0.262042135839289     
  0.315967992583211     
  0.418146278153415     
  0.342672206671661     
  0.353853599342131     
  0.467281201565633     
  0.369579723465859     
  0.345973608084873     
  0.354382618542515     
  0.371313636963810     
  0.389331680620486     
  0.416115904150688     
  0.366192364120612     
  0.364747638650612     
  0.370824920931429     
  0.412350068522812     
  0.401787612557272     
  0.335974528101082     
  0.362174580398323     
  0.350719202569499     
  0.263576216257982     
  0.386426111081711     
  0.427460178649352     
  0.331751791716720     
  0.319414054199118     
  0.319261856970235     
  0.338089213191439     
  0.423816380595254     
  0.322135181542508     
  0.264052888487204     
  0.331686688106741     
  0.300740337803267     
  0.363124864935612     
  0.303617580860666     
  0.379452057623261     
  0.305392959650863     
  0.401547623372377     
  0.309354441397185     
  0.304930854868506     
  0.365349556570705     
  0.361953560847196     
  0.407399908752806     
  0.311145996153156     
  0.340192460077198     
  0.275786260063493     
  0.344712947913053     
  0.349739830765934     
  0.347460134733302     
  0.239409131090669     
  0.342355495723179     
  0.351655576759415     
  0.369737506125270     
  0.335878715115698     
  0.346420528870484     
  0.290453411580188     
  0.250156500343277     
  0.356915601872324     
  0.350095335460364     
  0.374896013513991     
  0.301453702376815     
  0.303931747627840     
  0.354819520255922     
  0.366010774725659     
  0.259245039538414     
  0.384671588741835     
  0.466791208445108     
  0.316523054086992     
  0.300287753210529     
  0.302119646878752     
  0.312664540980188     
  0.324083909328939     
  0.368822095928891     
  0.377168884412159     
  0.300817493180727     
  0.420960331062502     
  0.365317977042822     
  0.379807215816833     
  0.383319087820996     
  0.401716063122628     
  0.314715964561998     
  0.310121034313389     
  0.365475795763647     
  0.387382371027729     
  0.338933474650677     
  0.427918475293489     
  0.337104819840974     
  0.347957416058983     
  0.369786835722607     
  0.331527962025071     
  0.342005728279988     
  0.300082877972490     
  0.248086880645411     
  0.383861019385785     
  0.310773275899290     
  0.449423173449612     
  0.367613860535727     
  0.380735814838467     
  0.359993417399525     
  0.372662977982011     
  0.399831622279940     
  0.343562733490518     
  0.317850002593961     
  0.326846863947520     
  0.303438628244928     
  0.320932095710748     
  0.309846413667685     
  0.254302074224864     
  0.353366596343899     
  0.353076110755841     
  0.373099958792228     
  0.462697031809222     
  0.395423360773085     
  0.302346210096007     
  0.417188108331909     
  0.305214186738867     
  0.332293959649720     
  0.296055397981319     
  0.392779114684690     
  0.304520593971686     
  0.266220116954872     
  0.435674869285686     
  0.301229361091280     
  0.406625162448300     
  0.316096770767381     
  0.286325286451629     
  0.392415402283124     
  0.308337868781111     
  0.326254986392897     
  0.432478967127330     
  0.260323604517732     
  0.391117298355524     
  0.341218029150160     
  0.280464405269735     
  0.357480857743638     
  0.442515561127827     
  0.305341146795923     
  0.332070382745125     
  0.364080280514116     
  0.413330520017723     
  0.334306053506462     
  0.423610764497416     
  0.358687625981887     
  0.381225483654034     
  0.271328184269229     
  0.321095097884871     
  0.367337159175716     
  0.401181836501297     
  0.313963352483672     
  0.295468312265868     
  0.370833082088678     
  0.370393094817787     
  0.315007561704705     
  0.318427257976125     
  0.313084949332931     
  0.297867873291829     
  0.263504657424678     
  0.288229654357121     
  0.298348356969316     
  0.372889243031686     
  0.361999766971208     
  0.295867841196966     
  0.321912869074768     
  0.347283732163013     
  0.373471790676248     
  0.435788159837190     
  0.308928211902637     
  0.378933821917694     
  0.360875364337149     
  0.372734356722635     
  0.320363084853987     
  0.357872625671998     
  0.333076376371835     
  0.395049013440166     
  0.373653817927557     
  0.324057995816749     
  0.313692244630192     
  0.354550056276514     
  0.295237165168748     
  0.317397510239484     
  0.397366459758784     
  0.332655598649611     
  0.288726255661724     
  0.333634642661628     
  0.291866086907847     
  0.343198798208852     
  0.368072917204930     
  0.411958778274136     
  0.353233026978384     
  0.291275608172782     
  0.349372495807482     
  0.291564391092290     
  0.292014701982634     
  0.280317090372762     
  0.368400269774113     
  0.283509761559761     
  0.371099339669043     
  0.393647225139145     
  0.384350879281835     
  0.334333989674988     
  0.381361940999069     
  0.287517348718412     
  0.408198117485171     
  0.357026577619183     
  0.301223945169618     
  0.297079817738461     
  0.339285411815243     
  0.313289839217302     
  0.327541899036484     
  0.299310534940866     
  0.374755510791704     
  0.331130496780455     
  0.343299072356174     
  0.346322638928062     
  0.359165618276856     
  0.359598696302320     
  0.378907882388233     
  0.326636199120213     
  0.431676497153930     
  0.352326551467886     
  0.365605347493908     
  0.319651560141375     
  0.324304116558429     
  0.338492718833580     
  0.403829322490799     
  0.310062899775909     
  0.389751587825685     
  0.342708159999645     
  0.343632009980328     
  0.275335120413566     
  0.371018691807296     
  0.330698730266648     
  0.251192127321689     
  0.291640450099918     
  0.361104740445731     
  0.396764664973481     
  0.407930394476698     
  0.427700801512531     
  0.414372251360455     
  0.406628945651036     
  0.353334197147190     
  0.294637840261758     
  0.312405195347614     
  0.443294220957491     
  0.359751830716575     
  0.263995960364017     
  0.289580337672203     
  0.263321378236579     
  0.396225786781728     
  0.347010000017712     
  0.358275133748003     
  0.382543093427281     
  0.307592741024595     
  0.316736312302773     
  0.367586911446428     
  0.371413485606388     
  0.380878198343233     
  0.357003769065698     
  0.312289193329848     
  0.369839214693024     
  0.361674860255582     
  0.449679093211925     
  0.288584837669350     
  0.334280269783490     
  0.388829962914729     
  0.428344815094325     
  0.338969061593107     
  0.304159089871367     
  0.314524285652615     
  0.303365680784987     
  0.414569782254148     
  0.407496153302885     
  0.412087883263467     
  0.404436259191984     
  0.303304086899715     
  0.274224301592748     
  0.280591729227650     
  0.389047464728840     
  0.334394287143098     
  0.373807997478445     
  0.359785293743502     
  0.309840857450175     
  0.402083440627158     
  0.490983140708945     
  0.301413200261185     
  0.378858846194740     
  0.318807817668538     
  0.407429181193076     
  0.370484939682115     
  0.364909381154697     
  0.336783898429766     
  0.347406356896218     
  0.362806542656471     
  0.297792128336332     
  0.407464493897485     
  0.360020450872783     
  0.404893347722086     
  0.242925947522266     
  0.272777201345328     
  0.367828652403791     
  0.370737516433922     
  0.342031757746311     
  0.337890729232858     
  0.425226951568204     
  0.343027689653543     
  0.276074211233961     
  0.349950458532472     
  0.359935642078356     
  0.355561013391920     
  0.333771646334157     
  0.361990637600300     
  0.378606778433053     
  0.422420531685194     
  0.341501696871083     
  0.324908311969862     
  0.436449082992807     
  0.404991820589507     
  0.312476455696650     
  0.338196952166394     
  0.323770895511350     
  0.306606012462821     
  0.261028564775405     
  0.341713964916799     
  0.337086017676351     
  0.386296687735640     
  0.372649079218575     
  0.351173799266544     
  0.332094683996690     
  0.321281045264339     
  0.389877744495300     
  0.368383296021024     
  0.299736241044089     
  0.312948404053344     
  0.355981220480952     
  0.290291526256812     
  0.334988068904761     
  0.293694050973668     
  0.340915579790035     
  0.361343128211432     
  0.339651675492753     
  0.350574111173091     
  0.312964277175750     
  0.362773879942865     
  0.299744740485837     
  0.391518081381345     
  0.310985272242876     
  0.368929645559624     
  0.419137780006115     
  0.332822726549586     
  0.353185415448326     
  0.267945613701804     
  0.257926547572186     
  0.420557936724390     
  0.310663956185632     
  0.309759525557599     
  0.353635892034573     
  0.338570203716969     
  0.411421733952184     
  0.318419944738798     
  0.273415590896968     
  0.386868753255217     
  0.277242233697143     
  0.349604755962808     
  0.432611028918190     
  0.293553184370257     
  0.367982124061442     
  0.370901426357972     
  0.386627024932698     
  0.316948387494405     
  0.372440936491475     
  0.348007383099494     
  0.328999680544236     
  0.354052429108193     
  0.361037451110235     
  0.382474617079122     
  0.313937433141262     
  0.352068036816656     
  0.414732794003973     
  0.355549774335873     
  0.316475463740985     
  0.340504786580989     
  0.359035338216947     
  0.314914082243900     
  0.313083259889510     
  0.326946310381561     
  0.354252308896966     
  0.352095899968122     
  0.323345814864528     
  0.304121055266175     
