  4.506650574478388E-002
  4.481582621281719E-002
  4.508174100993301E-002
  4.472982984128723E-002
  4.456281460852413E-002
  4.458697108036345E-002
  4.495555044477866E-002
  4.470182902289543E-002
  4.444030550268267E-002
  4.440655052367741E-002
  4.476524474651745E-002
  4.475228751670339E-002
  4.438141357486413E-002
  4.524937917908741E-002
  4.488560046533675E-002
  4.476823275695512E-002
  4.484264125262660E-002
  4.478891215084337E-002
  4.427438618502243E-002
  4.485276974728462E-002
  4.442617223668991E-002
  4.469045140314283E-002
  4.436251517209930E-002
  4.517385641889098E-002
  4.452510697657443E-002
  4.524042165038965E-002
  4.453989458649271E-002
  4.455958773030709E-002
  4.430954679455492E-002
  4.464848349970457E-002
  4.506910991853308E-002
  4.461160819088678E-002
  4.489378705842705E-002
  4.503411190079343E-002
  4.509226180551532E-002
  4.459149385887232E-002
  4.504535893439519E-002
  4.459485738971156E-002
  4.453546258435093E-002
  4.486255619886897E-002
  4.501897049700295E-002
  4.441358970934759E-002
  4.434761802149623E-002
  4.488916010680789E-002
  4.460665768564084E-002
  4.481892473494873E-002
  4.430192035397863E-002
  4.469392884177433E-002
  4.435440026570795E-002
  4.459739238312685E-002
  4.473005038129544E-002
  4.506073608028128E-002
  4.468228995746076E-002
  4.441895222701842E-002
  4.463468196414711E-002
  4.477141991599685E-002
  4.502697140717318E-002
  4.462692985648525E-002
  4.446156066019934E-002
  4.462821691024896E-002
  4.460297196295589E-002
  4.500162407679611E-002
  4.440528528998041E-002
  4.479653015473274E-002
  4.525633226517783E-002
  4.485014956272661E-002
  4.496785855776689E-002
  4.474734352465373E-002
  4.474593113956758E-002
  4.491430257316726E-002
  4.498138504823322E-002
  4.471442693658180E-002
  4.450345235510341E-002
  4.430042389200787E-002
  4.463933617745021E-002
  4.490637716137699E-002
  4.469087066836127E-002
  4.517842729823420E-002
  4.452370927392262E-002
  4.423962650054090E-002
  4.493030137222503E-002
  4.435794459061772E-002
  4.508468932280997E-002
  4.448818629282871E-002
  4.489572576040620E-002
  4.451920954771823E-002
  4.470346930382257E-002
  4.498897488441112E-002
  4.428863687786348E-002
  4.456454018121814E-002
  4.464064427105107E-002
  4.501089445425945E-002
  4.440355415755155E-002
  4.442590351490887E-002
  4.472373085467118E-002
  4.458094156540492E-002
  4.462404436530965E-002
  4.483673306785602E-002
  4.484167782928477E-002
  4.493156244359843E-002
  4.473226123969504E-002
  4.515335537143252E-002
  4.431906827916390E-002
  4.467968778885804E-002
  4.530746679627073E-002
  4.446448667795278E-002
  4.471002468557631E-002
  4.458117647557841E-002
  4.479403856368502E-002
  4.485989133818762E-002
  4.434511448007707E-002
  4.501790990876442E-002
  4.453266289646939E-002
  4.394169095218652E-002
  4.479242783069849E-002
  4.490662187577920E-002
  4.492341159188137E-002
  4.449653778215577E-002
  4.516056578613566E-002
  4.439385297593021E-002
  4.431280501386610E-002
  4.439838168219101E-002
  4.494728575056620E-002
  4.483208006847604E-002
  4.474429375721759E-002
  4.491097539363319E-002
  4.475444287896924E-002
  4.488028957355097E-002
  4.485732575998736E-002
  4.503788079259158E-002
  4.456550245150573E-002
  4.480818674409498E-002
  4.428995687005270E-002
  4.505878171161280E-002
  4.450695294892742E-002
  4.456277809534073E-002
  4.483343501839899E-002
  4.430506933011125E-002
  4.520660344025475E-002
  4.478515204958278E-002
  4.463551320822305E-002
  4.455636483176602E-002
  4.521805792433822E-002
  4.495195401056860E-002
  4.454164475739537E-002
  4.466006331303246E-002
  4.508080888257723E-002
  4.469190077059068E-002
  4.449357464604272E-002
  4.505958466660768E-002
  4.440181791343235E-002
  4.475874512344542E-002
  4.443124398360415E-002
  4.470347092670032E-002
  4.461165411001860E-002
  4.495515331203349E-002
  4.442319636522372E-002
  4.444332797824054E-002
  4.450935677824801E-002
  4.437557364320446E-002
  4.483588996225082E-002
  4.448823678275203E-002
  4.450035636069540E-002
  4.499965403047131E-002
  4.461319275009115E-002
  4.448819313871630E-002
  4.479200148137092E-002
  4.467716167291403E-002
  4.448762470354617E-002
  4.465154967793312E-002
  4.441739704011355E-002
  4.475528454891730E-002
  4.479201763513020E-002
  4.465627732636930E-002
  4.497950248724901E-002
  4.446533943434824E-002
  4.475523128908560E-002
  4.483382646242977E-002
  4.497050980843612E-002
  4.523198384111419E-002
  4.444243713075741E-002
  4.431675802666920E-002
  4.466254226733003E-002
  4.476532035306631E-002
  4.482614934278436E-002
  4.479470922160805E-002
  4.438990371557243E-002
  4.476741076306587E-002
  4.412693945318731E-002
  4.497021986789430E-002
  4.497284419102040E-002
  4.453555749192135E-002
  4.495382032060260E-002
  4.478001597975153E-002
  4.478010165604671E-002
  4.495672029306935E-002
  4.530202402307176E-002
  4.454925575122510E-002
  4.499349679015766E-002
  4.421096733567362E-002
  4.437047242666788E-002
  4.528860533804354E-002
  4.468073543849532E-002
  4.482731870506958E-002
  4.442154427192985E-002
  4.532493256589357E-002
  4.463266029695919E-002
  4.436442586072208E-002
  4.470675067851287E-002
  4.422322343686730E-002
  4.521219368285419E-002
  4.508845350894036E-002
  4.435836867148398E-002
  4.498699972493801E-002
  4.474684242546760E-002
  4.448305442750834E-002
  4.470030773634501E-002
  4.462475073880798E-002
  4.473661546224799E-002
  4.440352005271414E-002
  4.471918761196236E-002
  4.436970505819560E-002
  4.485353500133522E-002
  4.496325774682435E-002
  4.475867854701615E-002
  4.480429100468047E-002
  4.489140597609700E-002
  4.472880088386234E-002
  4.507980194855502E-002
  4.432127889288120E-002
  4.466853380827731E-002
  4.509644570311001E-002
  4.460708042656824E-002
  4.471425399255519E-002
  4.450856345401013E-002
  4.453479067318958E-002
  4.487036116336938E-002
  4.424235585836489E-002
  4.423664156375426E-002
  4.516240078089499E-002
  4.483991429418663E-002
  4.449989312805811E-002
  4.464471553424750E-002
  4.478865567453669E-002
  4.466975796949953E-002
  4.425632187596584E-002
  4.508140676679649E-002
  4.444747393700854E-002
  4.441988498731871E-002
  4.434469978077597E-002
  4.465375256768119E-002
  4.492751157022243E-002
  4.485150159801167E-002
  4.457272152183333E-002
  4.461118030052109E-002
  4.500710177782830E-002
  4.502080919404074E-002
  4.492904803284278E-002
  4.421870200411151E-002
  4.438506771417067E-002
  4.455830904790656E-002
  4.489666242600734E-002
  4.495964990375665E-002
  4.456324613076906E-002
  4.470260488372726E-002
  4.484782069046579E-002
  4.434387610087238E-002
  4.492148469678946E-002
  4.472118936587820E-002
  4.462363860859211E-002
  4.470867867348471E-002
  4.507753837601142E-002
  4.454060727703506E-002
  4.453554012699194E-002
  4.450527990849859E-002
  4.479157238782547E-002
  4.494470735367564E-002
  4.449063415133347E-002
  4.490159995792734E-002
  4.480662703381367E-002
  4.414126091269588E-002
  4.485063073016674E-002
  4.462281308199283E-002
  4.510568873288792E-002
  4.431776348271812E-002
  4.467358610136993E-002
  4.429934397339082E-002
  4.447834189444426E-002
  4.493136769066280E-002
  4.409504614586682E-002
  4.453347974964320E-002
  4.422345793950715E-002
  4.485474632476843E-002
  4.459973853797194E-002
  4.481066244066009E-002
  4.468764492859162E-002
  4.497164738226223E-002
  4.447793195677281E-002
  4.497146219332301E-002
  4.512889725150375E-002
  4.474151036756956E-002
  4.415375239702390E-002
  4.460880354133873E-002
  4.454922528684040E-002
  4.494315891383151E-002
  4.486640959523654E-002
  4.487608184645173E-002
  4.465318539305178E-002
  4.475878699937989E-002
  4.452623513872246E-002
  4.472366527347783E-002
  4.482248460121965E-002
  4.511800978418896E-002
  4.498742630325492E-002
  4.469971225713502E-002
  4.464013420670841E-002
  4.446832384944659E-002
  4.465915091588632E-002
  4.483277923035621E-002
  4.500728350161039E-002
  4.494920403274891E-002
  4.493333945136982E-002
  4.483276720623149E-002
  4.528870293842307E-002
  4.475200858634577E-002
  4.541325458706093E-002
  4.457415040946346E-002
  4.460861868184669E-002
  4.505199242768899E-002
  4.440482048075122E-002
  4.483269281304476E-002
  4.478287972223721E-002
  4.482601690719972E-002
  4.464631349792312E-002
  4.488831389535112E-002
  4.484625608399417E-002
  4.493114687085523E-002
  4.451723368306017E-002
  4.429661860716267E-002
  4.471374824154413E-002
  4.515694878422320E-002
  4.472589626966750E-002
  4.452840517355525E-002
  4.481271002669867E-002
  4.483039290321023E-002
  4.478335042283026E-002
  4.492829670607521E-002
  4.452743467511076E-002
  4.490067368136059E-002
  4.475537039680777E-002
  4.496248132209966E-002
  4.510031845463998E-002
  4.473995454918952E-002
  4.466852118038437E-002
  4.465857412215268E-002
  4.448960503385819E-002
  4.471294378754745E-002
  4.496442691102388E-002
  4.496823391053605E-002
  4.465987940305894E-002
  4.475480846439156E-002
  4.444861537621507E-002
  4.489556118061393E-002
  4.471876314631399E-002
  4.480381463541105E-002
  4.476577436979710E-002
  4.449002657476061E-002
  4.470235093919044E-002
  4.495246768112741E-002
  4.447745739909153E-002
  4.431778327763056E-002
  4.501720360198998E-002
  4.410371062711212E-002
  4.456797882251556E-002
  4.460305690292053E-002
  4.495771112890373E-002
  4.518185930723064E-002
  4.471970938299830E-002
  4.473450690822878E-002
  4.448470445411212E-002
  4.480612711961954E-002
  4.491645788603753E-002
  4.478295203847773E-002
  4.499677267261793E-002
  4.448019979696610E-002
  4.461399780397307E-002
  4.468073577506169E-002
  4.492366552344206E-002
  4.485065471018740E-002
  4.491626516320888E-002
  4.443671109465178E-002
  4.469965046677347E-002
  4.458460529916938E-002
  4.486504385152095E-002
  4.466939228121840E-002
  4.499839469914799E-002
  4.500093522398452E-002
  4.471490492444666E-002
  4.448447215890874E-002
  4.518602254767010E-002
  4.513552656912888E-002
  4.488213657410136E-002
  4.468809507399421E-002
  4.454952466998531E-002
  4.461160029761075E-002
  4.443675403906120E-002
  4.481710842521433E-002
  4.479043217614344E-002
  4.451715972442809E-002
  4.437178450677400E-002
  4.431662481269962E-002
  4.477472499862956E-002
  4.487773426889139E-002
  4.462589338710451E-002
  4.472761417761867E-002
  4.426890769445024E-002
  4.439663933700189E-002
  4.491260753340828E-002
  4.467251366160954E-002
  4.427669262124017E-002
  4.432691227744122E-002
  4.507146305899779E-002
  4.513858468922531E-002
  4.456375521149122E-002
  4.478366375238864E-002
  4.425730531883532E-002
  4.456286939645203E-002
  4.472718735029587E-002
  4.435865025230924E-002
  4.469160995467462E-002
  4.457018808342843E-002
  4.532907635226537E-002
  4.467172987057241E-002
  4.423026313718419E-002
  4.462511642814236E-002
  4.462480526148656E-002
  4.481701765939761E-002
  4.501800833518688E-002
  4.479482448523856E-002
  4.512930693915263E-002
  4.504587348974497E-002
  4.464319213994372E-002
  4.428219593643620E-002
  4.458261110406407E-002
  4.511850347688389E-002
  4.473984408420876E-002
  4.508885672295914E-002
  4.486883117810261E-002
  4.458986865968013E-002
  4.479531581678111E-002
  4.516033862181555E-002
  4.465849359428885E-002
  4.502970958197966E-002
  4.463370042013677E-002
  4.474719441127514E-002
  4.455187892870419E-002
  4.525143506665629E-002
  4.499149731287943E-002
  4.430183793153789E-002
  4.442439567005324E-002
  4.508512091326248E-002
  4.433403165875886E-002
  4.495593094327676E-002
  4.463682565095067E-002
  4.454680195213011E-002
  4.492290634330022E-002
  4.487700594887792E-002
  4.467813360609957E-002
  4.461972302356554E-002
  4.488634815929785E-002
  4.478824677589150E-002
  4.463698454666597E-002
  4.496434769546898E-002
  4.438837161507680E-002
  4.431325121093800E-002
  4.460744798240664E-002
  4.413965349504213E-002
  4.475480272713087E-002
  4.455244172688388E-002
  4.445904688121730E-002
  4.528854949945863E-002
  4.411048855294671E-002
  4.471194169499355E-002
  4.425887954787329E-002
  4.496870672415122E-002
  4.459050692394054E-002
  4.460239801902122E-002
  4.482628107784613E-002
  4.471056381159741E-002
  4.467604718934109E-002
  4.445734170480677E-002
  4.468844109172557E-002
  4.451048488100933E-002
  4.477744252809871E-002
  4.452358093384785E-002
  4.453416839133725E-002
  4.481899254081377E-002
  4.475665011726419E-002
  4.483334939841160E-002
  4.467735000539543E-002
  4.472660636484738E-002
  4.465077590915204E-002
  4.514045333274977E-002
  4.481102365805142E-002
  4.445484656688869E-002
  4.539170177031825E-002
  4.478180590979645E-002
  4.500244819035541E-002
  4.489616190220262E-002
  4.464201527106526E-002
  4.491440737873208E-002
  4.460016791229241E-002
  4.518852505624071E-002
  4.491748867819699E-002
  4.479222901281347E-002
  4.498298745146687E-002
  4.496525401930587E-002
  4.474375064865991E-002
  4.444106734957837E-002
  4.468826255264795E-002
  4.445150314142493E-002
  4.422818789063392E-002
  4.514550237595018E-002
  4.554342160518748E-002
  4.462165736460030E-002
  4.517160179743084E-002
  4.445414734373939E-002
  4.493113578421399E-002
  4.471766525822202E-002
  4.450628731282818E-002
  4.432685400091153E-002
  4.486266764193547E-002
  4.478357795846375E-002
  4.474290756762420E-002
  4.442004760397320E-002
  4.454445875233912E-002
  4.468387941621309E-002
  4.456127372017724E-002
  4.473583341077089E-002
  4.484097964429083E-002
  4.517821074874493E-002
  4.459413141025014E-002
  4.468500550632457E-002
  4.479606401010974E-002
  4.491058158064861E-002
  4.491093718723700E-002
  4.435238541009495E-002
  4.496116776546399E-002
  4.407193662217985E-002
  4.503864916922450E-002
  4.468812653314447E-002
  4.451704120881652E-002
  4.453304574760367E-002
  4.416467696149606E-002
  4.430806402649490E-002
  4.481781472887608E-002
  4.482414992045526E-002
  4.479251302515284E-002
  4.453531834385821E-002
  4.442193738696506E-002
  4.469730364929685E-002
  4.455134794885420E-002
  4.499370810110321E-002
  4.459108486723964E-002
  4.438435234949090E-002
  4.456792851577111E-002
  4.489197219817675E-002
  4.506974341957819E-002
  4.472780394115704E-002
  4.483091024438956E-002
  4.484234550265741E-002
  4.457875129064184E-002
  4.461069871779986E-002
  4.481881925200003E-002
  4.480758673230550E-002
  4.479646089944610E-002
  4.456187962582078E-002
  4.430923952680475E-002
  4.493780424629944E-002
  4.468048807316157E-002
  4.450765594799869E-002
  4.486245640035535E-002
  4.488540770907588E-002
  4.456853405197191E-002
  4.450474974242081E-002
  4.426426341787551E-002
  4.456285418858986E-002
  4.502812764813088E-002
  4.434893354419288E-002
  4.475447479122470E-002
  4.467442991771511E-002
  4.519118541201378E-002
  4.448893587261370E-002
  4.517715466472392E-002
  4.449403550334578E-002
  4.462506103437412E-002
  4.471076293851288E-002
  4.498155908311387E-002
  4.484811197444881E-002
  4.519960207219342E-002
  4.495462499405235E-002
  4.481890616480350E-002
  4.450204418575077E-002
  4.473805247381729E-002
  4.504295728908159E-002
  4.476070010321706E-002
  4.512699774857212E-002
  4.433901041794034E-002
  4.468537401084577E-002
  4.440427828461349E-002
  4.491080610384518E-002
  4.497663233576695E-002
  4.472999483886244E-002
  4.476399315290367E-002
  4.464317246261659E-002
  4.474159444149282E-002
  4.508186982381927E-002
  4.489205750395701E-002
  4.461660016481372E-002
  4.437072344009067E-002
  4.392904103728898E-002
  4.504806392049989E-002
  4.449072393677121E-002
  4.462659136738146E-002
  4.463903361268671E-002
  4.471051249200263E-002
  4.496003286318718E-002
  4.441079072831063E-002
  4.508496619442669E-002
  4.474997008024534E-002
  4.481821226094623E-002
  4.472569882254823E-002
  4.484035467817447E-002
  4.459109927867499E-002
  4.457304022946029E-002
  4.480849964382416E-002
  4.501090405474559E-002
  4.404250409216005E-002
  4.507376940846640E-002
  4.460277846630564E-002
  4.443584644022341E-002
  4.469833064214736E-002
  4.487761662548895E-002
  4.425631418133202E-002
  4.479019594187759E-002
  4.438865555658970E-002
  4.475622395448237E-002
  4.464674020677930E-002
  4.456911144827098E-002
  4.477277539506480E-002
  4.446162311816603E-002
  4.472857940992085E-002
  4.476052771487988E-002
  4.440099296924709E-002
  4.473660903966099E-002
  4.445553573384575E-002
  4.490459753673005E-002
  4.471620672275162E-002
  4.484590530481415E-002
  4.527701994379607E-002
  4.483721754408446E-002
  4.440620879110582E-002
  4.445388331833976E-002
  4.481898791508694E-002
  4.504588240904993E-002
  4.497425670187122E-002
  4.489719960993552E-002
  4.475985154192517E-002
  4.485774231820835E-002
  4.451411171847609E-002
  4.439257744815023E-002
  4.482231410520793E-002
  4.477570058292870E-002
  4.439569003342343E-002
  4.516060817410530E-002
  4.458460240531065E-002
  4.492955998889937E-002
  4.432657698461571E-002
  4.414863184286714E-002
  4.444627410691624E-002
  4.464671024616331E-002
  4.469588031442864E-002
  4.424876515172251E-002
  4.499463554911621E-002
  4.476932904264275E-002
  4.426498975680786E-002
  4.464853477347244E-002
  4.502396128443004E-002
  4.468761192275247E-002
  4.457835042981737E-002
  4.493808536700548E-002
  4.437963180403549E-002
  4.474847066216028E-002
  4.462715801022024E-002
  4.461426104395170E-002
  4.452396547063034E-002
  4.439549648749425E-002
  4.518107379037312E-002
  4.437059811897542E-002
  4.478778153276514E-002
  4.506815365822642E-002
  4.459859071564404E-002
  4.487621244260992E-002
  4.473704593331989E-002
  4.445404086719067E-002
  4.467418631013530E-002
  4.455369763965524E-002
  4.437790875408461E-002
  4.427198214691708E-002
  4.486689580162672E-002
  4.475734281161496E-002
  4.458570616005407E-002
  4.441060719814077E-002
  4.461437555890737E-002
  4.465252005710751E-002
  4.459954676359806E-002
  4.419066964341408E-002
  4.502995950512223E-002
  4.422462981281609E-002
  4.475179748088454E-002
  4.401207610875445E-002
  4.520602336398376E-002
  4.456224183126248E-002
  4.475949048016534E-002
  4.507139895124197E-002
  4.479540268963142E-002
  4.477689691948485E-002
  4.494899726216094E-002
  4.480809326798135E-002
  4.447930147783378E-002
  4.465148011956097E-002
  4.435495844901656E-002
  4.485203920852359E-002
  4.468444005850627E-002
  4.469331535992450E-002
  4.469310604037529E-002
  4.410172119367422E-002
  4.447957691819266E-002
  4.457436154261563E-002
  4.450643102003052E-002
  4.398865534405626E-002
  4.445119244401404E-002
  4.485282745432865E-002
  4.501230290533283E-002
  4.468254997860831E-002
  4.521673910853275E-002
  4.509342449401656E-002
  4.447925541093260E-002
  4.478026627591789E-002
  4.463870895497484E-002
  4.489775434698889E-002
  4.433973980176815E-002
  4.450662643079949E-002
  4.457082479479925E-002
  4.466633528499456E-002
  4.450619388391421E-002
  4.515314791227455E-002
  4.466661305296697E-002
  4.430643819750608E-002
  4.465204855585671E-002
  4.506257043072726E-002
  4.467773913636443E-002
  4.491892743935499E-002
  4.483916337102197E-002
  4.456179758439038E-002
  4.453072926531838E-002
  4.480483283069174E-002
  4.503015202498503E-002
  4.471946409269063E-002
  4.448203943387356E-002
  4.490512716392386E-002
  4.459294144843646E-002
  4.497355202618052E-002
  4.443311889584029E-002
  4.494956172826649E-002
  4.498632939030010E-002
  4.444928834757438E-002
  4.480490579088321E-002
  4.436810546075813E-002
  4.457319295711179E-002
  4.499533928797030E-002
  4.496610462782685E-002
  4.469716147108697E-002
  4.492346678577797E-002
  4.457326281035687E-002
  4.486332248680391E-002
  4.503770135276702E-002
  4.461128392791349E-002
  4.459837163213522E-002
  4.485213247209504E-002
  4.444764974604317E-002
  4.477716560076298E-002
  4.446901129687339E-002
  4.498692991593339E-002
  4.471238210739249E-002
  4.481749638439477E-002
  4.440907649891022E-002
  4.484147510110619E-002
  4.424599210809613E-002
  4.422866355041405E-002
  4.484472541000328E-002
  4.500276974730695E-002
  4.456090003934478E-002
  4.521434614905653E-002
  4.466079334354438E-002
  4.481115931250104E-002
  4.541624680056536E-002
  4.468334854397069E-002
  4.520569628184558E-002
  4.475320543867029E-002
  4.452985986544705E-002
  4.468650349608606E-002
  4.462652392688254E-002
  4.520406515646672E-002
  4.451017268579772E-002
  4.507289205945582E-002
  4.463475870794785E-002
  4.458448476370710E-002
  4.502588983049067E-002
  4.457802518651786E-002
  4.461134336186807E-002
  4.488410469989297E-002
  4.457402044270876E-002
  4.500890741817926E-002
  4.419490470517969E-002
  4.462640283003080E-002
  4.482088316268601E-002
  4.489671070598444E-002
  4.508406178819723E-002
  4.509494039668284E-002
  4.461732557166027E-002
  4.492665275232664E-002
  4.467498035191649E-002
  4.442219978066183E-002
  4.455648401280800E-002
  4.462338714700841E-002
  4.466708037230335E-002
  4.509456011411167E-002
  4.457631140119894E-002
  4.468359345702973E-002
  4.504161004508393E-002
  4.495042451393680E-002
  4.466644041093134E-002
  4.481581874836216E-002
  4.476003606478051E-002
  4.447692780793934E-002
  4.494808540626166E-002
  4.513471013658621E-002
  4.437352911818457E-002
  4.456203502443238E-002
  4.482412083639347E-002
  4.477076369010113E-002
  4.480982061095636E-002
  4.436494969847087E-002
  4.511674081567248E-002
  4.444940949349841E-002
  4.485932388282021E-002
  4.427452514816620E-002
  4.471947644861134E-002
  4.477339269617103E-002
  4.502306342271309E-002
  4.464263410146879E-002
  4.475213781406351E-002
  4.447266077826428E-002
  4.467954152539901E-002
  4.452506326239187E-002
  4.502680399915127E-002
  4.469152737089842E-002
  4.479070149790106E-002
  4.431216846861381E-002
  4.479458739761466E-002
  4.458352154521655E-002
  4.473240862331618E-002
  4.486522250663683E-002
  4.498050013627958E-002
  4.507104862003355E-002
  4.487239477586126E-002
  4.477464893053696E-002
  4.482133007613560E-002
  4.487118043190049E-002
  4.472691624937210E-002
  4.525799750267928E-002
  4.494662535948244E-002
  4.476371945072121E-002
  4.477315552477364E-002
  4.460572256902919E-002
  4.483365919330458E-002
  4.493187344881473E-002
  4.463427438696393E-002
  4.474909828147416E-002
  4.509869054401660E-002
  4.510480667993120E-002
  4.473651035114008E-002
  4.479147112923811E-002
  4.469604793483947E-002
  4.484712846050684E-002
  4.472262729247313E-002
  4.481220981232795E-002
  4.473533872656062E-002
  4.458286315846222E-002
  4.474877767616985E-002
  4.461637557840541E-002
  4.524097615282363E-002
  4.466458462831950E-002
  4.477871221280235E-002
  4.511941275943925E-002
  4.511860868953136E-002
  4.491307253731711E-002
  4.453140611596518E-002
  4.455907357148211E-002
  4.464346811134734E-002
  4.498727118560415E-002
  4.464958977762983E-002
  4.457577885159852E-002
  4.472269608204878E-002
  4.446332978929514E-002
  4.470064871302634E-002
  4.487463803015705E-002
  4.483728357923011E-002
  4.445835289793219E-002
  4.479023232754459E-002
  4.460896915559040E-002
  4.477075755493262E-002
  4.441450775904834E-002
  4.476385079900726E-002
  4.472865943722684E-002
  4.487616717211314E-002
  4.410968072805471E-002
  4.419008747469153E-002
  4.460396857001103E-002
  4.500009445810645E-002
  4.462875404314218E-002
  4.415947204460767E-002
  4.422788928523596E-002
  4.473512782208636E-002
  4.459994517513727E-002
  4.451447495863022E-002
  4.470958409599293E-002
  4.457284437089259E-002
  4.531928698639247E-002
  4.456525122971945E-002
  4.470021221941278E-002
  4.462581010125928E-002
  4.485063837658051E-002
  4.501732583278040E-002
  4.474959093792515E-002
  4.517056757773778E-002
  4.468438358379963E-002
  4.459682607764024E-002
  4.476037526756781E-002
  4.471145250773350E-002
  4.457873729580935E-002
  4.476925867956561E-002
  4.522194059388263E-002
  4.491971490217118E-002
  4.460860464186529E-002
  4.477395037473366E-002
  4.462629590669129E-002
  4.462903611365665E-002
  4.486318108029008E-002
  4.474419574008986E-002
  4.495769797631845E-002
  4.512837275367629E-002
  4.456013179502812E-002
  4.409743307157388E-002
  4.496195980005008E-002
  4.530145981303313E-002
  4.506519789818667E-002
  4.448620982862106E-002
  4.466228124603318E-002
  4.407942345072139E-002
  4.461952026829882E-002
  4.498142286012961E-002
  4.438094394050718E-002
  4.460609621065220E-002
  4.465457505680151E-002
  4.465777404077275E-002
  4.489294522660914E-002
  4.463987876503245E-002
  4.464106210457551E-002
  4.469202051223586E-002
  4.459380729788511E-002
  4.442165557268860E-002
  4.472645385978265E-002
  4.460150534366653E-002
  4.460542293130114E-002
  4.476517529939898E-002
  4.442718023626269E-002
  4.454435945109032E-002
  4.480473147341998E-002
  4.464551225515756E-002
  4.447268845179985E-002
  4.453455529721961E-002
  4.472169617519302E-002
  4.419040136706146E-002
  4.435133936342693E-002
  4.477022973816028E-002
  4.463162651597137E-002
  4.452674079985230E-002
  4.453036389663576E-002
  4.495401857929186E-002
  4.430002279229859E-002
  4.467393173541306E-002
  4.494345966170146E-002
  4.464715096455339E-002
  4.457541177644855E-002
  4.501198250066211E-002
  4.489785745523828E-002
  4.463371389567865E-002
  4.461075766646458E-002
  4.497008876196651E-002
  4.486457581512349E-002
  4.439862054451647E-002
  4.491903711681941E-002
  4.448607829247340E-002
  4.422626266173392E-002
  4.501425861070658E-002
  4.496730524473887E-002
  4.472014144129655E-002
  4.478281514570615E-002
  4.482621775783885E-002
  4.457939516483093E-002
  4.456180097350403E-002
  4.457688777496169E-002
  4.441799195560710E-002
  4.460096490877901E-002
  4.480673102715325E-002
  4.493201847710089E-002
  4.472088045096269E-002
  4.468009216410232E-002
  4.451269694858684E-002
  4.486614827468122E-002
  4.498740462934634E-002
  4.441242588112703E-002
  4.513959323288690E-002
  4.457867956427981E-002
  4.462189986004191E-002
  4.465624183094748E-002
  4.464500901314371E-002
  4.484512656935989E-002
  4.435504907645503E-002
  4.454860112289071E-002
  4.494847024589137E-002
  4.497418430727304E-002
  4.475155220032300E-002
  4.455496707024613E-002
  4.477235079053063E-002
  4.483848748560910E-002
  4.477246034364624E-002
  4.478618192482581E-002
  4.478957890486910E-002
  4.476152493146264E-002
  4.468388611400060E-002
  4.508565097321696E-002
  4.470477811548006E-002
  4.483352794107696E-002
  4.485149220460836E-002
  4.446590717274562E-002
  4.489826093733333E-002
  4.465466475572075E-002
  4.482526386570843E-002
  4.492025225774565E-002
  4.495513902540000E-002
  4.477777936884726E-002
  4.513625443323763E-002
  4.500882311426702E-002
  4.462759018891276E-002
  4.482973007352573E-002
  4.472268638556135E-002
  4.476902158026382E-002
  4.446334823152141E-002
  4.478083878702027E-002
  4.460179984164030E-002
  4.457249462577612E-002
  4.500991622633693E-002
  4.445857170285344E-002
  4.480334702264826E-002
  4.531896679951081E-002
  4.476593942507911E-002
  4.484216825338532E-002
  4.510136426959784E-002
  4.412264430504808E-002
  4.493090281830241E-002
  4.421525819704065E-002
  4.476213668976189E-002
  4.498084080107927E-002
  4.524004886712284E-002
  4.511748159596981E-002
  4.457624586877329E-002
  4.419052081321163E-002
  4.466110790748099E-002
  4.479135912122281E-002
  4.465942408695607E-002
  4.499879644422876E-002
  4.474585386053549E-002
  4.419673736416480E-002
  4.472576860169522E-002
  4.506337497425542E-002
  4.494575705306757E-002
  4.482623589548113E-002
  4.429350201072305E-002
  4.502432734159397E-002
  4.427674550540237E-002
  4.449855917875493E-002
  4.497852060050336E-002
  4.475274039859484E-002
  4.475993165295928E-002
  4.495552396334255E-002
  4.494641417420545E-002
  4.482399606156940E-002
  4.501913188416755E-002
  4.516777622167407E-002
  4.477847979930878E-002
  4.477478210568221E-002
  4.445624247276442E-002
  4.440726496495244E-002
  4.497133365275807E-002
  4.439057262460196E-002
  4.479216980244515E-002
  4.431770608575432E-002
  4.479206512338772E-002
  4.488750957835563E-002
  4.509934419547294E-002
  4.472884780652772E-002
  4.506159990167202E-002
  4.509490455134058E-002
  4.450554959596258E-002
  4.485259862315725E-002
  4.491361215749033E-002
  4.450385740774394E-002
  4.462254529994279E-002
  4.434344613125914E-002
  4.489111604218159E-002
  4.476998089108068E-002
  4.454468538482684E-002
  4.481880807499834E-002
  4.518230904433925E-002
  4.450222529683916E-002
  4.492266022003683E-002
  4.478312310950305E-002
  4.478357540576804E-002
  4.476425728938872E-002
  4.484644038854572E-002
  4.512001448902301E-002
  4.489438308350054E-002
  4.524665289712469E-002
  4.490931821049376E-002
  4.463591373292022E-002
  4.435731253320031E-002
  4.474264810148423E-002
  4.476195442702408E-002
  4.471497010390389E-002
  4.430549511825842E-002
  4.494452152474977E-002
  4.474004305976136E-002
  4.472771223417176E-002
  4.449050298045327E-002
  4.485218389399494E-002
  4.441785300401414E-002
  4.458482082572199E-002
  4.458872874953788E-002
  4.466944390543695E-002
  4.451477210450293E-002
  4.501320129920595E-002
  4.446430232135631E-002
  4.480036424235034E-002
  4.482888610709402E-002
  4.481575707029431E-002
  4.423964713689889E-002
  4.497106730530544E-002
  4.482651785599075E-002
  4.452523386594633E-002
  4.447301970335685E-002
  4.471510054530625E-002
  4.500760174128027E-002
  4.476251277237944E-002
  4.487415394673213E-002
  4.464742318857578E-002
  4.508096782651655E-002
  4.468154174900235E-002
  4.455067442000597E-002
  4.436272711506511E-002
  4.490173601943092E-002
  4.511014756787263E-002
  4.466871833190995E-002
  4.465593541647830E-002
  4.483036204575759E-002
  4.462191281341339E-002
  4.450154538845678E-002
  4.475939466356345E-002
  4.490694335625166E-002
  4.449038246664954E-002
  4.469871884112571E-002
  4.460328425149444E-002
  4.440663791841610E-002
  4.466774641443280E-002
  4.488680033086859E-002
  4.441200465290922E-002
  4.433816250004379E-002
  4.444693953873628E-002
  4.456594651090882E-002
  4.437035894377889E-002
  4.509370153643795E-002
  4.453519696752714E-002
  4.508075488645037E-002
  4.495547520144532E-002
  4.435655350451235E-002
  4.435174165734198E-002
  4.490273905735848E-002
  4.411233896306072E-002
  4.466676446346555E-002
  4.507265882216258E-002
  4.518083755578824E-002
  4.451323403469389E-002
  4.445700917541109E-002
  4.425481428618169E-002
  4.443482776561922E-002
  4.473951334284187E-002
  4.504826810343261E-002
  4.447137838146483E-002
  4.491063048479141E-002
  4.474542391929366E-002
  4.469306836462205E-002
  4.456327237896664E-002
  4.482956421265714E-002
  4.498698414762604E-002
  4.438642412315252E-002
  4.458709208134048E-002
  4.518728720124276E-002
  4.485260067523886E-002
  4.472765241065576E-002
  4.522472581422968E-002
  4.461864371791928E-002
  4.460807926306580E-002
  4.438316227603741E-002
  4.446910109392611E-002
  4.463074671509611E-002
  4.469985593671504E-002
  4.465596524413224E-002
  4.449226134194579E-002
  4.441972945372537E-002
  4.470781375492617E-002
  4.454395161943368E-002
  4.397953499337721E-002
  4.492698811844443E-002
  4.486016499804991E-002
  4.474003441843096E-002
  4.463170973994757E-002
  4.443783454524428E-002
  4.458675782519794E-002
  4.443584708806502E-002
  4.469381163081442E-002
  4.503277300114654E-002
  4.468002217521402E-002
  4.463049040400392E-002
  4.476260151356266E-002
  4.508517154817650E-002
  4.477925996426230E-002
  4.478282396481657E-002
  4.431941250997667E-002
  4.485360293012604E-002
  4.450111554987744E-002
  4.452854883619743E-002
  4.441504705435750E-002
  4.442020276808389E-002
  4.521474483485659E-002
  4.465735355607560E-002
  4.461318229689288E-002
  4.463392884879791E-002
  4.458661119221996E-002
  4.451596693641028E-002
  4.467741216607822E-002
  4.485839756854992E-002
  4.463161945916601E-002
  4.472457894508781E-002
  4.472732723494127E-002
  4.487443695090661E-002
  4.483641069901671E-002
  4.507798658258707E-002
  4.440459692973255E-002
  4.448290172374111E-002
  4.475051448800688E-002
  4.466075222476945E-002
  4.471916045078293E-002
  4.450945289372231E-002
  4.467450517716683E-002
  4.479885361701494E-002
  4.449441325843095E-002
  4.510648773981735E-002
  4.484823673641622E-002
  4.455501505691930E-002
  4.459058407981694E-002
  4.494186107354616E-002
  4.499749333090687E-002
  4.483847515703766E-002
  4.465385496974528E-002
  4.456813908758527E-002
  4.489682808246110E-002
  4.430266025021537E-002
  4.475016241452132E-002
  4.454190965804361E-002
  4.446884976671225E-002
  4.526740267504689E-002
  4.453407737997850E-002
  4.498572419357282E-002
  4.442676392779285E-002
  4.505765158555174E-002
  4.503990749371592E-002
  4.484773759130570E-002
  4.477664960432136E-002
  4.461410291050512E-002
  4.492560539217375E-002
  4.496790946660659E-002
  4.448416953308608E-002
  4.450371142613787E-002
  4.444386201742880E-002
  4.467222189976355E-002
  4.443444429151954E-002
  4.484870558527098E-002
  4.511182720038244E-002
  4.488573686526065E-002
  4.466713709476070E-002
  4.480148871604830E-002
  4.454080717552043E-002
  4.469783279614298E-002
  4.469162013297401E-002
  4.481437997993565E-002
  4.501954032520943E-002
  4.498203076734004E-002
  4.407992817191508E-002
  4.439238242487614E-002
  4.464696855596860E-002
  4.464538760536394E-002
  4.460324328600138E-002
  4.436859922842250E-002
  4.502972673273324E-002
  4.457086428345853E-002
  4.451514139644374E-002
  4.464068242126589E-002
  4.447288556124633E-002
  4.518738840263028E-002
  4.491111277747430E-002
  4.461230195617374E-002
  4.479176593850134E-002
  4.489493331965082E-002
  4.448615061762960E-002
  4.483209112695404E-002
  4.454062155223016E-002
  4.462820158330812E-002
  4.481014571828189E-002
  4.448484955920192E-002
  4.513968633583713E-002
  4.481268554857678E-002
  4.461220541968264E-002
  4.435186112680532E-002
  4.447163795148275E-002
  4.468529232436650E-002
  4.450733815512677E-002
  4.488758574067005E-002
  4.459042034250889E-002
  4.520509202000130E-002
  4.500273000150876E-002
  4.439158263108309E-002
  4.490272364547457E-002
  4.447381535778763E-002
  4.468253827994469E-002
  4.460684608863624E-002
  4.468479852123756E-002
  4.492712854159429E-002
  4.481014257961443E-002
  4.463192046467364E-002
  4.474923099162727E-002
  4.439113760101682E-002
  4.484082182385428E-002
  4.422762736506599E-002
  4.454788340979220E-002
  4.404120500950745E-002
  4.504104964478037E-002
  4.474964403494600E-002
  4.467973763724276E-002
  4.449150922710218E-002
  4.461629705082547E-002
  4.478708151462018E-002
  4.503033812831572E-002
  4.458015388730869E-002
  4.440640659768694E-002
  4.510798051596871E-002
  4.469123588775292E-002
  4.453698710375511E-002
  4.500673368263147E-002
  4.461310571941988E-002
  4.467532810928250E-002
  4.494237738717322E-002
  4.434505519378040E-002
  4.398370094420931E-002
  4.476325227677026E-002
  4.436476588649350E-002
  4.462478528368496E-002
  4.468157229269684E-002
  4.476517639594623E-002
  4.481459238605064E-002
  4.486709164222088E-002
  4.461792290889923E-002
  4.445458431793810E-002
  4.446403128092798E-002
  4.459028955207030E-002
  4.468539715380378E-002
  4.485353432849212E-002
  4.487838034770152E-002
  4.459566325698648E-002
  4.469489676110797E-002
  4.486750104773891E-002
  4.485903908584889E-002
  4.455296240160939E-002
  4.496820157315170E-002
  4.470084197481915E-002
  4.483169751912724E-002
  4.469840227469275E-002
  4.433710929793698E-002
  4.488915416165630E-002
  4.476458244617752E-002
  4.482955596774747E-002
  4.481018833238180E-002
  4.478934524271175E-002
  4.476988800347644E-002
  4.485951242026316E-002
  4.437084781114960E-002
  4.477625608151103E-002
  4.423013888445913E-002
  4.511906324910124E-002
  4.443034750850006E-002
  4.501902680398397E-002
  4.498043953090627E-002
  4.452855277771744E-002
  4.450548131845385E-002
  4.439081784553894E-002
  4.483520301998056E-002
  4.499973422821241E-002
  4.513579308125170E-002
  4.452581740218898E-002
  4.450594271712471E-002
  4.494293656117770E-002
  4.435832746281126E-002
  4.454238582353977E-002
  4.497727532729839E-002
  4.497706931744178E-002
  4.481601688234753E-002
  4.449330251049080E-002
  4.483545032166335E-002
  4.477077803565636E-002
  4.437819276486066E-002
  4.418061822403419E-002
  4.482764968967974E-002
  4.453616864934083E-002
  4.516123769065174E-002
  4.459600009174681E-002
  4.435018515197017E-002
  4.443801738738672E-002
  4.462972351036531E-002
  4.498438681924078E-002
  4.485448050601941E-002
  4.491656811691269E-002
  4.503932368909425E-002
  4.475890091770787E-002
  4.489315050542585E-002
  4.500717082751012E-002
  4.482854743598669E-002
  4.442975585497155E-002
  4.448246185367630E-002
  4.471671643330823E-002
  4.478661120253589E-002
  4.457323632387959E-002
  4.469249721170185E-002
  4.431247986622201E-002
  4.439582913122710E-002
  4.491033376692758E-002
  4.419837740007414E-002
  4.495154597788391E-002
  4.429871174455019E-002
  4.415612551189559E-002
  4.451157884219147E-002
  4.423547933907768E-002
  4.472640499448741E-002
  4.442986315534647E-002
  4.438169159682970E-002
  4.488868662142234E-002
  4.478593830987159E-002
  4.452415169978861E-002
  4.466561210626310E-002
  4.453439037681109E-002
  4.456892554021006E-002
  4.478001511937618E-002
  4.463478727045173E-002
  4.454405121443348E-002
  4.457977112269123E-002
  4.494909041118988E-002
  4.467574917045400E-002
  4.494441960698749E-002
  4.508598370090160E-002
  4.464200568494740E-002
  4.469534537075377E-002
  4.470036081052128E-002
  4.449856414911135E-002
  4.490722858542565E-002
  4.441350154008308E-002
  4.498371344014466E-002
  4.448172590633359E-002
  4.493114082644246E-002
  4.450068222671607E-002
  4.441882983096281E-002
  4.466829536505554E-002
  4.461361522532455E-002
  4.488512705784189E-002
  4.471952508248446E-002
  4.501065456885087E-002
  4.445196014417369E-002
  4.437963816272058E-002
  4.499567013132821E-002
  4.472042508799155E-002
  4.439582569430037E-002
  4.417969626599641E-002
  4.450940352554338E-002
  4.503514063414052E-002
  4.438805155326963E-002
  4.470384665895745E-002
  4.474319981746483E-002
  4.464889805088025E-002
  4.477497894602209E-002
  4.505430847394375E-002
  4.465467406619432E-002
  4.469557043069770E-002
  4.466995903802130E-002
  4.498367682531154E-002
  4.470577134478817E-002
  4.465596522150126E-002
  4.492386374043286E-002
  4.485562084891444E-002
  4.469020316069967E-002
  4.461073791039443E-002
  4.495023822010592E-002
  4.485236712303156E-002
  4.454568422110793E-002
  4.481772898224147E-002
  4.454704292935614E-002
  4.507845011146742E-002
  4.447315911519955E-002
  4.449778878202971E-002
  4.478103863560019E-002
  4.459182314868452E-002
  4.441036127629450E-002
  4.469360248967093E-002
  4.486604346418060E-002
  4.434093327408670E-002
  4.444717609494474E-002
  4.417571570301574E-002
  4.453305374360627E-002
  4.507453304587407E-002
  4.448795123485214E-002
  4.445254137445698E-002
  4.452397331849319E-002
  4.486997335566160E-002
  4.452724323423291E-002
  4.435588978477024E-002
  4.472711486953657E-002
  4.451432753794197E-002
  4.471968000914835E-002
  4.479642926066747E-002
  4.467786865021346E-002
  4.449405311239303E-002
  4.447781576486189E-002
  4.458290485653432E-002
  4.456438058774004E-002
  4.444539601748712E-002
  4.492650202887700E-002
  4.524560210186167E-002
  4.482227705629712E-002
  4.499139629135993E-002
  4.458434530420594E-002
  4.482789087299101E-002
  4.465986972751380E-002
  4.431844955150656E-002
  4.472012106332483E-002
  4.492062745029711E-002
  4.446159990780788E-002
  4.481921817365062E-002
  4.486420230023385E-002
  4.471545301289143E-002
  4.416559902141300E-002
  4.487388191284531E-002
  4.519421743475688E-002
  4.435872481608901E-002
  4.496094583212767E-002
  4.466572131946180E-002
  4.468328565605741E-002
  4.441170904418735E-002
  4.458320524540387E-002
  4.487230627686811E-002
  4.463448808470338E-002
  4.466426314293675E-002
  4.435191289601378E-002
  4.452956327405802E-002
  4.453801780144676E-002
  4.441939308525931E-002
  4.435998377957333E-002
  4.504150223642031E-002
  4.485083466737232E-002
  4.506515753304797E-002
  4.461918059555308E-002
  4.461571211361711E-002
  4.404565114233334E-002
  4.471916976017409E-002
  4.510312710806005E-002
  4.552444033514033E-002
  4.490328603969459E-002
  4.471379473603818E-002
  4.504032662622424E-002
  4.478994437962576E-002
  4.484790457636922E-002
  4.483197974473456E-002
  4.415094228554948E-002
  4.417707627499769E-002
  4.512153003827015E-002
  4.444763447168282E-002
  4.450948511330893E-002
  4.442368661484884E-002
  4.478929011471626E-002
  4.508676108591798E-002
  4.459674326268139E-002
  4.516840030877381E-002
  4.531952188695550E-002
  4.487065765586817E-002
  4.459809629066240E-002
  4.469733055177135E-002
  4.439497767095425E-002
  4.492232283526729E-002
  4.480859113511603E-002
  4.527962647007576E-002
  4.453031922932076E-002
  4.475438025788783E-002
  4.452626130536937E-002
  4.457899186627311E-002
  4.462914315137826E-002
  4.492118205029767E-002
  4.520989477870043E-002
  4.530584793744154E-002
  4.443645309594784E-002
  4.433270846057579E-002
  4.497170783311480E-002
  4.448247875234041E-002
  4.461738825687823E-002
  4.463149859478027E-002
  4.472358266255842E-002
  4.483709950299086E-002
  4.498901287252271E-002
  4.457711715869882E-002
  4.415603853368394E-002
  4.435411205583745E-002
  4.501257516602147E-002
  4.472333809189904E-002
  4.486860384264951E-002
  4.462950231697101E-002
  4.452131029414325E-002
  4.439711211201176E-002
  4.501426045421146E-002
  4.468679449083382E-002
  4.537372120438639E-002
  4.407554638565425E-002
  4.465592590986485E-002
  4.453958840105843E-002
  4.481686794696820E-002
  4.529401562417269E-002
  4.453253229417502E-002
  4.500140195499665E-002
  4.463026120873641E-002
  4.480790197859924E-002
  4.471400227976182E-002
  4.442640828970715E-002
  4.460712632059124E-002
  4.464663737837146E-002
  4.489420042484070E-002
  4.434481666469923E-002
  4.466493242626515E-002
  4.482902201823041E-002
  4.464800871217009E-002
  4.485298544232647E-002
  4.468657016076227E-002
  4.442725055073050E-002
  4.477898949407001E-002
  4.503736555798587E-002
  4.534454929977946E-002
  4.472678946917079E-002
  4.441907302590997E-002
  4.517062156861053E-002
  4.480035152899520E-002
  4.491034679765660E-002
  4.475766129829910E-002
  4.479920272845578E-002
  4.522843949259844E-002
  4.468520124196314E-002
  4.520355866440678E-002
  4.501410781768621E-002
  4.429862399326624E-002
  4.492400474473002E-002
  4.467564928449289E-002
  4.472176962784547E-002
  4.432787671352609E-002
  4.462497264893042E-002
  4.410348875971499E-002
  4.409517363792603E-002
  4.485420898361318E-002
  4.466523965604951E-002
  4.468043965280224E-002
  4.427688761642973E-002
  4.459691891071130E-002
  4.466251726482529E-002
  4.428358120615290E-002
  4.446103795075063E-002
  4.438161805973769E-002
  4.475179583710640E-002
  4.470090411577793E-002
  4.466941663221454E-002
  4.475026672130203E-002
  4.529349820497516E-002
  4.427138054216209E-002
  4.459834501708817E-002
  4.447202780463625E-002
  4.488062783144595E-002
  4.456705549270549E-002
  4.492887489387497E-002
  4.468079114802952E-002
  4.422225695851972E-002
  4.473949141114113E-002
  4.503335743199336E-002
  4.477253442808526E-002
  4.481167135418922E-002
  4.478503878764001E-002
  4.438701983348393E-002
  4.469359516183222E-002
  4.468499082336280E-002
  4.450826017809937E-002
  4.506820900298306E-002
  4.484056569598777E-002
  4.443802147517631E-002
  4.492743509644685E-002
  4.437917142336921E-002
  4.467632253508070E-002
  4.467099517050900E-002
  4.421189528284708E-002
  4.483625557824053E-002
  4.415578452024312E-002
  4.445136581619143E-002
  4.478692301671887E-002
  4.506938676485799E-002
  4.432721000705776E-002
  4.455939916223393E-002
  4.455271563524956E-002
  4.499990413351371E-002
  4.499247677182926E-002
  4.470449846069426E-002
  4.474493159849159E-002
  4.479666392693061E-002
  4.434533123309365E-002
  4.509826547576813E-002
  4.486023019314071E-002
  4.484673246467579E-002
  4.459816406557586E-002
  4.449356623566809E-002
  4.489018938202473E-002
  4.443512369730110E-002
  4.432515508254072E-002
  4.482351636732819E-002
  4.451587743303907E-002
  4.454453505755555E-002
  4.481968627149162E-002
  4.455272599950821E-002
  4.480000307566658E-002
  4.475408331704556E-002
  4.481108770107940E-002
  4.481998357432018E-002
  4.453157455831824E-002
  4.459740734703471E-002
  4.442882979705968E-002
  4.488220630172311E-002
  4.448698841384948E-002
  4.417402177848726E-002
  4.460743283983515E-002
  4.435313302264996E-002
  4.520474256355216E-002
  4.458354250121142E-002
  4.448276961676902E-002
  4.464920051428155E-002
  4.479857118230122E-002
  4.432779287530557E-002
  4.448248717877407E-002
  4.474581503041133E-002
  4.446360665042977E-002
  4.422164252421650E-002
  4.464566894235478E-002
  4.442637960809127E-002
  4.432585091154661E-002
  4.473691209257544E-002
  4.490080357516375E-002
  4.477871925497366E-002
  4.545478038416664E-002
  4.497722808287596E-002
  4.499785351415041E-002
  4.489027584157058E-002
  4.456157779606391E-002
  4.460825455947601E-002
  4.476931448922387E-002
  4.462093151524665E-002
  4.491421221149226E-002
  4.480132394738959E-002
  4.499979622320314E-002
  4.471579699915632E-002
  4.473802139985092E-002
  4.473037438161259E-002
  4.459356471899029E-002
  4.468182310727398E-002
  4.494463173522314E-002
  4.455394087018692E-002
  4.507609813754659E-002
  4.481847445064063E-002
  4.479126612996599E-002
  4.471129331704361E-002
  4.431900135986197E-002
  4.486943125601928E-002
  4.485090032393725E-002
  4.485437434921564E-002
  4.457391070334175E-002
  4.499611885926351E-002
  4.481552198931692E-002
  4.521529062471685E-002
  4.444400495632841E-002
  4.471652825847836E-002
  4.466278699784473E-002
  4.425805735449267E-002
  4.503866176733799E-002
  4.477440344876284E-002
  4.433374948724968E-002
  4.474457633869820E-002
  4.489395540706780E-002
  4.491111067478369E-002
  4.459972443294984E-002
  4.459710381312111E-002
  4.525208513299592E-002
  4.446474712513729E-002
  4.504900288380269E-002
  4.449624795132507E-002
  4.477293625669929E-002
  4.470135483748177E-002
  4.487075914608001E-002
  4.487345940999357E-002
  4.461803243773455E-002
  4.489679067979797E-002
  4.450704079639486E-002
  4.434791794331039E-002
  4.447105339613855E-002
  4.464608969669557E-002
  4.494838879937709E-002
  4.465779625743505E-002
  4.479250121719251E-002
  4.497913558167843E-002
  4.475313057806848E-002
  4.451098403337937E-002
  4.455268278120723E-002
  4.471034488806800E-002
  4.483304703673387E-002
  4.504613477698149E-002
  4.503918644077144E-002
  4.481160764837139E-002
  4.479377645940553E-002
  4.437821065335491E-002
  4.477088331644798E-002
  4.436608449635768E-002
  4.536403070027419E-002
  4.459307820912118E-002
  4.472861246353065E-002
  4.460942646078860E-002
  4.465043095590845E-002
  4.454007606057114E-002
  4.461045626508323E-002
  4.473862629740817E-002
  4.508099727352252E-002
  4.477735764576206E-002
  4.483143385639579E-002
  4.471038453454692E-002
  4.543654506306465E-002
  4.480050396882956E-002
  4.490271334368873E-002
  4.499361399706721E-002
  4.450223986228050E-002
  4.441937359303355E-002
  4.468100550860568E-002
  4.444959489125022E-002
  4.462256423552893E-002
  4.429562103250283E-002
  4.483869940253658E-002
  4.488725836077088E-002
  4.453771071953032E-002
  4.494089854431619E-002
  4.462360025762500E-002
  4.455824418878710E-002
  4.468618696192882E-002
  4.468823231881524E-002
  4.514839648878662E-002
  4.484733530695982E-002
  4.476602971819040E-002
  4.476207370537001E-002
  4.458891657059448E-002
  4.476075728603090E-002
  4.436558557238860E-002
  4.493474710968866E-002
  4.470479680968035E-002
  4.475526166984405E-002
  4.439887497087518E-002
  4.529937360414839E-002
  4.456282096733941E-002
  4.536485052486031E-002
  4.485047561150506E-002
  4.495469548254848E-002
  4.479573993623311E-002
  4.461589345712823E-002
  4.459692875734687E-002
  4.457855818252131E-002
  4.479747302015961E-002
  4.431731945847305E-002
  4.452589325028050E-002
  4.465468772376571E-002
  4.450511073164120E-002
  4.475600599035957E-002
  4.488610967966542E-002
  4.457079772256550E-002
  4.425358181349724E-002
  4.446538620091357E-002
  4.465331959979952E-002
  4.473047405753408E-002
  4.471977153024687E-002
  4.449511581855543E-002
  4.483535333967772E-002
  4.497569751859073E-002
  4.452045952216948E-002
  4.485053161443783E-002
  4.442813070304241E-002
  4.456909249615365E-002
  4.469721385900944E-002
  4.436119088079254E-002
  4.467604536304624E-002
  4.455589964263013E-002
  4.442672136262120E-002
  4.453595076218286E-002
  4.472142556263185E-002
  4.452735959726103E-002
  4.503573180111468E-002
  4.492622092112705E-002
  4.454351318538079E-002
  4.453593961508147E-002
  4.471683034250757E-002
  4.449788477075709E-002
  4.453958124845822E-002
  4.454285754951953E-002
  4.459284436629329E-002
  4.470399389740719E-002
  4.480647777339423E-002
  4.472952474065353E-002
  4.509958866975056E-002
  4.488677626673606E-002
  4.477845426062502E-002
  4.454810170660623E-002
  4.444682246467153E-002
  4.436954687318851E-002
  4.439375596989588E-002
  4.462760713650806E-002
  4.479615078513959E-002
  4.488815060419813E-002
  4.477922177720389E-002
  4.448545908284187E-002
  4.480712875003253E-002
  4.479121918723096E-002
  4.449349929890773E-002
  4.441919339437288E-002
  4.475482136283040E-002
  4.463429401268540E-002
  4.473102577439356E-002
  4.513575076071811E-002
  4.481295299729790E-002
  4.507247555990428E-002
  4.499818235589884E-002
  4.451986979288075E-002
  4.478058940195971E-002
  4.475486659203096E-002
  4.474831348993269E-002
  4.480225156686340E-002
  4.442986231834428E-002
  4.456921531462733E-002
  4.465065466632661E-002
  4.479051689571147E-002
  4.501396784817614E-002
  4.426426342318652E-002
  4.461916826600057E-002
