 sig_xi =   0.100000000000002     
 size_data =          200
 Ndraws =      1000000
 INFO_HESS =            1
 multiplier   10.0000000000000     
 acceptance      556330
 acceptance_all           0        5529       11234       16698       22247
       27996       33582       39204       44817       50312       55808
       61340       66756       72307       77818       83462       89111
       94665      100306      105828      111522      117136      122652
      128189      133733      139226      144899      150497      156045
      161639      167085      172552      178137      183635      189201
      194839      200462      205970      211645      217245      222705
      228277      233862      239458      245010      250620      256145
      261592      267093      272743      278144      283595      289179
      294584      300240      305682      311314      316902      322408
      327901      333629      339200      344877      350370      355994
      361617      367125      372726      378313      383794      389307
      394707      400255      405871      411468      416974      422590
      428148      433697      439124      444647      450191      455857
      461489      467124      472709      478213      483755      489410
      494997      500581      506062      511680      517377      522984
      528617      534110      539650      545114      550690
 x0 =   0.633561707336617       0.365070575891513       0.118421308674365     
  0.613028026282643       0.711784468530847       0.709775414860710     
  0.609525664088551       0.567154446675224        1.44835094948453     
   1.82045391744631     
 Ln_x0  -1.88374841143876     
 Ln_xlast=  -2.35199778316252     
