 sig_xi =   5.000000000000041E-002
 size_data =          200
 Ndraws =      1000000
 INFO_HESS =            1
 multiplier   100.000000000000     
 acceptance      328619
 acceptance_all           0        3282        6650        9917       13337
       16513       19834       23118       26441       29721       33113
       36451       39741       43117       46385       49609       52686
       56010       59252       62506       65812       69091       72388
       75676       78924       82139       85344       88621       91880
       95149       98510      101674      104919      108299      111599
      114917      118159      121428      124715      127907      131192
      134579      137895      141119      144252      147440      150734
      153962      157186      160448      163710      167071      170444
      173816      177076      180352      183566      186900      190156
      193601      196996      200223      203552      206804      210109
      213452      216786      220008      223208      226533      229866
      233200      236634      239944      243178      246468      249671
      252933      256269      259528      262723      266069      269272
      272560      275873      279167      282455      285652      289012
      292366      295710      299018      302371      305620      308953
      312284      315607      318942      322256      325440
 x0 =   0.633561707336617       0.365070575891513       0.118421308674365     
  0.613028026282643       0.711784468530847       0.709775414860710     
  0.609525664088551       0.567154446675224        1.44835094948453     
   1.82045391744631     
 Ln_x0  -1.88374841143876     
 Ln_xlast=  -1.94087635634369     
