 sig_xi =   0.299999999999983     
 size_data =          200
 Ndraws =      1000000
 INFO_HESS =            1
 multiplier   1.00000000000000     
 acceptance      408658
 acceptance_all           0        4141        8663       12607       16522
       20564       24406       28302       32407       35974       39404
       42908       46806       50068       54024       58630       63213
       67572       71354       75508       79001       83386       88056
       91935       96181      100762      105209      109552      113886
      118157      122247      126074      129732      133123      136648
      141004      145194      149702      153536      157295      161657
      165653      170176      173758      178106      182494      186802
      191164      195424      199812      203716      207598      211889
      216251      220854      224473      228475      232660      236666
      240541      244394      248640      252868      256665      261225
      265443      269795      274474      279100      283260      286963
      291431      295453      299532      303707      308108      312391
      315745      319541      323630      328028      332306      336429
      338755      342148      346994      351188      355927      359560
      364065      368369      372347      375576      380027      384082
      388156      391700      395682      399790      404121
 x0 =   0.633561707336617       0.365070575891513       0.118421308674365     
  0.613028026282643       0.711784468530847       0.709775414860710     
  0.609525664088551       0.567154446675224        1.44835094948453     
   1.82045391744631     
 Ln_x0  -1.88374841143876     
 Ln_xlast=  -9.69556251339203     
