 sig_xi =   9.999999999999995E-003
 size_data =          200
 Ndraws =      1000000
 INFO_HESS =            1
 multiplier   1000.00000000000     
 acceptance      398363
 acceptance_all           0        4029        8072       12177       16049
       20124       24056       27969       31886       35796       39756
       43798       47757       51756       55664       59713       63716
       67699       71753       75755       79642       83630       87478
       91349       95261       99261      103231      107195      111212
      115155      119210      123222      127206      131112      135054
      139042      143009      147065      151187      155190      159275
      163332      167319      171357      175302      179275      183203
      187227      191375      195329      199281      203208      207331
      211422      215347      219312      223307      227238      231139
      235128      239034      243054      246860      250892      254838
      258766      262727      266656      270587      274581      278557
      282448      286456      290424      294490      298466      302451
      306306      310309      314302      318273      322142      326249
      330264      334208      338248      342182      346139      350155
      354192      358167      362300      366428      370399      374488
      378474      382404      386310      390244      394327
 x0 =   0.633660299622823       0.364941814934416       0.120832200596539     
  0.609161227197735       0.711688247244080       0.709453458399647     
  0.609053410782896       0.571140644755480        1.45097289311941     
   1.81707717782206     
 Ln_x0  -1.88397701993942     
 Ln_xlast=  -1.89247548397034     
