  0.150758735143400     
 -7.060334216393553E-002
  8.885904323972679E-002
 -5.181355633295740E-002
  4.493701453296359E-002
  2.828199019985922E-002
  4.697725519636416E-003
  6.633647372380777E-002
  0.117093612147497     
 -2.768933444153585E-002
 -7.060334216393553E-002
  0.196751294790191     
 -5.623994709778215E-002
  0.184316771252056     
 -2.478542910657158E-002
 -7.428585385503714E-002
  7.516222546706325E-004
  0.348663344670711     
  0.460932177431074     
  0.154809206739645     
  8.885904323972679E-002
 -5.623994709778215E-002
  0.493100286821539     
 -0.661705575644824     
 -5.307366553473813E-002
  3.995588353443214E-003
 -8.485745258163604E-002
  0.873148128899617     
  0.380152995827174     
 -0.520776003143260     
 -5.181355633295740E-002
  0.184316771252056     
 -0.661705575644824     
   1.25817593205979     
  5.755022699536427E-002
 -4.890884946184475E-002
  0.111751235914197     
 -0.795424528286119     
  9.104105924080191E-002
   1.15248371994700     
  4.493701453296359E-002
 -2.478542910657158E-002
 -5.307366553473813E-002
  5.755022699536427E-002
  8.053567965250216E-002
 -2.826896756949947E-002
  1.658750949772614E-002
 -0.269395910702217     
  0.122061999111131     
  3.697897423890519E-002
  2.828199019985922E-002
 -7.428585385503714E-002
  3.995588353443214E-003
 -4.890884946184475E-002
 -2.826896756949947E-002
  0.107156756938597     
 -1.432682754791499E-004
 -6.644298427134931E-002
 -0.619620673193562     
 -3.482737141531220E-002
  4.697725519636416E-003
  7.516222546706325E-004
 -8.485745258163604E-002
  0.111751235914197     
  1.658750949772614E-002
 -1.432682754791499E-004
  0.143898481653484     
 -0.153340088757502     
 -4.731500927635998E-002
 -0.594074882271984     
  6.633647372380777E-002
  0.348663344670711     
  0.873148128899617     
 -0.795424528286119     
 -0.269395910702217     
 -6.644298427134931E-002
 -0.153340088757502     
   2.98033553947957     
   1.43576223859447     
 -0.612836474779079     
  0.117093612147497     
  0.460932177431074     
  0.380152995827174     
  9.104105924080190E-002
  0.122061999111131     
 -0.619620673193562     
 -4.731500927635998E-002
   1.43576223859447     
   5.09188141043280     
  0.245870993255972     
 -2.768933444153585E-002
  0.154809206739645     
 -0.520776003143260     
   1.15248371994700     
  3.697897423890519E-002
 -3.482737141531220E-002
 -0.594074882271984     
 -0.612836474779079     
  0.245870993255972     
   5.13963019045951     
