   2.73190040965938     
   1.28024247426988     
   2.04122849883657     
  0.224822927638684     
  0.448360389757839     
 -0.441766130677365     
  0.199144306754253     
   8.64842910170936     
   4.68419360859189     
  4.683327976861327E-002
   1.28024247426988     
   32.9876936502546     
 -0.485297588662806     
   8.38468184250206     
  -1.32888911558866     
  -3.29616321212205     
  0.654047687721644     
   98.0582556771190     
   25.2976834361480     
   1.87162052069045     
   2.04122849883657     
 -0.485297588662806     
   19.7298872212564     
  -10.2690843415998     
  0.143482582911131     
  -1.82972053495909     
  -1.14059260951045     
   32.9677055191068     
   11.1850621481428     
  -8.33636771089433     
  0.224822927638684     
   8.38468184250206     
  -10.2690843415998     
   11.6850868551015     
 -0.570921934198251     
  3.957602282655310E-003
   1.09014404299614     
   8.91426713388779     
   3.59764811072864     
   8.44871525629116     
  0.448360389757839     
  -1.32888911558866     
  0.143482582911131     
 -0.570921934198251     
  0.413520928375197     
 -0.182111949074482     
  2.607105279476529E-002
  -4.56464001511779     
  0.332739829826974     
 -0.295660302758426     
 -0.441766130677365     
  -3.29616321212205     
  -1.82972053495909     
  3.957602282655310E-003
 -0.182111949074482     
   2.55572578159068     
  2.167181458409703E-002
  -11.6972635241993     
  -13.6245170876010     
  0.442768130558269     
  0.199144306754253     
  0.654047687721644     
  -1.14059260951045     
   1.09014404299614     
  2.607105279476529E-002
  2.167181458409703E-002
   2.32062160329700     
  0.574235799703537     
 -0.565883467055212     
  -8.65418870286203     
   8.64842910170936     
   98.0582556771190     
   32.9677055191068     
   8.91426713388779     
  -4.56464001511779     
  -11.6972635241993     
  0.574235799703537     
   362.204975258688     
   88.8580440597438     
  -8.36306442920872     
   4.68419360859189     
   25.2976834361480     
   11.1850621481428     
   3.59764811072864     
  0.332739829826974     
  -13.6245170876010     
 -0.565883467055213     
   88.8580440597438     
   103.452866480657     
   4.49069387628604     
  4.683327976861317E-002
   1.87162052069045     
  -8.33636771089433     
   8.44871525629116     
 -0.295660302758426     
  0.442768130558269     
  -8.65418870286203     
  -8.36306442920872     
   4.49069387628603     
   55.1880118545295     
