  1.187014415836032E-002
 -9.857280088698623E-003
  7.137261879426152E-003
 -8.534043843578842E-003
  3.512533707347217E-003
  4.492945390395966E-003
  3.535601389797106E-005
 -3.730878631577812E-003
 -7.684790093404659E-003
 -4.687038243029057E-003
 -9.857280088698623E-003
  1.232129294744935E-002
 -6.478841379745798E-003
  1.216225782421053E-002
 -2.766826873410829E-003
 -5.395424935141222E-003
  2.159961736077455E-004
  1.183451052764866E-002
  2.089616221919436E-002
  8.119045137143965E-003
  7.137261879426152E-003
 -6.478841379745798E-003
  4.279371304756026E-002
 -6.360639314257260E-002
 -6.832613607258367E-003
  2.422636189700647E-003
 -8.705830231949712E-003
  7.613180209408515E-002
  2.186685733631039E-002
 -4.685608426179642E-002
 -8.534043843578842E-003
  1.216225782421053E-002
 -6.360639314257260E-002
  0.118345694143514     
  6.994588628158800E-003
 -5.125753590871147E-003
  1.112534515169400E-002
 -9.933535035558537E-002
 -6.665756452113021E-003
  0.106085896336333     
  3.512533707347217E-003
 -2.766826873410829E-003
 -6.832613607258367E-003
  6.994588628158800E-003
  9.586955871903953E-003
 -3.015530667254556E-003
  2.217173927562178E-003
 -3.322625951817933E-002
  8.999301646677896E-003
  2.606112043665780E-003
  4.492945390395966E-003
 -5.395424935141222E-003
  2.422636189700647E-003
 -5.125753590871147E-003
 -3.015530667254556E-003
  9.026469292874607E-003
 -7.113583465119436E-004
  3.599207784423152E-003
 -4.659119381908313E-002
 -7.537613189110004E-004
  3.535601389797106E-005
  2.159961736077455E-004
 -8.705830231949712E-003
  1.112534515169400E-002
  2.217173927562178E-003
 -7.113583465119436E-004
  1.363607457415028E-002
 -1.706711094299492E-002
 -2.616916904099263E-003
 -5.693834503347919E-002
 -3.730878631577812E-003
  1.183451052764866E-002
  7.613180209408515E-002
 -9.933535035558537E-002
 -3.322625951817933E-002
  3.599207784423152E-003
 -1.706711094299492E-002
  0.220232515651567     
  4.183966844805734E-002
 -7.296066983710711E-002
 -7.684790093404659E-003
  2.089616221919436E-002
  2.186685733631040E-002
 -6.665756452113018E-003
  8.999301646677896E-003
 -4.659119381908313E-002
 -2.616916904099264E-003
  4.183966844805732E-002
  0.344798387612648     
 -2.844313054770978E-003
 -4.687038243029058E-003
  8.119045137143965E-003
 -4.685608426179642E-002
  0.106085896336333     
  2.606112043665781E-003
 -7.537613189110004E-004
 -5.693834503347920E-002
 -7.296066983710711E-002
 -2.844313054770977E-003
  0.493537024072413     
