  1.069664103641207E-003
 -1.055982276259399E-003
  5.988449440851668E-004
 -8.767702399429108E-004
  3.268347121431492E-004
  4.754973179371394E-004
  2.672761576269267E-005
 -8.269893591931865E-004
 -1.315987079612799E-003
 -6.242012061062818E-004
 -1.055982276259399E-003
  1.098404803277549E-003
 -6.673176135470960E-004
  1.047051545140732E-003
 -3.041694924122835E-004
 -4.931417344746277E-004
 -8.416375221173521E-006
  7.920642237130979E-004
  1.458777948947089E-003
  7.628878196126215E-004
  5.988449440851668E-004
 -6.673176135470960E-004
  4.248997546178213E-003
 -6.606485978623280E-003
 -7.097674535737646E-004
  2.689147452293646E-004
 -9.004291866233239E-004
  7.359548906662268E-003
  1.790420864158500E-003
 -4.826701569012142E-003
 -8.767702399429108E-004
  1.047051545140732E-003
 -6.606485978623280E-003
  1.215886257115953E-002
  7.425582419583291E-004
 -5.011378380214109E-004
  1.179357628268031E-003
 -1.078926498160246E-002
 -1.286701661628433E-003
  1.067986479833367E-002
  3.268347121431492E-004
 -3.041694924122835E-004
 -7.097674535737646E-004
  7.425582419583291E-004
  9.725111556896201E-004
 -3.126968300174101E-004
  2.319829150426373E-004
 -3.453751220860867E-003
  8.573243296283793E-004
  2.728034202163607E-004
  4.754973179371394E-004
 -4.931417344746277E-004
  2.689147452293646E-004
 -5.011378380214109E-004
 -3.126968300174101E-004
  8.859333203799722E-004
 -6.655345989033217E-005
  5.634374246687296E-004
 -4.418390117555706E-003
 -9.729306901544355E-005
  2.672761576269267E-005
 -8.416375221173521E-006
 -9.004291866233239E-004
  1.179357628268031E-003
  2.319829150426373E-004
 -6.655345989033217E-005
  1.369586440963797E-003
 -1.798812737112450E-003
 -3.081389164371574E-004
 -5.641334395745698E-003
 -8.269893591931865E-004
  7.920642237130979E-004
  7.359548906662268E-003
 -1.078926498160246E-002
 -3.453751220860867E-003
  5.634374246687296E-004
 -1.798812737112450E-003
  2.014802171648714E-002
  1.396585298014409E-003
 -7.865209772850087E-003
 -1.315987079612799E-003
  1.458777948947089E-003
  1.790420864158500E-003
 -1.286701661628433E-003
  8.573243296283788E-004
 -4.418390117555706E-003
 -3.081389164371573E-004
  1.396585298014409E-003
  3.061169513413598E-002
 -7.891430866219184E-004
 -6.242012061062819E-004
  7.628878196126215E-004
 -4.826701569012142E-003
  1.067986479833367E-002
  2.728034202163608E-004
 -9.729306901544355E-005
 -5.641334395745698E-003
 -7.865209772850087E-003
 -7.891430866219184E-004
  4.913078190144272E-002
