  0.768894269044269     
 -0.785814132426166     
  0.395151252401423     
 -0.547960748832603     
  1.314951011846617E-002
  0.176814533463679     
 -0.445399873382107     
 -0.708209687810067     
  0.571525292867547     
   2.20997793143580     
 -0.785814132426163     
  0.831702949858457     
 -0.580425526168116     
   1.05612602125047     
 -5.714217988245817E-002
 -0.230815118728402     
  0.555376541470901     
  0.421666780767717     
 -0.406240435568768     
  -1.98945754115388     
  0.395151252401408     
 -0.580425526168114     
   1.65855219102079     
  -3.77045106418221     
  0.176730094766515     
  0.351037426930559     
  -1.25133787496714     
   2.35929638450499     
 -0.774574899164004     
  3.414441081710982E-002
 -0.547960748832588     
   1.05612602125046     
  -3.77045106418218     
   13.2147026134121     
 -0.860263027102193     
  -1.30266713948455     
   3.11752964918033     
  -6.16290046857676     
   6.09258280802508     
   4.73150265312820     
  1.314951011846706E-002
 -5.714217988245218E-002
  0.176730094766508     
 -0.860263027102178     
  0.615651949199369     
  0.536226557389333     
  0.156682788585339     
 -0.773059975081191     
  -4.05412260401859     
  -2.26989715599535     
  0.176814533463675     
 -0.230815118728400     
  0.351037426930556     
  -1.30266713948452     
  0.536226557389340     
  0.698096289693502     
 -0.175891799944417     
 -0.578268525728620     
  -4.54916899150564     
  -1.38323058041337     
 -0.445399873382105     
  0.555376541470901     
  -1.25133787496714     
   3.11752964918035     
  0.156682788585340     
 -0.175891799944418     
   1.77992880772782     
  -2.04095461935004     
 -0.272406504294184     
  -3.01704159715152     
 -0.708209687810092     
  0.421666780767706     
   2.35929638450500     
  -6.16290046857679     
 -0.773059975081178     
 -0.578268525728606     
  -2.04095461935001     
   8.44608254804563     
   4.31896649675071     
  -1.04795452350358     
  0.571525292867555     
 -0.406240435568757     
 -0.774574899164008     
   6.09258280802508     
  -4.05412260401862     
  -4.54916899150564     
 -0.272406504294170     
   4.31896649675074     
   37.6430710469899     
   15.1596715482452     
   2.20997793143583     
  -1.98945754115390     
  3.414441081709980E-002
   4.73150265312817     
  -2.26989715599534     
  -1.38323058041335     
  -3.01704159715152     
  -1.04795452350376     
   15.1596715482450     
   25.4713224834207     
