  0.583472205598459     
 -0.588995650327854     
  9.333051230477954E-002
 -0.361593103422755     
  3.759753682879105E-003
  0.210233041555046     
 -0.316224871112783     
  -1.15600421950772     
 -0.270922314448410     
   1.51663973725966     
 -0.588995650327865     
   1.79453861531263     
  -2.13641775227250     
   4.02668817316842     
  -1.14509513771515     
 -0.890838216855615     
  0.505769997059310     
  0.619622758636573     
   4.16923364448734     
   1.87501273782308     
  9.333051230478308E-002
  -2.13641775227248     
   4.10575054155118     
  -7.54547824888940     
   2.02413747868535     
   1.23545213665068     
 -0.987389668420140     
   2.02531477484802     
  -7.75312646285038     
  -5.53299695833226     
 -0.361593103422759     
   4.02668817316845     
  -7.54547824888938     
   20.4194095593219     
  -3.11887546013066     
  -2.32566231224791     
   3.85437795767920     
  -5.28847557876423     
   13.7367068617201     
   9.66877498214595     
  3.759753682879916E-003
  -1.14509513771515     
   2.02413747868533     
  -3.11887546013063     
   2.06340597140750     
   1.20472803419273     
  0.499106671248474     
 -0.866713469489442     
  -8.77690181214694     
  -6.14566989574802     
  0.210233041555042     
 -0.890838216855610     
   1.23545213665069     
  -2.32566231224792     
   1.20472803419273     
  0.963817832922786     
 -2.535306602722102E-002
 -0.939151971451108     
  -6.30186342061074     
  -2.87201975672951     
 -0.316224871112787     
  0.505769997059315     
 -0.987389668420140     
   3.85437795767920     
  0.499106671248477     
 -2.535306602722319E-002
   2.48305401619849     
  -1.97594935078760     
 -0.925779608070277     
  -4.42917485231662     
  -1.15600421950772     
  0.619622758636448     
   2.02531477484801     
  -5.28847557876428     
 -0.866713469489380     
 -0.939151971451066     
  -1.97594935078760     
   8.74865477014191     
   4.60048678997903     
 -0.707260314619942     
 -0.270922314448400     
   4.16923364448740     
  -7.75312646285026     
   13.7367068617203     
  -8.77690181214692     
  -6.30186342061072     
 -0.925779608070300     
   4.60048678997907     
   47.7533663989118     
   24.0127155403674     
   1.51663973725962     
   1.87501273782310     
  -5.53299695833232     
   9.66877498214591     
  -6.14566989574803     
  -2.87201975672952     
  -4.42917485231662     
 -0.707260314620051     
   24.0127155403674     
   33.3221085393022     
