   52.0841453119780     
  -15.8654258102231     
   200.887485604059     
  -107.631055764074     
   43.6095126716413     
  -29.4591480715469     
   8.38807418462745     
   335.936548027079     
   111.768349502492     
  -111.340711067496     
  -15.8654258102229     
   50.9173264092912     
  -60.9847361271480     
   33.2877401825759     
  -14.3983800498343     
   5.87806433232237     
 -0.490267750443736     
   33.3131086807774     
  -29.2905909569857     
   11.3754150335377     
   200.887485604059     
  -60.9847361271435     
   796.972940875148     
  -446.422337474510     
   170.333163038712     
  -115.729106216592     
   22.2216168730440     
   1357.38588330551     
   436.761174591715     
  -435.872248470533     
  -107.631055764074     
   33.2877401825765     
  -446.422337474511     
   294.712550118146     
  -94.4463415096034     
   61.6395000255197     
   3.73652385885104     
  -790.562323453731     
  -228.484080867624     
   244.780100882697     
   43.6095126716413     
  -14.3983800498335     
   170.333163038712     
  -94.4463415096035     
   36.9293116649428     
  -24.6169030104234     
   5.58333790981200     
   283.405690780182     
   93.4868191178416     
  -93.5214083573185     
  -29.4591480715468     
   5.87806433232272     
  -115.729106216591     
   61.6395000255195     
  -24.6169030104234     
   17.6720890312046     
  -5.05598884785970     
  -205.540456942460     
  -67.0168114936697     
   65.7676210148774     
   8.38807418462746     
 -0.490267750443800     
   22.2216168730441     
   3.73652385885100     
   5.58333790981201     
  -5.05598884785970     
   11.8512627713945     
   34.1266735745902     
   23.2074196408084     
  -23.4052004782693     
   335.936548027078     
   33.3131086807780     
   1357.38588330551     
  -790.562323453730     
   283.405690780181     
  -205.540456942462     
   34.1266735745901     
   2757.26920052536     
   757.734331372908     
  -814.267329371576     
   111.768349502490     
  -29.2905909569852     
   436.761174591708     
  -228.484080867622     
   93.4868191178408     
  -67.0168114936691     
   23.2074196408084     
   757.734331372902     
   263.510514741237     
  -251.977979254682     
  -111.340711067496     
   11.3754150335381     
  -435.872248470533     
   244.780100882698     
  -93.5214083573185     
   65.7676210148777     
  -23.4052004782693     
  -814.267329371574     
  -251.977979254684     
   274.862397737993     
