  0.762544273057753     
 -0.773668087002360     
  0.434180277318468     
 -0.488085977731546     
  3.121133980949211E-002
  0.177306786173478     
 -0.388985499101400     
 -0.617848658611313     
  0.659065455833681     
   1.99261298153234     
 -0.773668087002360     
  0.786450240899361     
 -0.480252183280622     
  0.615680725480757     
 -3.874869331915200E-002
 -0.189650098364110     
  0.424420919167153     
  0.546072643778667     
 -0.631637704742586     
  -1.98146012827661     
  0.434180277318472     
 -0.480252183280618     
   1.45893465347643     
  -3.30321640173096     
  0.173048591224921     
  0.342110192778750     
  -1.17668316454958     
   1.99943295338098     
 -0.678235646183760     
  0.511249864811355     
 -0.488085977731552     
  0.615680725480747     
  -3.30321640173093     
   12.0449656382710     
 -0.838341121883712     
  -1.34330445539046     
   2.87575060799055     
  -5.82046925445366     
   6.45763959862259     
   3.97236186461949     
  3.121133980948711E-002
 -3.874869331915101E-002
  0.173048591224921     
 -0.838341121883708     
  0.511661313396898     
  0.461619021791431     
  0.105116923280063     
 -0.584288047649529     
  -3.44462912010507     
  -1.86121546940917     
  0.177306786173480     
 -0.189650098364108     
  0.342110192778743     
  -1.34330445539045     
  0.461619021791433     
  0.674781686503635     
 -0.215840587145993     
 -0.412724722475907     
  -4.34890904196037     
  -1.17986445903604     
 -0.388985499101406     
  0.424420919167156     
  -1.17668316454958     
   2.87575060799055     
  0.105116923280057     
 -0.215840587145993     
   1.66992988100357     
  -2.04689249806814     
  2.403699938141043E-002
  -2.80150567183060     
 -0.617848658611289     
  0.546072643778652     
   1.99943295338102     
  -5.82046925445378     
 -0.584288047649548     
 -0.412724722475875     
  -2.04689249806819     
   7.39303241832510     
   3.21225943271550     
 -0.375762164530392     
  0.659065455833646     
 -0.631637704742562     
 -0.678235646183750     
   6.45763959862263     
  -3.44462912010513     
  -4.34890904196038     
  2.403699938140842E-002
   3.21225943271569     
   36.1966123245762     
   13.6824726276538     
   1.99261298153234     
  -1.98146012827662     
  0.511249864811352     
   3.97236186461941     
  -1.86121546940919     
  -1.17986445903600     
  -2.80150567183059     
 -0.375762164530255     
   13.6824726276536     
   22.6054296256203     
