  0.293612793087959       0.269980564713478        1.00815749168396     
  0.125234574079514       0.832697927951813       0.497198729077354     
  0.269083946943283       0.243745446205139       0.558844227343798     
 -0.256301999092102       0.290627822279930       0.817414283752441     
  0.964415132999420       0.372262567281723       0.909390836954117     
   1.54177141189575      -0.275902390480042       0.933529704809189     
  0.307855561375618       0.296331450343132       0.824095785617828     
  0.346242904663086       0.866042166948318       0.648726418614388     
   2.00412666797638        1.21887004375458       0.540990062057972     
  0.140470772981644       0.207244992256165       0.582068912684917     
  0.775491982698441       0.855562657117844       0.490629139356315     
   1.51271104812622       0.534308195114136        1.28268039226532     
  0.953185111284256       0.317349791526794        1.10708999633789     
   1.00235611200333       0.373147040605545        1.36132985353470     
 -0.420138478279114      -0.596903920173645      -0.602949619293213     
   1.09660440683365       9.690642356872559E-002  0.195586264133453     
 -7.266521453857422E-002 -0.120335996150970      -0.506874322891235     
   1.49687111377716       4.087120294570923E-002 -0.116845130920410     
  0.211840987205505        1.42468374967575      -3.807049989700317E-002
 -0.224515497684479      -0.453677117824554       0.452432785183191     
 -8.965754508972168E-002  0.494112145621330       0.799081265926361     
  0.300854340195656        1.24089974164963       0.553192820400000     
  0.619714178144932       0.484588625840843       0.246963024139404     
 -9.550833702087402E-002 -0.450604557991028      -2.615481615066528E-002
   1.31527012586594       7.095858454704285E-002  0.702384144067764     
  0.308954134583473       0.314958587288857       0.848377913236618     
 -0.132867217063904       0.490566769614816        1.40187984704971     
  0.569633334875107      -0.503131866455078      -0.612249016761780     
  0.477212680503726       0.435856834053993       0.911038845777512     
  0.815057128667831        1.18366438150406       0.454067450016737     
   1.10775154829025        1.33046382665634       0.969290316104889     
  0.714242100715637       0.256218925118446       0.708905294537544     
  0.382623694837093      -0.464855194091797      -0.135528385639191     
  0.623931199312210       0.336130708456039       0.954630315303802     
  0.378377109766006        1.08982241153717       0.636500746011734     
  0.560150563716888       0.813419580459595       0.998887211084366     
 -0.418078839778900        1.48137724399567       0.528267441317439     
  0.303410544991493       0.341843158006668        1.47103178501129     
  1.191145181655884E-002 -0.224985539913177       8.126306533813477E-002
 -0.346547424793243       0.464671455323696        1.18614959716797     
   1.39232754707336       0.998721212148666       0.534799221903086     
  0.843683540821075       0.494281529914588       0.448741368949413     
   1.20284408330917        1.08876484632492       0.485636800527573     
  0.108390152454376       0.179471909999847        1.05964851379395     
  0.165857046842575       0.224783420562744       0.688441216945648     
  0.972785115242004       0.579324014484882        1.74061191082001     
  0.254930511116982       0.307761266827583       0.435578636825085     
  0.916582792997360       0.907842457294464       0.741534277796745     
  0.516681000590324      -0.585229992866516       0.929463148117065     
 -8.777654170989990E-002   1.20867812633514       0.892663955688477     
  6.762686371803284E-002  0.823586344718933       0.679244711995125     
   1.36662322282791       0.273446410894394       0.836392760276794     
 -0.161582767963409      -0.196433305740356       0.888615995645523     
  0.819891750812531      -0.225637495517731       0.984406709671021     
   1.23482644557953       0.232878267765045       0.597005337476730     
  6.277829408645630E-002  0.980417817831039        1.04346805810928     
  3.089079260826111E-002  0.192091792821884        1.35319364070892     
  0.733674943447113       0.511491735465825       0.457354802638292     
  0.338359147310257       0.645736441016197       0.913007527589798     
  0.242893487215042       0.994562625885010      -0.191978394985199     
  0.459468144923449       0.524825505912304       3.903466463088989E-002
 -0.116499841213226       0.379462420940399      -0.201987981796265     
  0.584832869470119        1.01100140810013       3.013986349105835E-002
  0.523183058947325       0.431502155959606       0.596632063388824     
  0.329022303223610       0.478487359359860       0.506848444696516     
  0.879973202943802       0.110508561134338      -8.911836147308350E-002
  0.767788439989090        1.77179861068726     
