 sig_xi =   5.000000000000041E-002
 size_data =         5000
 Ndraws =      1000000
 INFO_HESS =            1
 multiplier   100.000000000000     
 acceptance      451760
 acceptance_all           0        4564        9079       13630       18064
       22474       26993       31471       35886       40428       44976
       49480       53964       58517       63044       67543       71981
       76469       81031       85558       90132       94701       99329
      103921      108368      112734      117190      121696      126254
      130783      135278      139837      144260      148755      153315
      157798      162350      166821      171365      175822      180361
      184950      189437      193911      198496      203021      207580
      212067      216569      221154      225537      230022      234542
      239188      243695      248276      252776      257322      261793
      266252      270772      275305      279804      284304      288787
      293362      297922      302481      306966      311516      316075
      320700      325197      329717      334355      338991      343477
      347931      352421      356933      361458      366019      370460
      374984      379554      384102      388622      393110      397531
      402171      406648      411144      415623      420170      424739
      429255      433790      438248      442816      447338
 x0 =   0.700000000000000       0.800000000000000       0.800000000000000     
  0.800000000000000        1.00000000000000        1.00000000000000     
   1.00000000000000     
 Ln_x0  -83.1936289745475     
 Ln_xlast=  -4.07150129418822     
