 sig_xi =   0.499999999999961     
 size_data =         5000
 Ndraws =      1000000
 INFO_HESS =            1
 multiplier   1.00000000000000     
 acceptance      450753
 acceptance_all           0        4555        9115       13609       18022
       22536       27057       31629       36147       40579       45082
       49614       54210       58643       63105       67617       72171
       76601       81040       85593       90105       94639       99046
      103577      108110      112583      117140      121646      126113
      130625      135111      139559      144170      148623      153116
      157629      162160      166722      171262      175666      180139
      184762      189244      193706      198230      202771      207361
      211818      216362      220874      225398      229852      234398
      238896      243353      247868      252265      256742      261261
      265729      270227      274834      279390      283914      288463
      292977      297538      302082      306533      311107      315689
      320239      324799      329203      333768      338284      342823
      347258      351732      356218      360674      365186      369700
      374109      378664      383227      387779      392240      396633
      401173      405758      410254      414725      419316      423863
      428299      432801      437334      441791      446291
 x0 =   0.700000000000000       0.800000000000000       0.800000000000000     
  0.800000000000000        1.00000000000000        1.00000000000000     
   1.00000000000000     
 Ln_x0  -83.1936289745475     
 Ln_xlast=  -6.43400279989548     
