 sig_xi =   1.999999999999993E-002
 size_data =         5000
 Ndraws =      1000000
 INFO_HESS =            1
 multiplier   1000.00000000000     
 acceptance      355358
 acceptance_all           0        3856        7330       10839       14318
       17849       21380       24941       28412       31914       35428
       38943       42535       46115       49734       53283       56802
       60284       63875       67412       70921       74468       77993
       81532       85126       88667       92211       95711       99219
      102789      106295      109825      113428      116876      120365
      123860      127452      131042      134526      138081      141714
      145291      148837      152416      155911      159465      163026
      166607      170101      173644      177056      180662      184179
      187622      191229      194765      198395      201934      205490
      209160      212735      216269      219877      223454      227053
      230575      234099      237613      241122      244686      248233
      251851      255424      259014      262583      266126      269639
      273208      276733      280256      283803      287319      290868
      294386      297962      301537      305242      308710      312306
      316016      319718      323307      326841      330401      333969
      337535      341123      344643      348164      351693
 x0 =   0.700000000000000       0.800000000000000       0.800000000000000     
  0.800000000000000        1.00000000000000        1.00000000000000     
   1.00000000000000     
 Ln_x0  -83.1936289745475     
 Ln_xlast=  -4.05029909393589     
