 sig_xi =   0.199999999999994     
 size_data =         5000
 Ndraws =      1000000
 INFO_HESS =            1
 multiplier   10.0000000000000     
 acceptance      355630
 acceptance_all           0        3532        7027       10579       14101
       17651       21161       24784       28295       31884       35434
       38965       42526       46040       49604       53120       56665
       60330       63926       67387       70953       74559       78063
       81596       85086       88703       92296       95851       99397
      102998      106655      110190      113713      117293      120890
      124474      127952      131552      135178      138761      142337
      145846      149401      153022      156599      160188      163793
      167332      170847      174353      177873      181466      185036
      188615      192159      195716      199275      202840      206429
      210036      213536      217090      220675      224197      227740
      231311      234875      238356      241976      245560      249064
      252662      256232      259687      263270      266825      270373
      273955      277487      281034      284582      288225      291789
      295328      298916      302470      305983      309537      313056
      316575      320121      323757      327221      330790      334313
      337782      341340      344892      348477      352102
 x0 =   0.700000000000000       0.800000000000000       0.800000000000000     
  0.800000000000000        1.00000000000000        1.00000000000000     
   1.00000000000000     
 Ln_x0  -83.1936289745475     
 Ln_xlast=  -4.47866022064453     
