  0.217339975349004     
 -4.009223819689135E-002
  4.413967783977910E-003
 -4.510345466505507E-002
  0.160461802549280     
  0.184219360512991     
  0.412576624353671     
 -4.009223819689135E-002
  2.644210200353321E-002
 -4.895995672275777E-002
  6.204579856793293E-003
 -0.108014492839466     
  0.176760563026718     
 -6.417417991218556E-002
  4.413967783977910E-003
 -4.895995672275777E-002
  0.199391758682736     
 -2.380753550116936E-002
  0.199695244569750     
 -0.976480878254654     
  8.702607044882917E-002
 -4.510345466505506E-002
  6.204579856793293E-003
 -2.380753550116936E-002
  0.330357390096850     
 -1.598260649823348E-002
  7.650260255707673E-002
  -1.47587432218939     
  0.160461802549280     
 -0.108014492839466     
  0.199695244569750     
 -1.598260649823348E-002
  0.501635991294029     
 -0.925344693945371     
  0.222486221014094     
  0.184219360512991     
  0.176760563026718     
 -0.976480878254654     
  7.650260255707673E-002
 -0.925344693945371     
   6.16451460700823     
 -1.191702543933065E-002
  0.412576624353671     
 -6.417417991218556E-002
  8.702607044882917E-002
  -1.47587432218939     
  0.222486221014094     
 -1.191702543933066E-002
   7.01808584117500     
