   2.22987363445364     
 -0.426142860820928     
  0.129544479163390     
 -0.468145881094479     
   1.68666428574021     
   1.60388118994824     
   4.30464195536856     
 -0.426142860820928     
  0.271001991262806     
 -0.518975856480533     
  8.455163942628212E-002
  -1.09135262017865     
   1.79750864076897     
 -0.786048893694519     
  0.129544479163390     
 -0.518975856480533     
   2.13081229203753     
 -0.318566190850416     
   2.05766327629524     
  -9.93239086291817     
   1.34032585736709     
 -0.468145881094479     
  8.455163942628212E-002
 -0.318566190850416     
   3.30647715023770     
 -0.236034964425378     
   1.04140494039194     
  -14.7834333971129     
   1.68666428574021     
  -1.09135262017865     
   2.05766327629524     
 -0.236034964425378     
   5.01485734138900     
  -9.21455089028305     
   2.70782259814101     
   1.60388118994824     
   1.79750864076897     
  -9.93239086291817     
   1.04140494039194     
  -9.21455089028305     
   61.1526316905160     
  -1.57747388912917     
   4.30464195536856     
 -0.786048893694519     
   1.34032585736709     
  -14.7834333971129     
   2.70782259814101     
  -1.57747388912917     
   70.6470002290720     
