  2.188108021028980E-003
 -4.155176731213578E-004
  8.666715712396950E-005
 -4.501205071965831E-004
  1.654489584109259E-003
  1.674861855112129E-003
  4.134749863719618E-003
 -4.155176731213578E-004
  2.730333886472731E-004
 -5.082023885904787E-004
  7.154699283499401E-005
 -1.102850214491821E-003
  1.794399879293542E-003
 -6.963927365477519E-004
  8.666715712396950E-005
 -5.082023885904787E-004
  2.001957480426699E-003
 -2.833345917431653E-004
  2.046103056624545E-003
 -9.627068328330711E-003
  1.100029586874981E-003
 -4.501205071965831E-004
  7.154699283499401E-005
 -2.833345917431653E-004
  3.346798765925756E-003
 -2.084938560555197E-004
  1.094286461569572E-003
 -1.489920202998847E-002
  1.654489584109259E-003
 -1.102850214491821E-003
  2.046103056624545E-003
 -2.084938560555197E-004
  5.072889874407240E-003
 -9.311849539884336E-003
  2.461974738900066E-003
  1.674861855112129E-003
  1.794399879293542E-003
 -9.627068328330711E-003
  1.094286461569572E-003
 -9.311849539884334E-003
  6.047362941480947E-002
 -1.612552558274708E-003
  4.134749863719618E-003
 -6.963927365477520E-004
  1.100029586874981E-003
 -1.489920202998847E-002
  2.461974738900066E-003
 -1.612552558274708E-003
  7.057056499267605E-002
