  2.201326753945153E-002
 -4.162917944561714E-003
  5.806974625255240E-004
 -4.853371864754243E-003
  1.653056980005651E-002
  1.854696592490226E-002
  4.315742265590535E-002
 -4.162917944561714E-003
  2.670191247228427E-003
 -4.832776565438856E-003
  8.501439847365346E-004
 -1.079277978885785E-002
  1.655044501781231E-002
 -7.697258134094690E-003
  5.806974625255240E-004
 -4.832776565438856E-003
  1.937575258096397E-002
 -2.712275249247563E-003
  1.956794116502122E-002
 -9.339279316611405E-002
  1.060685375254432E-002
 -4.853371864754243E-003
  8.501439847365346E-004
 -2.712275249247563E-003
  3.297582610745611E-002
 -2.542837250484247E-003
  8.778292007078390E-003
 -0.147981166444256     
  1.653056980005651E-002
 -1.079277978885785E-002
  1.956794116502122E-002
 -2.542837250484247E-003
  4.980721410781965E-002
 -8.818301765134846E-002
  2.727019587101514E-002
  1.854696592490226E-002
  1.655044501781231E-002
 -9.339279316611405E-002
  8.778292007078390E-003
 -8.818301765134846E-002
  0.593659244277964     
 -6.799455023244767E-003
  4.315742265590535E-002
 -7.697258134094690E-003
  1.060685375254432E-002
 -0.147981166444256     
  2.727019587101514E-002
 -6.799455023244765E-003
  0.706791399685965     
