   8.00511198705155     
 -0.799950890307444     
  -1.71678554649962     
  0.759644423718237     
  0.189671172744569     
   14.5242331812440     
   6.53487895551612     
 -0.799950890307438     
  0.384483121759785     
  0.397363443682300     
 -0.103450454874373     
 -0.837597732454261     
  -3.21810425693805     
 -0.644718486317398     
  -1.71678554649963     
  0.397363443682302     
   1.09090414892098     
 -6.530439549739800E-002
 -0.570075646357810     
  -7.12913726263372     
  -1.90578067370537     
  0.759644423718239     
 -0.103450454874374     
 -6.530439549739739E-002
  0.983932885829397     
  0.196685052159157     
  0.490548191298840     
  -2.06833974078479     
  0.189671172744545     
 -0.837597732454257     
 -0.570075646357800     
  0.196685052159154     
   3.96385335456760     
   4.15575125524897     
 -0.162028824255889     
   14.5242331812440     
  -3.21810425693806     
  -7.12913726263374     
  0.490548191298835     
   4.15575125524895     
   59.3608841297987     
   16.7770434727421     
   6.53487895551609     
 -0.644718486317394     
  -1.90578067370536     
  -2.06833974078481     
 -0.162028824255875     
   16.7770434727420     
   16.2736699100718     
