   8.38751058123202     
 -0.916883565792667     
  -1.85607436678114     
  0.619100211354445     
  0.383664372918199     
   15.9614868326226     
   7.56064639261543     
 -0.916883565792667     
  0.397565963364369     
  0.415423039120224     
 -4.558860384543117E-002
 -0.839487915741081     
  -3.62950295859582     
  -1.04520932833192     
  -1.85607436678112     
  0.415423039120225     
   1.10042536539334     
 -3.187601525518179E-004
 -0.530975829226952     
  -7.29445289584083     
  -2.27826609351346     
  0.619100211354437     
 -4.558860384543117E-002
 -3.187601525529021E-004
  0.917767647611444     
  9.518492092373550E-002
  3.240889608400674E-002
  -2.06053357942237     
  0.383664372918203     
 -0.839487915741082     
 -0.530975829226955     
  9.518492092373496E-002
   3.92949811371710     
   4.48271012020366     
  0.580408760986646     
   15.9614868326226     
  -3.62950295859584     
  -7.29445289584084     
  3.240889608400145E-002
   4.48271012020371     
   62.7660512895056     
   20.3386937182743     
   7.56064639261544     
  -1.04520932833192     
  -2.27826609351345     
  -2.06053357942237     
  0.580408760986654     
   20.3386937182742     
   17.8379254948904     
