   8.19920456589918     
 -0.897094304594954     
  -1.57730682351706     
  0.785130604810126     
  0.416504149467497     
   14.3951239409210     
   6.79556957792056     
 -0.897094304594959     
  0.417401485796126     
  0.351175228684563     
 -9.575218748072019E-002
 -0.874531683459341     
  -3.21099983426623     
 -0.834864357095485     
  -1.57730682351705     
  0.351175228684563     
  0.941352891221050     
 -6.312917033663029E-002
 -0.528293285120731     
  -6.18774180098407     
  -1.80214076146392     
  0.785130604810119     
 -9.575218748072030E-002
 -6.312917033663208E-002
   1.04801118750424     
  0.206322283782292     
  0.707242722478352     
  -2.20791083978011     
  0.416504149467513     
 -0.874531683459343     
 -0.528293285120733     
  0.206322283782293     
   3.90303429053865     
   4.24223024028901     
  3.732734865136277E-002
   14.3951239409209     
  -3.21099983426621     
  -6.18774180098410     
  0.707242722478356     
   4.24223024028895     
   55.0467702404416     
   16.3469513978915     
   6.79556957792057     
 -0.834864357095483     
  -1.80214076146391     
  -2.20791083978010     
  3.732734865135409E-002
   16.3469513978916     
   16.8322533565548     
