   8.39172070454650     
 -0.885137675494048     
  -1.91217222129028     
  0.863586373082724     
  0.338710896977462     
   15.8149112464972     
   6.92099242239892     
 -0.885137675494058     
  0.397126794379580     
  0.522313811171293     
 -0.121856542041389     
 -0.835587342852464     
  -3.76488219798504     
 -0.745515415941748     
  -1.91217222129028     
  0.522313811171291     
   1.51880244206426     
 -0.166161696788293     
 -0.696869293014080     
  -8.62031257890926     
  -1.81380558855702     
  0.863586373082725     
 -0.121856542041389     
 -0.166161696788297     
   1.04648911546397     
  0.206636514607866     
   1.04129905089535     
  -2.00362512664327     
  0.338710896977479     
 -0.835587342852462     
 -0.696869293014075     
  0.206636514607862     
   3.91307990651055     
   4.72678829783132     
  5.959640487671436E-002
   15.8149112464971     
  -3.76488219798502     
  -8.62031257890932     
   1.04129905089538     
   4.72678829783127     
   64.9317960951106     
   17.0890822552683     
   6.92099242239894     
 -0.745515415941746     
  -1.81380558855700     
  -2.00362512664327     
  5.959640487671969E-002
   17.0890822552684     
   16.6103322499765     
