 sig_xi =   0.199999999999994     
 size_data =          225
 Ndraws =      1000000
 INFO_HESS =            1
 multiplier   10.0000000000000     
 acceptance      452663
 acceptance_all           0        4582        9017       13467       18077
       22478       26946       31436       36040       40594       45141
       49643       54204       58676       63256       67752       72333
       76964       81472       85948       90521       95021       99548
      104147      108746      113280      117864      122345      126826
      131294      135851      140427      144946      149472      153914
      158475      163021      167668      172122      176743      181229
      185792      190345      194871      199376      203858      208371
      212986      217559      222092      226647      231192      235708
      240071      244643      249191      253697      258290      262857
      267461      272117      276690      281236      285742      290261
      294770      299302      303748      308241      312657      317221
      321736      326225      330768      335235      339777      344288
      348901      353420      357873      362386      366921      371395
      375803      380324      384844      389338      393902      398451
      402878      407365      411877      416452      421032      425509
      429980      434502      439075      443673      448150
 x0 =   9.343853625961998E-002  0.955941428824428       0.948678398386414     
  0.759944122606477       2.134752258983188E-002  0.156871929313388     
  0.114420295774351     
 Ln_x0  -54.3686261962430     
 Ln_xlast=  -54.2538528468050     
