 sig_xi =   0.599999999999950     
 size_data =          225
 Ndraws =      1000000
 INFO_HESS =            1
 multiplier   1.00000000000000     
 acceptance      460790
 acceptance_all           0        4762        9480       14198       18960
       23616       28321       32935       37506       42148       46569
       51152       55642       60121       64544       69109       73579
       78405       83218       87751       92526       97198      101737
      106336      111074      115786      120382      125007      129712
      134377      139022      143510      148102      152695      157395
      161922      166629      171270      176050      180472      184920
      189600      194081      198739      203105      207534      211928
      216373      220808      225285      229888      234420      238957
      243569      248163      252765      257437      262160      266752
      271403      276020      280688      285503      290191      294842
      299485      304171      308728      313296      318028      322696
      327253      331738      336415      341078      345566      350023
      354457      359000      363487      368215      372883      377393
      381891      386617      391138      395794      400387      405039
      409766      414488      419252      424096      428790      433354
      438013      442699      447444      451902      456343
 x0 =   9.343853625961998E-002  0.955941428824428       0.948678398386414     
  0.759944122606477       2.134752258983188E-002  0.156871929313388     
  0.114420295774351     
 Ln_x0  -54.3686261962430     
 Ln_xlast=  -59.2264009720988     
