 sig_xi =   1.999999999999993E-002
 size_data =          225
 Ndraws =      1000000
 INFO_HESS =            1
 multiplier   1000.00000000000     
 acceptance      454851
 acceptance_all           0        4529        9054       13608       18113
       22650       27174       31706       36218       40660       45198
       49829       54445       58944       63518       68056       72553
       77141       81769       86363       90979       95579      100116
      104728      109276      113799      118445      123055      127600
      132168      136776      141217      145785      150329      154889
      159350      164000      168596      173089      177701      182259
      186776      191268      195789      200341      204909      209413
      213997      218549      222969      227556      231962      236437
      241019      245497      250033      254603      259153      263708
      268229      272877      277357      281871      286474      290960
      295563      300147      304688      309199      313682      318245
      322736      327346      331915      336423      340956      345537
      350055      354527      359061      363621      368121      372702
      377225      381795      386429      390951      395444      400023
      404613      409263      413804      418373      422925      427479
      432093      436623      441224      445736      450350
 x0 =   9.343853625961998E-002  0.955941428824428       0.948678398386414     
  0.759944122606477       2.134752258983188E-002  0.156871929313388     
  0.114420295774351     
 Ln_x0  -54.3686261962430     
 Ln_xlast=  -54.1382677776274     
