 sig_xi =   6.000000000000069E-002
 size_data =          225
 Ndraws =      1000000
 INFO_HESS =            1
 multiplier   100.000000000000     
 acceptance      477705
 acceptance_all           0        4824        9642       14411       19178
       23954       28817       33655       38343       43105       47982
       52717       57529       62289       67100       71856       76596
       81373       86162       90950       95701      100541      105288
      110043      114863      119636      124367      129105      133844
      138620      143353      148089      152872      157646      162282
      167072      171851      176606      181402      186232      191052
      195850      200572      205357      210187      214894      219600
      224449      229208      233923      238799      243633      248269
      253079      257921      262686      267525      272343      277111
      281842      286626      291459      296195      300821      305535
      310311      315072      319911      324627      329461      334276
      339118      343961      348789      353597      358294      363144
      367934      372666      377414      382132      386896      391728
      396515      401212      405963      410805      415615      420358
      425207      430086      434838      439629      444443      449183
      453852      458618      463403      468281      472983
 x0 =   9.343853625961998E-002  0.955941428824428       0.948678398386414     
  0.759944122606477       2.134752258983188E-002  0.156871929313388     
  0.114420295774351     
 Ln_x0  -54.3686261962430     
 Ln_xlast=  -54.2085333260476     
