  2.221132091692718E-003
 -1.519441401204659E-003
 -5.291840215754575E-004
  1.799525732206662E-003
  4.179886203087562E-004
  8.240245480116404E-004
  2.476498945463931E-004
 -1.519441401204659E-003
  2.267573568346663E-002
 -1.450375759021801E-003
  7.586384990272853E-003
 -6.075508749582606E-003
  2.683968441901854E-003
 -3.947999773975457E-003
 -5.291840215754575E-004
 -1.450375759021801E-003
  4.894928012597297E-004
 -1.568645809425149E-003
  4.390811209949408E-004
 -8.662423897296980E-004
  4.856804831928729E-004
  1.799525732206662E-003
  7.586384990272853E-003
 -1.568645809425149E-003
  1.690858558042094E-002
 -2.519507377182129E-003
  2.706043374170783E-003
 -6.941016766091008E-003
  4.179886203087562E-004
 -6.075508749582605E-003
  4.390811209949408E-004
 -2.519507377182129E-003
  1.931247795204739E-003
 -1.006946461394737E-003
  1.236229195552718E-003
  8.240245480116402E-004
  2.683968441901854E-003
 -8.662423897296981E-004
  2.706043374170783E-003
 -1.006946461394737E-003
  1.897348539737905E-003
 -8.730230386687980E-004
  2.476498945463931E-004
 -3.947999773975457E-003
  4.856804831928729E-004
 -6.941016766091008E-003
  1.236229195552718E-003
 -8.730230386687981E-004
  3.529219590363672E-003
