  0.358747034600588     
 -6.211286815115290E-002
 -6.688025739150175E-002
  0.254325351293092     
  2.621661418318351E-002
  8.774536105626379E-002
  4.309180205679341E-002
 -6.211286815115295E-002
   15.2797497510401     
  2.092863567144033E-002
 -0.896396674864149     
 -4.484915547259100E-002
 -0.365373796636823     
  0.264106273492414     
 -6.688025739150175E-002
  2.092863567144032E-002
  4.938888436807718E-002
 -0.116769235054176     
  2.282265239884933E-002
 -7.341315427053749E-002
  2.642464735442849E-002
  0.254325351293092     
 -0.896396674864149     
 -0.116769235054176     
   1.71958983118141     
 -0.144638768898123     
  0.198092273967172     
 -0.629744063973209     
  2.621661418318351E-002
 -4.484915547259102E-002
  2.282265239884933E-002
 -0.144638768898123     
  0.171757464947467     
 -6.401615413764317E-002
  6.913508398025807E-002
  8.774536105626383E-002
 -0.365373796636823     
 -7.341315427053750E-002
  0.198092273967172     
 -6.401615413764318E-002
  0.163912695659585     
 -5.301827847364872E-002
  4.309180205679341E-002
  0.264106273492414     
  2.642464735442849E-002
 -0.629744063973209     
  6.913508398025807E-002
 -5.301827847364872E-002
  0.323679400007106     
