  2.271957147915161E-002
 -1.325759484482857E-002
 -5.433729956018740E-003
  1.899666265354173E-002
  3.482200043821474E-003
  8.448242430026901E-003
  2.300845408557609E-003
 -1.325759484482857E-002
  0.223907151110292     
 -1.318740695816513E-002
  6.668066956844514E-002
 -5.663845092101132E-002
  2.300032941038055E-002
 -3.518935326765877E-002
 -5.433729956018740E-003
 -1.318740695816513E-002
  4.899547738584063E-003
 -1.505740574537481E-002
  4.175917010625856E-003
 -8.621766408619367E-003
  4.539913086233974E-003
  1.899666265354173E-002
  6.668066956844514E-002
 -1.505740574537481E-002
  0.168319682292101     
 -2.368755499274790E-002
  2.572245563438929E-002
 -6.822700116242919E-002
  3.482200043821474E-003
 -5.663845092101132E-002
  4.175917010625856E-003
 -2.368755499274790E-002
  1.830479192817397E-002
 -9.580121208127011E-003
  1.145743440915791E-002
  8.448242430026899E-003
  2.300032941038055E-002
 -8.621766408619367E-003
  2.572245563438929E-002
 -9.580121208127013E-003
  1.897861600136740E-002
 -8.054459065671617E-003
  2.300845408557609E-003
 -3.518935326765876E-002
  4.539913086233974E-003
 -6.822700116242918E-002
  1.145743440915791E-002
 -8.054459065671616E-003
  3.464836837998828E-002
