  2.200549932352801E-004
 -1.454201721386646E-004
 -5.387364011393211E-005
  1.736499765035447E-004
  3.816839095496632E-005
  8.474914767016823E-005
  2.666017895904290E-005
 -1.454201721386646E-004
  2.253712074066136E-003
 -1.482501121851923E-004
  7.801723502719976E-004
 -6.055467762067215E-004
  2.723491691885625E-004
 -4.037675040604532E-004
 -5.387364011393211E-005
 -1.482501121851923E-004
  5.006442380015463E-005
 -1.583131659942961E-004
  4.551874034477575E-005
 -8.858041383714951E-005
  4.894167644127642E-005
  1.736499765035447E-004
  7.801723502719976E-004
 -1.583131659942961E-004
  1.672000656773543E-003
 -2.587004557260350E-004
  2.723339452532196E-004
 -6.883470934477042E-004
  3.816839095496632E-005
 -6.055467762067216E-004
  4.551874034477575E-005
 -2.587004557260350E-004
  1.924234487561031E-004
 -1.030818930128671E-004
  1.255472781720801E-004
  8.474914767016823E-005
  2.723491691885625E-004
 -8.858041383714951E-005
  2.723339452532196E-004
 -1.030818930128671E-004
  1.933871056192028E-004
 -8.719259180955897E-005
  2.666017895904290E-005
 -4.037675040604532E-004
  4.894167644127642E-005
 -6.883470934477042E-004
  1.255472781720801E-004
 -8.719259180955897E-005
  3.508356450089744E-004
