  0.301449456719847     
  0.146614518980973     
 -4.011943938746256E-002
  0.226588235838716     
  3.561867361610112E-002
  2.518637317373918E-002
  2.822797500354313E-002
  0.146614518980977     
   4.76265889836211     
 -0.179098372398065     
 -0.615261568400956     
  0.303338708071307     
 -9.273647022798143E-002
  0.234894364212106     
 -4.011943938745651E-002
 -0.179098372398087     
  5.586657196610200E-002
 -0.115447592341931     
  4.708994178344252E-003
 -5.817104253294300E-002
  3.513204750833226E-002
  0.226588235838694     
 -0.615261568400892     
 -0.115447592341938     
   2.50711051959665     
 -0.118805330528381     
  0.225563592099142     
 -0.880118409152960     
  3.561867361610258E-002
  0.303338708071306     
  4.708994178346132E-003
 -0.118805330528382     
  4.461553230300068E-002
 -3.083304918373848E-002
  5.412601117059320E-002
  2.518637317373134E-002
 -9.273647022796216E-002
 -5.817104253294618E-002
  0.225563592099148     
 -3.083304918373732E-002
  0.142878569809631     
 -7.879975817847287E-002
  2.822797500353622E-002
  0.234894364212056     
  3.513204750833183E-002
 -0.880118409152893     
  5.412601117058632E-002
 -7.879975817846310E-002
  0.395050968347728     
