  0.196825057993249     
 -0.126530682102542     
 -3.864108738985224E-002
  0.175673821419533     
  4.851820230301809E-002
  4.671531334265992E-002
  1.388529690572008E-002
 -0.126530682102552     
   1.03662651273692     
 -6.608727719882945E-002
  0.558138883856669     
 -0.297895350425791     
  0.134024043081131     
 -0.306369311990915     
 -3.864108738984748E-002
 -6.608727719883617E-002
  3.751304446747139E-002
 -0.149457377489469     
  2.079554246189741E-002
 -6.405023237504927E-002
  5.374098439388746E-002
  0.175673821419532     
  0.558138883856605     
 -0.149457377489457     
   2.12989129704073     
 -0.207227861483296     
  0.249241369173420     
 -0.907769437215181     
  4.851820230302276E-002
 -0.297895350425781     
  2.079554246189631E-002
 -0.207227861483306     
  0.116237028761671     
 -6.182798498618760E-002
  0.110848480976206     
  4.671531334265756E-002
  0.134024043081156     
 -6.405023237505282E-002
  0.249241369173462     
 -6.182798498619359E-002
  0.146658930805371     
 -9.776180104006915E-002
  1.388529690571307E-002
 -0.306369311990857     
  5.374098439387810E-002
 -0.907769437215188     
  0.110848480976195     
 -9.776180104004714E-002
  0.449885650657473     
