  0.198648616416577     
 -9.215000318861122E-002
 -3.800398580799772E-002
  0.177098088571482     
  3.971724778584431E-002
  4.482942914736651E-002
  1.446255714629314E-002
 -9.215000318860835E-002
  0.843419321361506     
 -5.155560049004114E-002
  0.391304391287777     
 -0.211274186155294     
  8.651533845139700E-002
 -0.221378207648048     
 -3.800398580799195E-002
 -5.155560049005205E-002
  3.881344480966311E-002
 -0.137528051258948     
  1.933468099333472E-002
 -6.528504491766353E-002
  4.857807455780307E-002
  0.177098088571480     
  0.391304391287735     
 -0.137528051258946     
   2.06954990397305     
 -0.180748053339618     
  0.223566650801591     
 -0.868254124198769     
  3.971724778584541E-002
 -0.211274186155278     
  1.933468099333175E-002
 -0.180748053339618     
  9.813070265111534E-002
 -5.758776364146410E-002
  9.486839485142548E-002
  4.482942914736317E-002
  8.651533845141844E-002
 -6.528504491766579E-002
  0.223566650801615     
 -5.758776364147377E-002
  0.150065593232783     
 -8.628070539165850E-002
  1.446255714630176E-002
 -0.221378207648023     
  4.857807455779194E-002
 -0.868254124198750     
  9.486839485141597E-002
 -8.628070539162744E-002
  0.428756971243130     
