  0.191518712182623     
 -0.118934115393086     
 -3.940129018574950E-002
  0.158944637720562     
  4.292456103376977E-002
  4.903561534668160E-002
  1.889992990960300E-002
 -0.118934115393107     
   1.03851078752778     
 -7.101081761636226E-002
  0.597872394274304     
 -0.299922051192992     
  0.139829964392129     
 -0.324212491250026     
 -3.940129018574534E-002
 -7.101081761637282E-002
  3.899277948659339E-002
 -0.150249787550942     
  2.342181875101770E-002
 -6.657623200305940E-002
  5.404670597530106E-002
  0.158944637720570     
  0.597872394274211     
 -0.150249787550933     
   2.07691481069232     
 -0.219915249684924     
  0.248979535054392     
 -0.890986784768118     
  4.292456103377053E-002
 -0.299922051192983     
  2.342181875101638E-002
 -0.219915249684945     
  0.116076318645043     
 -6.567984795568123E-002
  0.114791545431165     
  4.903561534668117E-002
  0.139829964392150     
 -6.657623200306326E-002
  0.248979535054430     
 -6.567984795568636E-002
  0.151413279322687     
 -9.689542392688551E-002
  1.889992990959320E-002
 -0.324212491250000     
  5.404670597529653E-002
 -0.890986784768164     
  0.114791545431166     
 -9.689542392687367E-002
  0.443852440345377     
