  1.872543135937571E-003
  1.027156900568291E-002
  4.912860192695193E-002
  6.163836643720531E-002
  3.610410195038090E-002
  3.451362395894982E-002
  3.173490176367968E-002
  4.361471881185040E-002
  3.579305214910354E-002
  5.331381569104098E-002
  3.864664482472752E-002
  3.887595839624516E-002
  5.296256088888365E-002
  6.322398385641274E-002
  3.852591444211274E-002
  4.515418578288634E-002
  2.772185420735714E-002
  4.550666165427123E-003
  7.446780888137133E-003
  1.113781512176411E-002
  1.927381561866188E-003
 -1.136247877626289E-002
 -1.350131462427184E-002
 -6.903787737984238E-003
  1.050375960770159E-002
 -8.392266385409450E-003
 -2.168749295568427E-002
 -2.479852251514109E-002
 -3.073678594788776E-002
 -4.646649664862881E-002
 -6.245219453734193E-002
 -2.218061247126999E-002
 -3.336414743669733E-002
 -2.407802884965788E-002
  4.681885028065696E-003
  1.935663849247902E-002
  9.902158134572018E-003
  4.432132821647469E-003
  5.264884005062916E-003
 -1.047161656831006E-002
 -1.605266466381782E-002
  1.724432229011275E-003
  8.235093404355184E-004
 -1.937550514222014E-002
 -3.576072069637338E-002
 -2.310123421252983E-002
 -1.223786717311020E-002
  1.089460082130621E-002
  6.890747594604909E-003
  5.742542598727146E-003
  3.711439551044353E-002
  3.093721869888570E-002
  2.740219274031058E-002
  2.679992855617507E-002
  1.676157072652263E-002
  6.089038680716207E-003
 -2.429078286820024E-003
  9.407447482482824E-003
 -7.602711459368736E-004
  1.103698666199992E-002
  2.469852387542101E-002
  1.609567187211955E-002
  7.135265400082421E-003
  9.856857381519459E-003
  6.855072044435364E-003
  2.322947239620819E-003
  2.106627158578474E-002
  1.237995588331522E-002
 -2.438313626833301E-002
 -2.698570646345914E-002
 -1.487270563746928E-002
 -1.060669846936240E-002
 -2.188418798635593E-002
 -6.188122008411461E-003
  2.027948490989298E-002
  2.357393819242200E-002
  3.420671296988283E-002
  2.062701405131223E-002
  7.306300412141377E-003
  1.592178625422274E-002
  3.842100984140078E-003
 -1.264431816308897E-002
 -2.855372480307428E-002
 -2.450274305817974E-002
 -1.321987026188270E-002
 -6.471199477883736E-003
 -5.148977716659783E-003
  1.462169373050583E-002
  1.706684306577895E-002
 -1.384897453502814E-002
 -1.124604006744781E-002
 -1.092378537289183E-002
 -2.234460754469477E-002
 -2.006794549702060E-002
 -1.161374578057024E-002
  3.288620204038691E-002
  4.481011813989604E-002
  3.064800937488692E-002
  3.404044999365029E-002
  2.374712906829919E-002
  7.933849871764400E-003
  4.324192319437836E-002
  5.764461457771158E-002
  3.519937574024860E-002
  7.415004811577414E-003
  7.727306273592003E-004
 -1.670201222504382E-002
 -2.488016822113148E-002
 -3.216008345793227E-002
 -1.855825444785912E-002
 -2.840237369129089E-002
 -4.288782954485324E-003
  2.105407601972996E-002
  2.799064169469324E-002
  3.812900281624958E-002
  3.483473094106482E-002
  2.653166223582169E-003
 -1.554954219953086E-002
 -2.638858903793962E-002
 -2.194622598098345E-002
 -1.959645109340055E-002
 -1.466173150470586E-002
  2.850063206281323E-003
 -2.112190054405410E-002
 -1.003605598561533E-002
 -2.798917398777306E-003
 -3.050921241086536E-003
  1.153810606965941E-003
  2.195115056591538E-002
  2.664335617760368E-002
  2.586534832033356E-002
  3.302518322693025E-002
  3.849621558618566E-002
  4.548688634566639E-002
  4.804088768016936E-002
  3.530393954510971E-002
  2.431445319288698E-002
 -2.180491973932262E-003
  7.120063605121800E-003
  4.642084223808553E-003
 -3.118372284863920E-003
 -4.045745914464712E-003
 -9.020459900000888E-003
 -1.437687264258704E-002
 -2.228350763082907E-002
 -1.408779743080372E-002
 -1.547414149636341E-002
 -2.754623049380079E-003
  6.376511947972172E-003
 -2.310453938163270E-002
 -1.963045570148482E-002
  6.175554512180440E-003
  3.648650317928959E-002
  4.446668725314212E-002
  2.719085055115672E-002
  1.339162079773751E-002
 -1.301771779029565E-002
 -1.226555849171511E-002
  6.895481418070139E-003
  2.294454580939921E-002
 -1.070532395833474E-003
  1.122606092629080E-002
  9.065977930065854E-003
 -1.212487825058062E-002
  7.150146259787680E-003
  2.199909390004898E-002
  3.475694666506167E-002
  2.653854941923207E-002
  2.037145875339876E-002
  6.088386199816502E-004
 -1.604808036950153E-002
 -1.562064124531588E-002
 -1.195114303108727E-002
 -2.308552990246274E-003
  1.145443532346076E-002
  1.308858464811569E-002
  5.609919353300569E-003
  1.538741009208216E-002
  7.031150622071837E-004
 -1.182189709331589E-002
 -2.365287424278656E-002
 -2.352475940297325E-002
 -2.647618652098313E-002
 -4.765216633994080E-003
 -8.788998248011021E-003
 -2.956384207690408E-002
 -3.973243061453207E-002
 -4.033008857555392E-002
 -3.338349161704320E-002
 -1.698940842081266E-002
 -1.190284521113668E-002
 -9.224475937053150E-003
 -2.374212843512712E-002
 -1.510149884880413E-002
 -1.394555971935350E-002
 -2.820416145883159E-002
 -3.476343486346693E-002
 -1.244701535897223E-002
  9.053440566959021E-003
  3.672912219822876E-002
 -8.230552715874629E-003
  1.769039930857848E-002
  6.353612128922054E-002
  3.137848611469403E-002
 -1.186581828063186E-002
  3.564156146294657E-003
  3.947758773766159E-003
  3.532052819074207E-002
  2.956651333424754E-002
  4.651599844117811E-002
  7.540415741583862E-003
  5.367849871274026E-003
  1.785717137456204E-002
  2.271932552937973E-002
 -8.148117481909838E-003
  3.584386739324245E-002
  2.022842253334512E-004
  2.335163675494510E-003
  3.340531887350205E-002
  1.788386840807719E-002
 -2.037164201416776E-003
  1.032039170843522E-003
 -4.152465672561616E-003
 -1.199810389696253E-002
  3.631696585895016E-003
 -3.564520082791594E-002
 -4.786820409220768E-002
 -3.365178497948681E-002
 -4.424185692156725E-002
 -6.610345138724827E-002
 -8.887103653101222E-002
 -2.902057554003888E-002
 -6.586169158889947E-002
 -1.084288493550470E-002
  2.609096686273587E-002
  1.741632312545926E-002
 -8.683003081445227E-003
 -9.215149196211714E-003
 -1.690230649304576E-002
 -2.203899342132671E-002
 -1.513015947572373E-002
 -6.576439943960101E-003
  7.154580897709529E-003
 -2.636612265117079E-002
 -2.767922347562723E-002
 -2.166438600123605E-002
 -1.045061724048319E-002
 -1.170010013290708E-004
 -3.342756614809981E-002
  6.056706217334515E-003
  3.031655982309866E-002
 -1.523031042752695E-002
 -1.262289890964083E-002
  1.594144762067728E-002
  1.063684618659533E-002
 -8.909057418419616E-003
  5.322076661509871E-003
  3.588056040942724E-002
  3.363646270690558E-002
  3.822127583516039E-002
  4.364559221195465E-002
 -1.397551719738825E-002
 -2.868635708652068E-002
  2.078502995279926E-003
 -1.323653483861738E-002
 -3.667354449353115E-002
 -9.400213260680634E-003
 -1.964143534945807E-002
 -3.362069734770249E-002
  9.766380613081556E-003
  5.086893447971395E-002
  3.254638595572051E-002
  5.527680621763301E-003
  2.978093243854473E-002
  4.575110516408225E-002
  1.187704275966558E-002
  3.694881904150484E-002
  2.250607795171179E-002
  2.492383339210225E-002
  5.054871444537640E-002
  2.287842094962231E-002
 -4.955419994099234E-003
  1.091422971210466E-002
  4.020315727660956E-002
  3.268947826905923E-002
  1.385441858529124E-002
  1.553744487425369E-002
  3.802429907833411E-002
  3.621347268748600E-002
 -2.986666784628500E-002
  5.037323599692823E-004
 -4.640235321980422E-004
 -4.758486433168409E-003
  4.329912938321702E-003
  1.447625168951914E-002
  7.956893250616441E-002
  4.170198091939919E-002
  1.267550605092238E-002
  1.361790734998962E-002
 -1.741615511190871E-003
 -7.054975404637342E-003
  6.030414547428598E-002
  1.461733099920481E-002
 -5.021973476867886E-002
 -7.953153310055662E-002
 -1.727190953925618E-002
 -1.495870772340832E-002
  1.169009674842676E-002
 -5.559497091075933E-003
  1.883081036860134E-002
 -1.628858129525302E-002
  3.665574337248795E-002
  4.705513114598712E-002
  4.056396183704770E-002
  3.997123417030300E-002
  2.093713670199134E-002
 -2.051698740493239E-002
 -3.475416542267976E-002
 -1.448937044651066E-002
  3.937989323139194E-003
 -4.005835340187976E-004
  7.605427230346879E-003
  3.829862333550564E-002
 -1.564118028318601E-002
  3.508870454534003E-002
  3.731297879438179E-002
  1.024830876199120E-002
 -2.188347261995399E-002
 -3.561603404238276E-002
 -1.806905976039917E-002
 -3.707604871981584E-002
 -5.200485723311163E-002
 -3.415383642472235E-002
 -7.975617501086708E-003
  8.230567201940577E-003
 -2.573519541629032E-002
 -1.244825463688239E-002
 -4.475858211038169E-002
  7.147251458625431E-003
 -1.252969445849244E-002
 -1.578939776775090E-002
 -1.041213964602314E-002
 -8.050598774936310E-003
 -3.628645568053906E-003
 -3.605250713350206E-003
  2.894715111819071E-002
  2.360977183796812E-002
  9.675554423336891E-003
  3.760552947331994E-002
  1.402328793930447E-003
  7.064291670609096E-002
  0.123287863307451     
  0.106526572839989     
  7.846678745835649E-002
  5.533212534219022E-002
  4.042637995583381E-002
  1.909710978767407E-002
  4.039445589706131E-002
  4.681516977169213E-002
  4.272888157571176E-002
 -1.279504542261736E-003
  3.364013054765627E-002
  1.136785122741458E-002
 -2.595878594024938E-002
  3.728182062781099E-002
  1.016077188241172E-002
  2.993368211734662E-002
 -1.424008413835856E-002
 -2.052979415299058E-002
 -2.052696318807627E-002
  3.568205103856819E-003
  4.215951692069970E-002
  2.360467336084342E-002
  4.386591109639967E-002
  2.964060080722314E-002
  1.232809731779341E-002
 -6.991968209937977E-003
  2.019847958601644E-002
  1.848693659949073E-003
 -8.451828075241672E-003
 -2.499724199319071E-002
 -1.327658762811525E-002
  6.423682040291902E-003
  2.892067186689677E-002
 -2.478566505527379E-002
 -4.340798357570639E-002
 -1.631243223327686E-002
 -2.733236689307639E-002
 -1.474187399162330E-002
  2.487612646380504E-002
  5.797714476668545E-003
 -2.059665585919720E-002
 -5.424906678708830E-002
 -2.817850526845370E-002
 -2.466554509241411E-002
 -5.543298009409238E-002
 -4.966671238321996E-002
 -4.485629270127543E-004
  1.964880621783071E-002
  4.070001487793781E-002
  2.415336094504218E-003
  2.325624937379860E-002
  0.110989349263483     
  0.114738141600505     
  1.505160570915938E-002
  4.720477168989009E-002
  4.132092047405399E-002
  9.205196813672116E-002
  5.671721561318038E-002
  9.049679217466310E-002
  1.161716160618673E-002
  4.143573446429186E-002
  8.356364763808187E-002
  8.841832016812290E-002
  1.641480050875321E-002
  6.437502377920948E-002
 -1.022372205031634E-003
 -2.268620969268946E-002
 -6.548574843551133E-004
  1.088849510718320E-002
 -2.449982493402381E-002
 -5.593641066781105E-002
 -4.119456696280401E-002
 -2.411477371066554E-002
  1.555872608305067E-002
 -5.452926040158376E-002
 -5.584945467586141E-002
 -4.740368346549553E-002
 -4.791681616254986E-002
 -9.803301783259727E-002
 -0.130786478850482     
 -2.014564856496190E-003
 -8.252060666870378E-002
 -3.258895301315395E-002
  2.438394955032149E-002
  2.336607946810266E-002
 -2.650890675608942E-003
 -1.103810798619920E-002
 -2.243502067436337E-003
 -3.506828134995522E-002
 -2.526036186718259E-002
  1.326338503411623E-002
 -8.646048841917005E-004
 -6.976153674608696E-002
 -5.878270488541979E-002
 -2.880844679318041E-002
 -1.230142880165535E-002
  4.718268522869510E-002
  3.414645958970172E-003
  2.577621412252765E-002
  9.719577554135170E-002
  3.295438817367390E-002
  3.697898835109155E-002
  1.792390829272834E-002
  1.280330233934183E-002
 -1.171056256544552E-002
 -1.276471620075564E-002
  4.368390161833276E-002
 -1.448155815262711E-003
  3.934035455841437E-002
  4.858498085602547E-002
  2.248134755293733E-003
 -1.454369726468452E-002
  1.989909005522375E-002
  1.371857700260176E-002
 -5.900513248543893E-003
  5.500232400957460E-002
  4.340643767763882E-003
 -9.039014928702628E-002
 -5.362768856160537E-002
  1.466266874520540E-003
 -1.717519362517628E-002
 -3.851495071794596E-002
  1.970483602954099E-002
  6.075500985110369E-002
  4.689709330270758E-002
  5.423593179156645E-002
  4.312630092339832E-003
 -2.163975027567625E-002
  3.267946222364745E-002
 -1.202694695707929E-002
 -4.003087023204376E-002
 -4.674821473454704E-002
 -2.163166383971991E-002
  7.495347579280932E-003
  1.972340905405395E-002
  2.088249248715029E-002
  5.205992898955857E-002
  2.315311246562347E-002
 -6.697895882147074E-002
 -4.359124419272332E-003
  1.227498806700425E-002
 -2.562100632826864E-002
 -2.611718979938787E-002
 -2.085602140423823E-002
  8.509932706844153E-002
  5.774018393087675E-002
 -6.962241700718628E-003
  5.035974999131933E-002
  4.739699105648933E-003
 -1.164790006715272E-002
  0.133449227871117     
  0.112252138165822     
  3.477841453875291E-002
 -6.416238125855414E-003
  1.952197953597886E-002
 -4.407878599064138E-002
 -3.456481836015195E-002
 -3.254607713206201E-002
 -3.720003853714720E-003
 -5.221027573178142E-002
  3.517364125349966E-002
  4.779869705281477E-002
  3.487484956369278E-002
  6.746245913692606E-002
  5.700747805733741E-002
 -9.772143325371211E-003
 -2.409169800086360E-002
 -3.379155017261920E-002
 -2.195129209782767E-003
  8.009606297219102E-003
  1.563327893160221E-002
  5.829282354437738E-002
 -2.702622766141146E-002
  3.472358778004694E-002
  4.600427597928267E-002
 -9.949154667869674E-004
  1.758599878814683E-002
  5.085061504944442E-002
  3.723310638981031E-002
  1.809906464884195E-002
  3.052486453817871E-002
  5.071766370481576E-002
  8.378526624711786E-002
  8.937870536906337E-002
  4.673411172843026E-002
  4.002027638870337E-002
 -2.605242604457545E-002
  3.321459511584549E-002
  1.438453360332151E-002
 -1.070826637815818E-002
 -3.400082884497022E-003
 -3.570081233960023E-002
 -3.757313043711655E-002
 -4.050377899242310E-002
 -2.376789386109576E-003
 -1.558714022543014E-002
  9.171556013974232E-003
  3.218728622916600E-002
 -6.605674546034342E-002
 -1.696654902890376E-002
  4.982091063195693E-002
  8.311438468953339E-002
  6.654506456611539E-002
  2.916743621467707E-002
  1.058697146468799E-002
 -5.026875550217051E-002
 -1.212976300381407E-002
  3.148569574898076E-002
  6.805284518907306E-002
 -5.880299208169936E-003
  4.600251757028086E-002
  1.056986110039966E-002
 -5.365375788405796E-002
  3.033555445068524E-002
  3.124804611243795E-002
  4.890175058819775E-002
  2.037105271403581E-003
  6.949742764709508E-003
 -3.454471682811427E-002
 -3.747507360321088E-002
 -1.775574098161843E-002
  7.381436942054748E-003
  5.013794918947442E-002
  7.403891172931286E-002
  5.014847491108251E-002
  1.348449058061005E-002
  4.862115295869316E-002
 -1.687679703828737E-002
 -2.545476638358770E-002
 -5.596300293387842E-002
 -3.017317846204784E-002
 -2.789892792644691E-002
  3.583218964735096E-002
 -1.502946712674479E-002
 -7.575605423646302E-002
 -7.509480290486611E-002
 -7.798253205674949E-002
 -4.508466915201220E-002
  8.864728620939198E-003
  3.147802106786361E-003
 -9.908210109395507E-004
 -3.419622911578463E-002
  1.681498331294168E-002
  5.840443124281142E-003
 -4.014461203877293E-002
 -3.544673095425539E-002
  5.671786867112870E-002
  7.571368406853629E-002
  0.128803334458792     
