 sig_xi =   0.499999999999961     
 size_data =          200
 Ndraws =      1000000
 INFO_HESS =            1
 multiplier   1.00000000000000     
 acceptance      388829
 acceptance_all           0        3808        7744       11618       15595
       19376       23232       27114       30845       34495       38245
       42080       45900       49983       53959       57786       61778
       65633       69590       73564       77489       81322       85287
       89363       93435       97308      101023      104671      108522
      112423      116300      119947      123842      127876      131900
      136212      140165      143939      148105      151897      155853
      159721      163541      167665      171580      175280      179169
      183138      187255      191130      195059      199052      202859
      206791      210663      214512      218491      222278      226203
      229912      233780      237539      241340      245354      249332
      253072      256793      260692      264491      268466      272275
      276037      280194      284316      288171      291953      295742
      299261      303478      307355      311186      315061      319093
      323095      326966      330670      334627      338681      342455
      346416      350105      354013      357977      361917      365826
      369665      373506      377655      381555      385345
 x0 =   0.700000000000000       0.500000000000000       0.150000000000000     
  0.700000000000000       0.800000000000000       0.800000000000000     
  0.800000000000000        1.00000000000000        1.00000000000000     
   1.00000000000000     
 Ln_x0  -97.4864407367009     
 Ln_xlast=  -16.7102962737589     
