 sig_xi =   0.100000000000002     
 size_data =          200
 Ndraws =      1000000
 INFO_HESS =            1
 multiplier   10.0000000000000     
 acceptance      539268
 acceptance_all           0        5357       10744       16117       21504
       26964       32393       37799       43278       48664       54036
       59463       64764       70103       75495       80829       86263
       91633       97104      102512      107902      113302      118579
      124035      129430      134840      140230      145646      150995
      156311      161767      167090      172343      177743      183145
      188564      193988      199401      204873      210245      215793
      221172      226594      231972      237389      242849      248256
      253790      259218      264662      270030      275551      280932
      286294      291706      297171      302487      307905      313367
      318779      324128      329484      334867      340224      345590
      350927      356327      361769      367027      372435      377784
      383193      388604      393994      399442      404882      410329
      415635      421013      426478      431818      437173      442576
      447926      453281      458606      463820      469151      474426
      479769      485196      490487      495845      501263      506673
      512039      517476      522905      528330      533789
 x0 =   0.700000000000000       0.500000000000000       0.150000000000000     
  0.700000000000000       0.800000000000000       0.800000000000000     
  0.800000000000000        1.00000000000000        1.00000000000000     
   1.00000000000000     
 Ln_x0  -97.4864407367009     
 Ln_xlast=  -10.2087993658006     
