 sig_xi =   5.000000000000041E-002
 size_data =          200
 Ndraws =      1000000
 INFO_HESS =            1
 multiplier   100.000000000000     
 acceptance      348353
 acceptance_all           0        3639        7106       10518       14041
       17428       21000       24464       27898       31404       34860
       38431       41919       45470       48963       52426       55886
       59403       62969       66480       69962       73483       76984
       80486       84060       87534       90982       94446       97911
      101355      104844      108299      111773      115203      118720
      122222      125641      129144      132648      136224      139707
      143135      146679      150060      153467      156934      160415
      163907      167379      170902      174379      177884      181441
      184937      188450      191935      195325      198792      202264
      205798      209318      212937      216440      219895      223355
      226883      230340      233878      237304      240801      244367
      247847      251341      254829      258239      261734      265186
      268701      272218      275708      279169      282645      286044
      289483      292980      296456      299925      303409      306874
      310340      313923      317441      320835      324323      327807
      331246      334671      338055      341519      344969
 x0 =   0.700000000000000       0.500000000000000       0.150000000000000     
  0.700000000000000       0.800000000000000       0.800000000000000     
  0.800000000000000        1.00000000000000        1.00000000000000     
   1.00000000000000     
 Ln_x0  -97.4864407367009     
 Ln_xlast=  -9.66478971195438     
