 sig_xi =   9.999999999999995E-003
 size_data =          200
 Ndraws =      1000000
 INFO_HESS =            1
 multiplier   1000.00000000000     
 acceptance      590688
 acceptance_all           0        5794       11710       17585       23559
       29391       35233       41112       47052       53079       58939
       64769       70731       76669       82672       88572       94541
      100444      106386      112254      118212      124080      129933
      135821      141799      147670      153536      159482      165363
      171255      177138      183057      188867      194841      200758
      206551      212461      218367      224218      230080      235984
      241826      247821      253593      259491      265366      271262
      277180      283082      288951      294839      300695      306614
      312561      318511      324499      330377      336291      342225
      348113      354001      359902      365860      371790      377698
      383583      389432      395361      401336      407368      413317
      419335      425230      431075      436948      442894      448779
      454703      460574      466421      472338      478240      484150
      490071      495997      501886      507779      513675      519584
      525524      531432      537277      543205      549103      555082
      560952      566909      572883      578843      584817
 x0 =   0.623461587629011       0.380205540609938       8.484132988666368E-002
  0.828393046030501       0.737689574266833       0.731651929629787     
  0.720434907572698       0.450559766615613        1.24170048475913     
   1.23063324552208     
 Ln_x0  -9.61216626760497     
 Ln_xlast=  -9.61655943969426     
