  0.199385812879170     
 -4.659766258869102E-002
  3.802298675428786E-003
  0.161825135122227     
  0.108095861456513     
  2.135973469302188E-002
 -0.118196109472451     
 -0.146586043731663     
  0.294173470039607     
  0.144112306440939     
 -4.659766258869102E-002
  0.337276654664671     
 -0.177259137662517     
  0.134831758780434     
  9.046965261249058E-003
 -8.360779458115526E-002
  1.496581550434665E-002
  0.780479298233166     
 -3.986490060811294E-002
  9.460060711297949E-002
  3.802298675428786E-003
 -0.177259137662517     
  0.227420364187941     
 -0.226725474577940     
 -7.659767216486971E-002
  3.627566762261469E-002
  7.829303034831885E-002
 -0.113155805180204     
 -2.612031355914255E-002
 -0.363797075569903     
  0.161825135122227     
  0.134831758780434     
 -0.226725474577940     
  0.985446285712758     
  0.127129782405470     
 -0.106207171168427     
 -0.104471055362571     
 -2.823496301120491E-002
  0.711894850967985     
  0.317193940957703     
  0.108095861456513     
  9.046965261249058E-003
 -7.659767216486971E-002
  0.127129782405470     
  0.155199272237977     
  4.369998209541627E-003
 -0.126911313432932     
 -0.216490173510588     
  3.071337858267117E-002
  0.211451468620939     
  2.135973469302188E-002
 -8.360779458115526E-002
  3.627566762261469E-002
 -0.106207171168427     
  4.369998209541627E-003
  0.120437023944326     
 -7.564798584903186E-002
 -0.177417557783574     
 -0.402240278499901     
  6.185556598223397E-002
 -0.118196109472451     
  1.496581550434665E-002
  7.829303034831885E-002
 -0.104471055362571     
 -0.126911313432932     
 -7.564798584903186E-002
  0.949959191095283     
  0.227896325915275     
 -9.159998520683171E-002
  -1.17800301125236     
 -0.146586043731663     
  0.780479298233166     
 -0.113155805180204     
 -2.823496301120491E-002
 -0.216490173510588     
 -0.177417557783574     
  0.227896325915275     
   2.71514884945032     
 -9.261912192235003E-002
 -0.352503473959069     
  0.294173470039607     
 -3.986490060811294E-002
 -2.612031355914256E-002
  0.711894850967985     
  3.071337858267117E-002
 -0.402240278499901     
 -9.159998520683171E-002
 -9.261912192235003E-002
   3.18233400710845     
  0.409497735124230     
  0.144112306440939     
  9.460060711297949E-002
 -0.363797075569903     
  0.317193940957703     
  0.211451468620939     
  6.185556598223397E-002
  -1.17800301125236     
 -0.352503473959069     
  0.409497735124230     
   3.29798014304832     
