  1.796508457560542E-003
 -4.543822603092884E-004
 -3.514502157304329E-005
  1.774979632031095E-003
  1.249202492197560E-003
  3.045874860530354E-004
 -2.743865338570744E-004
 -1.774523261737846E-003
  2.764840989594872E-003
  1.338627920080366E-003
 -4.543822603092884E-004
  2.479223446736730E-003
 -1.623493557701586E-003
  2.084679848768759E-003
  6.852373102947741E-004
 -5.837854835291585E-004
  3.347977171222301E-005
  4.592144082887874E-003
  5.991559980325974E-004
  2.536511982134618E-003
 -3.514502157304329E-005
 -1.623493557701586E-003
  2.375338538598381E-003
 -2.787024983235115E-003
 -1.400769998146426E-003
  2.128192805479900E-004
  2.251242242663137E-004
  3.334087500479305E-004
 -4.185392994317107E-004
 -4.717919730155460E-003
  1.774979632031095E-003
  2.084679848768759E-003
 -2.787024983235115E-003
  1.088724144261782E-002
  2.333809291368814E-003
 -9.104659852764839E-004
 -2.066323301253992E-004
  1.165262610642743E-004
  8.406847072452137E-003
  6.606819214512262E-003
  1.249202492197560E-003
  6.852373102947741E-004
 -1.400769998146426E-003
  2.333809291368814E-003
  2.512844323515130E-003
  1.387793207860725E-004
 -4.853803079144975E-004
 -2.108713610161909E-003
  3.106499889275599E-004
  3.212786620200369E-003
  3.045874860530354E-004
 -5.837854835291585E-004
  2.128192805479900E-004
 -9.104659852764839E-004
  1.387793207860725E-004
  8.922322993485182E-004
 -4.763826466553846E-004
 -1.349260467252996E-003
 -3.581241237451806E-003
  3.864404212521648E-004
 -2.743865338570744E-004
  3.347977171222301E-005
  2.251242242663137E-004
 -2.066323301253992E-004
 -4.853803079144975E-004
 -4.763826466553846E-004
  2.640826302610021E-003
  6.682303504491788E-004
  5.284777533380677E-004
 -5.975274479171562E-003
 -1.774523261737846E-003
  4.592144082887874E-003
  3.334087500479305E-004
  1.165262610642743E-004
 -2.108713610161909E-003
 -1.349260467252996E-003
  6.682303504491788E-004
  1.919299766566740E-002
  2.078637970015231E-003
 -1.693890210488507E-003
  2.764840989594872E-003
  5.991559980325974E-004
 -4.185392994317108E-004
  8.406847072452140E-003
  3.106499889275599E-004
 -3.581241237451808E-003
  5.284777533380676E-004
  2.078637970015231E-003
  3.103444378514162E-002
  4.212526696461416E-003
  1.338627920080366E-003
  2.536511982134618E-003
 -4.717919730155460E-003
  6.606819214512262E-003
  3.212786620200369E-003
  3.864404212521648E-004
 -5.975274479171562E-003
 -1.693890210488507E-003
  4.212526696461415E-003
  2.840911224142595E-002
