  1.671939938362596E-002
 -6.969892864034418E-003
  1.701058891254218E-003
  1.354429000177964E-002
  9.544491330142731E-003
  3.115320266198737E-003
 -4.247770567510859E-003
 -2.028263914915772E-002
  2.617846031002388E-002
  1.113098299368873E-002
 -6.969892864034418E-003
  2.659267574637778E-002
 -1.600889150204153E-002
  1.735478408301131E-002
  3.469038189647553E-003
 -5.945763993375342E-003
  1.614281842160305E-003
  5.461869141842908E-002
 -4.242906102770941E-003
  1.745722332432217E-002
  1.701058891254218E-003
 -1.600889150204153E-002
  2.257128563179573E-002
 -2.341077760800788E-002
 -1.078392976654206E-002
  2.090797810958571E-003
  2.428716113914133E-003
 -5.663685958013502E-004
  3.475580725886908E-003
 -4.100757914487137E-002
  1.354429000177964E-002
  1.735478408301131E-002
 -2.341077760800788E-002
  9.663206342974461E-002
  1.582083533197224E-002
 -8.386976991784072E-003
 -3.091994779068277E-003
  3.378736109947724E-003
  6.854522875154688E-002
  5.141147684535954E-002
  9.544491330142731E-003
  3.469038189647553E-003
 -1.078392976654206E-002
  1.582083533197224E-002
  1.863975651359397E-002
  1.595729504707180E-003
 -5.966775551000641E-003
 -2.229252203213097E-002
 -2.380947410073933E-003
  2.538917658370305E-002
  3.115320266198737E-003
 -5.945763993375342E-003
  2.090797810958571E-003
 -8.386976991784072E-003
  1.595729504707180E-003
  8.940178912602490E-003
 -5.824727946435547E-003
 -1.405436720713024E-002
 -3.413313349646534E-002
  5.799779686353202E-003
 -4.247770567510859E-003
  1.614281842160305E-003
  2.428716113914133E-003
 -3.091994779068277E-003
 -5.966775551000641E-003
 -5.824727946435547E-003
  3.508195356733283E-002
  1.162519403641046E-002
  3.245539982699356E-003
 -7.205495730028606E-002
 -2.028263914915772E-002
  5.461869141842908E-002
 -5.663685958013502E-004
  3.378736109947724E-003
 -2.229252203213097E-002
 -1.405436720713024E-002
  1.162519403641046E-002
  0.214015084171698     
  4.081398239059359E-003
 -2.677612539371635E-002
  2.617846031002389E-002
 -4.242906102770941E-003
  3.475580725886908E-003
  6.854522875154688E-002
 -2.380947410073933E-003
 -3.413313349646534E-002
  3.245539982699356E-003
  4.081398239059361E-003
  0.302385639831854     
  3.124767330550409E-002
  1.113098299368873E-002
  1.745722332432217E-002
 -4.100757914487137E-002
  5.141147684535954E-002
  2.538917658370305E-002
  5.799779686353202E-003
 -7.205495730028606E-002
 -2.677612539371635E-002
  3.124767330550409E-002
  0.286673799461097     
