  2.087219965293716E-004
  9.982547952395708E-006
 -4.216744233524181E-005
  2.614505730395662E-004
  1.807257251544972E-004
  2.726867551735300E-005
 -4.232261134766559E-005
 -9.154000488246931E-005
  3.255866411003287E-004
  2.317640833236295E-004
  9.982547952395708E-006
  3.283895159513518E-004
 -2.186556120033755E-004
  3.552964127491593E-004
  1.582214513731324E-004
 -6.212914382700585E-005
 -1.439946698881123E-005
  5.836172817468321E-004
  1.583117568652900E-004
  3.862365396124603E-004
 -4.216744233524181E-005
 -2.186556120033755E-004
  2.655873297190507E-004
 -3.636094153758669E-004
 -2.025362547667126E-004
  2.238840172682867E-005
  3.544290552024793E-005
 -7.767790736716878E-005
 -9.063836846935981E-005
 -5.368055581492666E-004
  2.614505730395662E-004
  3.552964127491593E-004
 -3.636094153758669E-004
  1.302072884775283E-003
  3.849541831716866E-004
 -9.590380849067456E-005
 -6.357534682189794E-005
  2.766940021362124E-004
  9.622263509327985E-004
  8.742645903323645E-004
  1.807257251544972E-004
  1.582214513731324E-004
 -2.025362547667126E-004
  3.849541831716866E-004
  3.481667105193789E-004
  1.018408698497185E-005
 -7.634909562114057E-005
 -7.328344815973974E-005
  1.262435867556378E-004
  4.815144702190507E-004
  2.726867551735300E-005
 -6.212914382700585E-005
  2.238840172682867E-005
 -9.590380849067456E-005
  1.018408698497185E-005
  8.737622030993197E-005
 -4.486078878583829E-005
 -1.461540593410312E-004
 -3.579774605158732E-004
  3.401847631283598E-005
 -4.232261134766559E-005
 -1.439946698881123E-005
  3.544290552024793E-005
 -6.357534682189794E-005
 -7.634909562114057E-005
 -4.486078878583829E-005
  2.687508673843797E-004
  5.025867755653126E-005
  2.075517403111358E-005
 -6.294537195554493E-004
 -9.154000488246931E-005
  5.836172817468321E-004
 -7.767790736716878E-005
  2.766940021362124E-004
 -7.328344815973974E-005
 -1.461540593410312E-004
  5.025867755653126E-005
  2.063128653836202E-003
  4.107129490853958E-004
  8.139423009365854E-005
  3.255866411003287E-004
  1.583117568652900E-004
 -9.063836846935981E-005
  9.622263509327986E-004
  1.262435867556378E-004
 -3.579774605158733E-004
  2.075517403111358E-005
  4.107129490853956E-004
  3.145100982882208E-003
  5.601000158704832E-004
  2.317640833236295E-004
  3.862365396124603E-004
 -5.368055581492667E-004
  8.742645903323645E-004
  4.815144702190507E-004
  3.401847631283598E-005
 -6.294537195554493E-004
  8.139423009365854E-005
  5.601000158704830E-004
  2.985990836794587E-003
