  0.167253306268978     
 -9.248108384086309E-002
  5.457693959762246E-002
  9.398706420562790E-002
  6.885496251298855E-002
  1.595023095310473E-002
 -0.112811941919392     
 -0.196518791265865     
  0.277383605684173     
  7.849443005219364E-003
 -9.248108384085439E-002
  0.256181366700947     
 -7.271271678000588E-002
 -2.911096657748499E-002
 -3.681073899719379E-002
 -8.289904314839357E-002
  0.115444488875410     
  0.707417709052552     
 -0.169368419750022     
 -0.180437269923683     
  5.457693959762137E-002
 -7.271271678002658E-002
  0.115683043393268     
 -6.574318677750768E-002
 -1.704681775640646E-002
  2.372731956746124E-002
  6.748926549132450E-004
  8.570263759313015E-003
  6.594712017661072E-002
 -9.463704318279076E-002
  9.398706420564583E-002
 -2.911096657739296E-002
 -6.574318677755278E-002
  0.814607267846963     
  5.876636373924192E-002
 -0.107621391845180     
 -4.254302915056504E-002
 -0.278127707301850     
  0.668908279319749     
 -6.539367419868392E-002
  6.885496251297549E-002
 -3.681073899719773E-002
 -1.704681775640761E-002
  5.876636373917745E-002
  0.129717824156878     
  2.569510699296792E-003
 -0.104520734317860     
 -0.259738027302439     
 -5.173679331836007E-003
  5.233487216445293E-002
  1.595023095309031E-002
 -8.289904314840911E-002
  2.372731956749037E-002
 -0.107621391845237     
  2.569510699253943E-003
  0.132743141454500     
 -8.214835247424560E-002
 -0.194379314875697     
 -0.415922969561970     
  0.100612416057844     
 -0.112811941919388     
  0.115444488875493     
  6.748926548823739E-004
 -4.254302915053458E-002
 -0.104520734317826     
 -8.214835247430759E-002
   1.28688853910897     
  0.418608593764823     
 -0.135739077965016     
 -0.980335823252679     
 -0.196518791265814     
  0.707417709052527     
  8.570263759400357E-003
 -0.278127707301978     
 -0.259738027302447     
 -0.194379314875703     
  0.418608593764773     
   2.68833865618202     
 -0.362595673905651     
 -0.723162814123056     
  0.277383605684156     
 -0.169368419750047     
  6.594712017656933E-002
  0.668908279319874     
 -5.173679331714760E-003
 -0.415922969561933     
 -0.135739077965290     
 -0.362595673905950     
   3.25596177203528     
  0.231296426812401     
  7.849443005138679E-003
 -0.180437269923640     
 -9.463704318275418E-002
 -6.539367419896006E-002
  5.233487216438854E-002
  0.100612416058009     
 -0.980335823252584     
 -0.723162814122817     
  0.231296426811532     
   2.66944070821060     
