  0.143234302639365     
 -9.063840149612401E-002
  3.854269122180974E-002
  8.651975530732203E-002
  6.375650001698495E-002
  2.852230749167810E-002
  4.120237907332722E-003
 -0.218871906486383     
  0.233772511228044     
 -6.736049049532049E-003
 -9.063840149615279E-002
  0.194202130839411     
 -0.113220293140470     
  9.983666334809289E-002
 -5.511405994805885E-003
 -6.428322214679651E-002
  4.692815632727584E-002
  0.406509199036527     
  2.119701553135043E-002
  7.797486922875058E-002
  3.854269122179720E-002
 -0.113220293140459     
  0.199379651958406     
 -0.186145201487938     
 -6.775845373768938E-002
  2.676602012601593E-002
 -2.913196271109184E-002
  9.180033568864042E-002
 -1.623847015319980E-002
 -0.306184313264172     
  8.651975530730234E-002
  9.983666334820961E-002
 -0.186145201487963     
  0.899414962747001     
  7.285718725837896E-002
 -0.108410495703268     
  8.096478073688160E-002
 -0.100394077167648     
  0.816667652444560     
  0.304435649168353     
  6.375650001700194E-002
 -5.511405994805221E-003
 -6.775845373767719E-002
  7.285718725834348E-002
  0.147876305243081     
  1.065661870046640E-002
  1.146588788093422E-002
 -0.268515498709070     
 -4.465571840875458E-002
  7.149932568962233E-002
  2.852230749164876E-002
 -6.428322214680530E-002
  2.676602012600925E-002
 -0.108410495703340     
  1.065661870044765E-002
  8.936596940572074E-002
 -4.547859749820249E-002
 -0.142895933196329     
 -0.362840238039338     
  2.263064624078260E-002
  4.120237907382593E-003
  4.692815632730217E-002
 -2.913196271112645E-002
  8.096478073704613E-002
  1.146588788098932E-002
 -4.547859749822709E-002
  0.220646374257152     
  8.161552831088244E-002
  9.928634000874892E-002
 -0.411408057939346     
 -0.218871906486360     
  0.406509199036549     
  9.180033568868956E-002
 -0.100394077167781     
 -0.268515498709122     
 -0.142895933196324     
  8.161552831092675E-002
   1.87471381733567     
  0.161917731444174     
 -0.320633638118605     
  0.233772511228274     
  2.119701553143774E-002
 -1.623847015301783E-002
  0.816667652445038     
 -4.465571840875864E-002
 -0.362840238039240     
  9.928634000853594E-002
  0.161917731444266     
   3.08459492163967     
  0.289163309173348     
 -6.736049049581295E-003
  7.797486922877608E-002
 -0.306184313264088     
  0.304435649168088     
  7.149932568962107E-002
  2.263064624090197E-002
 -0.411408057939534     
 -0.320633638118378     
  0.289163309172781     
   2.17074076554891     
