  0.166245894761292     
 -2.709648536151180E-002
  7.639883659292552E-004
  0.161802312346517     
  0.112760659398810     
  2.056365387601537E-002
 -1.400435729157518E-003
 -9.850093603429816E-002
  0.285481054330820     
  6.682462731493459E-002
 -2.709648536149685E-002
  0.296928686206825     
 -0.174217073709908     
  0.272283848850069     
  8.819711836436568E-002
 -7.555240467476428E-002
  4.771822164158764E-002
  0.603545602512889     
  0.159145488168048     
  0.173885288181070     
  7.639883659283010E-004
 -0.174217073709929     
  0.211433484067838     
 -0.253396088339697     
 -0.121335812416306     
  3.135649529630905E-002
 -2.930928431205720E-002
 -7.989324759712033E-002
 -6.069554894107974E-002
 -0.302774739110208     
  0.161802312346562     
  0.272283848850105     
 -0.253396088339711     
   1.08425668893279     
  0.210744870668819     
 -0.123058638280424     
  6.031925573973710E-002
  0.306202927986119     
  0.932766137072414     
  0.407612710983891     
  0.112760659398848     
  8.819711836435384E-002
 -0.121335812416253     
  0.210744870668774     
  0.227075874354226     
  4.703753143606102E-004
 -9.504093312482407E-004
 -8.523330663115433E-002
  6.389300433884336E-002
  0.175012421504595     
  2.056365387600113E-002
 -7.555240467476773E-002
  3.135649529632044E-002
 -0.123058638280452     
  4.703753143295721E-004
  8.667821316563652E-002
 -4.072881880362554E-002
 -0.172096642800757     
 -0.366440644638553     
  1.078415154772365E-002
 -1.400435729124293E-003
  4.771822164168166E-002
 -2.930928431212048E-002
  6.031925573987681E-002
 -9.504093311951977E-004
 -4.072881880365634E-002
  0.222403824950974     
  9.918502015824569E-002
  7.033266363413053E-002
 -0.409839410064221     
 -9.850093603427239E-002
  0.603545602512766     
 -7.989324759703682E-002
  0.306202927985814     
 -8.523330663128469E-002
 -0.172096642800757     
  9.918502015821463E-002
   2.13014653368156     
  0.514689789188070     
 -1.968846918144594E-002
  0.285481054330939     
  0.159145488168120     
 -6.069554894111450E-002
  0.932766137072632     
  6.389300433884704E-002
 -0.366440644638579     
  7.033266363395399E-002
  0.514689789188431     
   3.10584530908505     
  0.392480063314375     
  6.682462731483052E-002
  0.173885288180981     
 -0.302774739110110     
  0.407612710983709     
  0.175012421504564     
  1.078415154776719E-002
 -0.409839410064438     
 -1.968846918110190E-002
  0.392480063313883     
   2.08717974810356     
