  0.138432432588412     
 -0.123435637577611     
  6.299858866199787E-002
  4.913126786268163E-002
  4.307940199317548E-002
  3.169330391646843E-002
 -2.360567820656114E-002
 -0.272507965538312     
  0.243738611135399     
  1.047044848734714E-003
 -0.123435637577630     
  0.230135343783764     
 -0.114440586010372     
  6.169123797984655E-002
 -2.884990422911645E-002
 -6.282632657912422E-002
  7.894835847017699E-002
  0.540525685128588     
 -0.154394917246121     
 -4.300857747968176E-002
  6.299858866198958E-002
 -0.114440586010360     
  0.182558952015626     
 -0.121703719668851     
 -4.450740585512084E-002
  2.182635740143348E-002
 -3.733997636378003E-002
  3.749283263891569E-002
  0.117938628694569     
 -0.209816580644176     
  4.913126786270492E-002
  6.169123797996146E-002
 -0.121703719668922     
  0.742792034574411     
  2.149121241768477E-002
 -8.845647128542604E-002
  6.557657377823572E-002
 -6.429763737466887E-002
  0.594110997656887     
  0.131414961645124     
  4.307940199317335E-002
 -2.884990422910909E-002
 -4.450740585511224E-002
  2.149121241765456E-002
  0.104076939065444     
  1.689368110348895E-002
 -1.045549903335642E-002
 -0.275451606853783     
 -9.381052222268052E-002
  4.937010863507504E-002
  3.169330391644148E-002
 -6.282632657912970E-002
  2.182635740142570E-002
 -8.845647128548736E-002
  1.689368110347784E-002
  8.754134076293854E-002
 -6.431849735547004E-002
 -0.152451083322067     
 -0.324085231932961     
  6.685578720318053E-002
 -2.360567820652501E-002
  7.894835847019692E-002
 -3.733997636379023E-002
  6.557657377831524E-002
 -1.045549903334531E-002
 -6.431849735547979E-002
  0.341450803288397     
  0.183533211107093     
  4.749780918035100E-002
 -0.581865761672530     
 -0.272507965538387     
  0.540525685128535     
  3.749283263889871E-002
 -6.429763737499820E-002
 -0.275451606853828     
 -0.152451083322038     
  0.183533211107156     
   2.22042744895019     
 -0.144312148244269     
 -0.522057638530761     
  0.243738611135514     
 -0.154394917246053     
  0.117938628694660     
  0.594110997657189     
 -9.381052222269073E-002
 -0.324085231932927     
  4.749780918018973E-002
 -0.144312148243855     
   3.00243519644333     
  0.169417643933189     
  1.047044848671407E-003
 -4.300857747963054E-002
 -0.209816580644302     
  0.131414961644886     
  4.937010863509728E-002
  6.685578720317945E-002
 -0.581865761672553     
 -0.522057638530470     
  0.169417643932773     
   2.24143243524243     
