 sig_xi =   0.199999999999994     
 size_data =         5000
 Ndraws =      1000000
 INFO_HESS =            1
 multiplier   10.0000000000000     
 acceptance      349822
 acceptance_all           0        3503        7103       10571       14032
       17540       21036       24528       27933       31523       34960
       38508       42008       45437       48960       52397       55841
       59385       62798       66231       69732       73237       76663
       80168       83564       87022       90516       94002       97519
      101143      104610      108175      111653      115190      118595
      122031      125547      129014      132592      135990      139495
      143012      146460      150037      153458      156915      160404
      163890      167317      170822      174367      177879      181408
      184930      188530      191972      195436      198940      202444
      206012      209394      212852      216315      219826      223293
      226811      230337      233810      237342      240862      244296
      247803      251320      254802      258408      261959      265470
      268950      272522      276127      279678      283171      286628
      290163      293632      297162      300776      304282      307814
      311370      314770      318348      321831      325328      328781
      332256      335762      339296      342801      346307
 x0 =   0.700000000000000       0.500000000000000       0.150000000000000     
  0.700000000000000       0.800000000000000       0.800000000000000     
  0.800000000000000        1.00000000000000        1.00000000000000     
   1.00000000000000     
 Ln_x0  -26.2819059935113     
 Ln_xlast=  -13.2256038452719     
