 sig_xi =   0.499999999999961     
 size_data =         5000
 Ndraws =      1000000
 INFO_HESS =            1
 multiplier   1.00000000000000     
 acceptance      463985
 acceptance_all           0        4711        9245       13709       18379
       23000       27560       32351       36977       41600       46323
       51054       55748       60320       64973       69659       74315
       78946       83629       88297       92793       97641      102309
      107015      111477      116111      120779      125354      130016
      134649      139315      143967      148660      153227      157871
      162524      167152      171738      176473      180996      185671
      190123      194624      199179      203918      208578      213232
      217790      222389      227017      231566      236203      240883
      245584      250134      254800      259490      264065      268639
      273278      277872      282505      287196      291899      296406
      301184      305868      310583      315196      319840      324478
      329131      333810      338428      343026      347681      352517
      357142      361837      366432      371151      375787      380445
      385272      389951      394483      399139      403755      408363
      413070      417684      422274      426979      431519      436179
      440923      445514      450145      454713      459387
 x0 =   0.700000000000000       0.500000000000000       0.150000000000000     
  0.700000000000000       0.800000000000000       0.800000000000000     
  0.800000000000000        1.00000000000000        1.00000000000000     
   1.00000000000000     
 Ln_x0  -26.2819059935113     
 Ln_xlast=  -19.2046612065458     
