 sig_xi =   5.000000000000041E-002
 size_data =         5000
 Ndraws =      1000000
 INFO_HESS =            1
 multiplier   100.000000000000     
 acceptance      453798
 acceptance_all           0        4524        9086       13655       18189
       22701       27303       31819       36179       40780       45342
       49946       54480       59093       63668       68280       72848
       77313       81825       86356       90898       95576      100183
      104728      109201      113637      118138      122699      127273
      131802      136305      140897      145382      149890      154509
      159123      163658      168130      172749      177267      181805
      186326      190938      195521      200085      204616      209160
      213690      218190      222719      227244      231719      236272
      240796      245282      249742      254205      258772      263393
      267905      272398      276945      281458      285976      290507
      294978      299497      304035      308475      313025      317594
      322146      326647      331133      335695      340238      344684
      349223      353801      358404      362972      367532      371999
      376611      381161      385728      390284      394838      399375
      403907      408391      412908      417461      421984      426484
      431025      435593      440202      444732      449317
 x0 =   0.700000000000000       0.500000000000000       0.150000000000000     
  0.700000000000000       0.800000000000000       0.800000000000000     
  0.800000000000000        1.00000000000000        1.00000000000000     
   1.00000000000000     
 Ln_x0  -26.2819059935113     
 Ln_xlast=  -12.2837572295547     
