 sig_xi =   1.999999999999993E-002
 size_data =         5000
 Ndraws =      1000000
 INFO_HESS =            1
 multiplier   1000.00000000000     
 acceptance      349821
 acceptance_all           0        3587        7137       10660       14069
       17743       21253       24804       28320       31794       35289
       38834       42228       45690       49219       52680       56197
       59665       63177       66612       70131       73616       77054
       80546       84003       87541       90990       94448       97967
      101371      104841      108293      111846      115334      118826
      122306      125806      129257      132738      136254      139764
      143170      146742      150253      153750      157222      160729
      164275      167775      171249      174762      178225      181800
      185275      188793      192245      195805      199362      202843
      206417      209830      213300      216799      220256      223818
      227348      230854      234348      237912      241464      245031
      248543      252125      255602      259126      262616      266141
      269628      273059      276560      280073      283620      287001
      290497      294015      297431      300988      304457      307990
      311374      314850      318422      321934      325511      328970
      332356      335938      339393      342782      346243
 x0 =   0.700000000000000       0.500000000000000       0.150000000000000     
  0.700000000000000       0.800000000000000       0.800000000000000     
  0.800000000000000        1.00000000000000        1.00000000000000     
   1.00000000000000     
 Ln_x0  -26.2819059935113     
 Ln_xlast=  -12.2008575231372     
