   1.39498008123176     
   1.16250184071313     
  0.106548969304395     
  0.220084733602417     
  0.710894225359892     
  2.690001710518228E-002
  0.103031257752119     
   3.96300363496633     
  0.716713834038393     
  0.166049903278631     
   1.16250184071313     
   3.70779813863196     
  -1.91101607561745     
   2.21131036062252     
  0.713355504329668     
 -0.364266888678725     
  0.213452512003385     
   8.87454467105594     
   1.79874141492955     
   2.01749548923227     
  0.106548969304395     
  -1.91101607561745     
   2.76298400723885     
  -2.65528728037730     
 -0.186074254798409     
  0.354001502955829     
 -0.174019388054019     
  -1.25375149413440     
  -1.96031052204221     
  -2.50990671102923     
  0.220084733602417     
   2.21131036062252     
  -2.65528728037730     
   3.34345490466019     
  0.198315851005095     
 -0.554024615776028     
  0.250571969918325     
   2.56949726299105     
   3.14254667483213     
   2.95072737534737     
  0.710894225359892     
  0.713355504329668     
 -0.186074254798409     
  0.198315851005095     
  0.482562554683448     
  5.619090778037419E-002
  4.627787774751754E-002
   1.87351676298225     
  0.134529327165056     
  0.219096057446206     
  2.690001710518228E-002
 -0.364266888678725     
  0.354001502955829     
 -0.554024615776028     
  5.619090778037419E-002
  0.393273793527117     
 -8.538664052799474E-002
 -0.653441545659330     
  -1.50753393260576     
 -0.344315604287573     
  0.103031257752119     
  0.213452512003385     
 -0.174019388054019     
  0.250571969918325     
  4.627787774751754E-002
 -8.538664052799474E-002
  0.432690202639824     
  0.399931230148806     
  0.509654729244512     
 -0.422825098061863     
   3.96300363496633     
   8.87454467105594     
  -1.25375149413440     
   2.56949726299105     
   1.87351676298225     
 -0.653441545659330     
  0.399931230148806     
   27.9709557446235     
   2.82203261004044     
   2.19450522545542     
  0.716713834038393     
   1.79874141492955     
  -1.96031052204221     
   3.14254667483213     
  0.134529327165056     
  -1.50753393260576     
  0.509654729244512     
   2.82203261004044     
   8.31768661942194     
   2.16076308477233     
  0.166049903278631     
   2.01749548923227     
  -2.50990671102923     
   2.95072737534737     
  0.219096057446206     
 -0.344315604287573     
 -0.422825098061862     
   2.19450522545542     
   2.16076308477233     
   4.55297198598133     
