  0.124908544218387     
  9.123655524921390E-002
  1.399746657873914E-002
  1.881342228891092E-002
  6.919021199039459E-002
  5.537848717657022E-003
  1.269130375924547E-002
  0.314101315431655     
  6.659037004356745E-002
  9.703286033163314E-003
  9.123655524921390E-002
  0.308610462648038     
 -0.166083893162185     
  0.206305972540634     
  6.580471726485326E-002
 -3.174191743599275E-002
  2.386107076781795E-002
  0.713352427503202     
  0.170321787663650     
  0.181155726227450     
  1.399746657873914E-002
 -0.166083893162185     
  0.248759261733841     
 -0.249625926143799     
 -1.729442682568033E-002
  3.263462992955362E-002
 -1.869294540489427E-002
 -8.579980833643742E-002
 -0.182716261557627     
 -0.233338746412634     
  1.881342228891092E-002
  0.206305972540634     
 -0.249625926143799     
  0.329211540829648     
  2.028379900949150E-002
 -5.474998807823803E-002
  2.776311442129854E-002
  0.229388224257828     
  0.315949251348970     
  0.284235711606057     
  6.919021199039459E-002
  6.580471726485326E-002
 -1.729442682568033E-002
  2.028379900949150E-002
  5.033632060619368E-002
  6.934696833036766E-003
  6.503493011830932E-003
  0.167973206450444     
  1.222305596900137E-002
  2.006139105343387E-002
  5.537848717657022E-003
 -3.174191743599275E-002
  3.263462992955362E-002
 -5.474998807823803E-002
  6.934696833036766E-003
  3.899564253816305E-002
 -9.012533174214070E-003
 -5.352170933547111E-002
 -0.151399520460917     
 -3.208503536126917E-002
  1.269130375924547E-002
  2.386107076781795E-002
 -1.869294540489427E-002
  2.776311442129854E-002
  6.503493011830932E-003
 -9.012533174214070E-003
  4.323873736657767E-002
  4.457142806331674E-002
  5.650898103941498E-002
 -4.134440886859850E-002
  0.314101315431655     
  0.713352427503202     
 -8.579980833643742E-002
  0.229388224257828     
  0.167973206450444     
 -5.352170933547111E-002
  4.457142806331674E-002
   2.25673549034104     
  0.268397328272539     
  0.176964001993735     
  6.659037004356745E-002
  0.170321787663650     
 -0.182716261557627     
  0.315949251348970     
  1.222305596900138E-002
 -0.151399520460917     
  5.650898103941498E-002
  0.268397328272539     
  0.842582273397419     
  0.207163228429194     
  9.703286033163314E-003
  0.181155726227450     
 -0.233338746412634     
  0.284235711606057     
  2.006139105343387E-002
 -3.208503536126917E-002
 -4.134440886859850E-002
  0.176964001993735     
  0.207163228429194     
  0.441766190896655     
