  1.244767300019094E-003
  9.141461954278241E-004
  1.193152795818330E-004
  2.036527693648217E-004
  6.946373700690850E-004
  4.923085164145077E-005
  1.224267245266328E-004
  3.096468127315745E-003
  7.055953450298794E-004
  1.280272751136446E-004
  9.141461954278241E-004
  3.138467881647612E-003
 -1.739982622870848E-003
  2.142078033246649E-003
  6.751962365685964E-004
 -3.281038945495253E-004
  2.556251804170234E-004
  7.148152503131166E-003
  1.806644503911398E-003
  1.889180375879635E-003
  1.193152795818330E-004
 -1.739982622870848E-003
  2.547029689247466E-003
 -2.570959327000876E-003
 -1.927003224129314E-004
  3.317209810612445E-004
 -2.079138808706727E-004
 -1.005893743601779E-003
 -1.906828738988812E-003
 -2.392690566629656E-003
  2.036527693648217E-004
  2.142078033246649E-003
 -2.570959327000876E-003
  3.396393852684637E-003
  2.198152206383167E-004
 -5.666301962484853E-004
  2.988065422142109E-004
  2.416767032919956E-003
  3.304728796363217E-003
  2.933126839246523E-003
  6.946373700690850E-004
  6.751962365685964E-004
 -1.927003224129314E-004
  2.198152206383167E-004
  5.076891431341717E-004
  6.667220855616314E-005
  6.403936739298940E-005
  1.692038790383665E-003
  1.465831686525425E-004
  2.276390044979827E-004
  4.923085164145077E-005
 -3.281038945495253E-004
  3.317209810612445E-004
 -5.666301962484853E-004
  6.667220855616314E-005
  3.974640588413603E-004
 -9.575046575922494E-005
 -5.697887561862735E-004
 -1.561078443644390E-003
 -3.358844552399692E-004
  1.224267245266328E-004
  2.556251804170234E-004
 -2.079138808706727E-004
  2.988065422142109E-004
  6.403936739298940E-005
 -9.575046575922494E-005
  4.302514069567055E-004
  4.659432748247924E-004
  5.928398410483613E-004
 -3.932883902334966E-004
  3.096468127315745E-003
  7.148152503131166E-003
 -1.005893743601779E-003
  2.416767032919956E-003
  1.692038790383665E-003
 -5.697887561862735E-004
  4.659432748247924E-004
  2.231038305285930E-002
  2.909153161354574E-003
  1.909304856192576E-003
  7.055953450298795E-004
  1.806644503911398E-003
 -1.906828738988812E-003
  3.304728796363219E-003
  1.465831686525425E-004
 -1.561078443644390E-003
  5.928398410483613E-004
  2.909153161354573E-003
  8.720657231426404E-003
  2.194737388346243E-003
  1.280272751136446E-004
  1.889180375879635E-003
 -2.392690566629656E-003
  2.933126839246523E-003
  2.276390044979827E-004
 -3.358844552399692E-004
 -3.932883902334966E-004
  1.909304856192576E-003
  2.194737388346243E-003
  4.498272461052995E-003
