  1.247487188962548E-002
  9.333075859923583E-003
  1.096386246320272E-003
  2.259162841300592E-003
  6.952122781584749E-003
  4.892517837871566E-004
  1.225268403989901E-003
  3.151329442186245E-002
  7.110814274650593E-003
  1.690783158039051E-003
  9.333075859923583E-003
  3.143112780469869E-002
 -1.719959001036988E-002
  2.117426659379988E-002
  6.897040832358882E-003
 -3.045464668350662E-003
  2.521046625589409E-003
  7.200866730437028E-002
  1.713827217437036E-002
  1.874274118212224E-002
  1.096386246320272E-003
 -1.719959001036988E-002
  2.493592989416851E-002
 -2.511387716407901E-002
 -1.999188612056199E-003
  3.136350027459622E-003
 -2.037821975267051E-003
 -1.027653809001737E-002
 -1.817560514621882E-002
 -2.317137962187839E-002
  2.259162841300592E-003
  2.117426659379988E-002
 -2.511387716407901E-002
  3.309385182134070E-002
  2.415052288800016E-003
 -5.321385595138972E-003
  2.882159306741052E-003
  2.421522834436545E-002
  3.139488827137527E-002
  2.849747482077263E-002
  6.952122781584749E-003
  6.897040832358882E-003
 -1.999188612056199E-003
  2.415052288800016E-003
  5.061960598427319E-003
  6.188579849949775E-004
  6.708428135078665E-004
  1.736042877974277E-002
  1.702548248042809E-003
  2.549243917023763E-003
  4.892517837871566E-004
 -3.045464668350662E-003
  3.136350027459622E-003
 -5.321385595138972E-003
  6.188579849949775E-004
  3.806769573976060E-003
 -9.470191350569981E-004
 -5.172993592532400E-003
 -1.476450458668065E-002
 -2.976390662649434E-003
  1.225268403989901E-003
  2.521046625589409E-003
 -2.037821975267051E-003
  2.882159306741052E-003
  6.708428135078665E-004
 -9.470191350569981E-004
  4.267928010661357E-003
  4.592820620475720E-003
  5.839506742940545E-003
 -3.964251882567549E-003
  3.151329442186245E-002
  7.200866730437028E-002
 -1.027653809001737E-002
  2.421522834436545E-002
  1.736042877974277E-002
 -5.172993592532400E-003
  4.592820620475720E-003
  0.224510830520412     
  2.724765675271279E-002
  1.969890774724659E-002
  7.110814274650595E-003
  1.713827217437036E-002
 -1.817560514621883E-002
  3.139488827137527E-002
  1.702548248042809E-003
 -1.476450458668066E-002
  5.839506742940545E-003
  2.724765675271279E-002
  8.298353786987196E-002
  2.032633849632455E-002
  1.690783158039051E-003
  1.874274118212224E-002
 -2.317137962187839E-002
  2.849747482077263E-002
  2.549243917023763E-003
 -2.976390662649434E-003
 -3.964251882567549E-003
  1.969890774724659E-002
  2.032633849632455E-002
  4.405432774453222E-002
