   1.21347552333716     
  0.880136763189247     
  0.137434904826933     
  0.205518500569332     
  0.664883749490664     
  3.225627540015089E-002
  0.138906166072152     
   3.03954586356569     
  0.766860966905558     
  0.131702758572808     
  0.880136763185643     
   3.16743636890053     
  -1.79739388243106     
   2.22089254837089     
  0.655425100718536     
 -0.339344224205689     
  0.294495370097556     
   7.14600599947345     
   1.87412220281196     
   1.92546950841017     
  0.137434904829401     
  -1.79739388242783     
   2.58738059865821     
  -2.62289253476754     
 -0.190978865088003     
  0.323996179829434     
 -0.237058261715480     
  -1.10111405731973     
  -1.88576835399166     
  -2.39079750269172     
  0.205518500565668     
   2.22089254836580     
  -2.62289253476786     
   3.43858843887538     
  0.240641982104060     
 -0.542274205707330     
  0.327000493484866     
   2.53871659710211     
   3.21266191136075     
   2.94251260558686     
  0.664883749491104     
  0.655425100721549     
 -0.190978865089691     
  0.240641982106508     
  0.481219434552499     
  4.633285177529759E-002
  7.985365902734098E-002
   1.64987404448066     
  0.224871308227542     
  0.239602139634147     
  3.225627540261134E-002
 -0.339344224202588     
  0.323996179830418     
 -0.542274205708609     
  4.633285177707964E-002
  0.362643854260823     
 -0.102561751737836     
 -0.607455244932794     
  -1.40911036380412     
 -0.301702872495155     
  0.138906166072719     
  0.294495370098312     
 -0.237058261715462     
  0.327000493484960     
  7.985365902783249E-002
 -0.102561751737869     
  0.455763249549053     
  0.535252714772472     
  0.642938385242219     
 -0.396340230987050     
   3.03954586355869     
   7.14600599948141     
  -1.10111405733135     
   2.53871659712070     
   1.64987404447414     
 -0.607455244944662     
  0.535252714769809     
   22.1656375521641     
   3.10212317248138     
   1.98111304847244     
  0.766860966898572     
   1.87412220279924     
  -1.88576835399206     
   3.21266191135983     
  0.224871308223155     
  -1.40911036380091     
  0.642938385242398     
   3.10212317243832     
   8.06825078546288     
   2.05491335992094     
  0.131702758569829     
   1.92546950840614     
  -2.39079750269128     
   2.94251260558632     
  0.239602139631867     
 -0.301702872493916     
 -0.396340230987125     
   1.98111304845919     
   2.05491335992133     
   4.50814851732319     
