   1.20969828676586     
  0.848005859047850     
  0.152004570655476     
  0.167208073081874     
  0.663963051408561     
  3.209745230636209E-002
  0.138872714901441     
   2.94280822183934     
  0.760189825644741     
  5.708078556937398E-002
  0.848005859044993     
   3.17012563614217     
  -1.84010860916070     
   2.27431567162548     
  0.627139879438349     
 -0.388327947170772     
  0.302100016506175     
   7.07755186958145     
   2.06414233936371     
   1.95902953491905     
  0.152004570657856     
  -1.84010860915728     
   2.69053340875319     
  -2.73800348934675     
 -0.176878702849620     
  0.361417964558129     
 -0.245659198538052     
  -1.07446868765964     
  -2.06322324688422     
  -2.53495842526288     
  0.167208073078955     
   2.27431567161999     
  -2.73800348934597     
   3.60838675498031     
  0.198099262795729     
 -0.612349472341752     
  0.348916994418292     
   2.55141659196132     
   3.54262690483601     
   3.10217349547521     
  0.663963051409517     
  0.627139879441618     
 -0.176878702850943     
  0.198099262797351     
  0.483365978865850     
  5.553079672246127E-002
  7.340701157923071E-002
   1.56495721209462     
  0.177914846263689     
  0.186845394237937     
  3.209745230891341E-002
 -0.388327947167558     
  0.361417964558938     
 -0.612349472343499     
  5.553079672417435E-002
  0.395909315804931     
 -0.105040086881830     
 -0.716044852115029     
  -1.57725189856986     
 -0.378384891381569     
  0.138872714901980     
  0.302100016507178     
 -0.245659198538241     
  0.348916994418084     
  7.340701157972443E-002
 -0.105040086881781     
  0.463247439919604     
  0.550021673670908     
  0.661985057907814     
 -0.390125721961269     
   2.94280822183015     
   7.07755186958420     
  -1.07446868767306     
   2.55141659198161     
   1.56495721208271     
 -0.716044852130128     
  0.550021673668366     
   21.9800714901977     
   3.48785851700718     
   1.88611299554676     
  0.760189825635252     
   2.06414233935284     
  -2.06322324688820     
   3.54262690484258     
  0.177914846257457     
  -1.57725189856936     
  0.661985057908622     
   3.48785851695422     
   8.90681467596284     
   2.37489273397973     
  5.708078556573874E-002
   1.95902953491337     
  -2.53495842526224     
   3.10217349547637     
  0.186845394235082     
 -0.378384891380867     
 -0.390125721961121     
   1.88611299552788     
   2.37489273397790     
   4.68532213014908     
