   1.36122126901745     
   1.14453786177812     
  0.153823386042949     
  0.166197961097174     
  0.669331990305871     
  3.140282758335561E-003
  0.105412307346625     
   4.02613529484704     
  0.728203933196106     
  9.341182899121199E-002
   1.14453786177335     
   3.84138666287219     
  -1.97240468484039     
   2.24747726158571     
  0.661311054534932     
 -0.421692267446086     
  0.210353451767393     
   9.28529825955232     
   1.91192532938336     
   2.03169874150664     
  0.153823386045323     
  -1.97240468483522     
   2.88605050613900     
  -2.72921137010658     
 -0.148814308091431     
  0.376505668749679     
 -0.167957944742872     
  -1.27051216183376     
  -2.02296072825549     
  -2.57341797062904     
  0.166197961094036     
   2.24747726157893     
  -2.72921137010665     
   3.39696895804283     
  0.158127248025518     
 -0.565144972323479     
  0.250431803306031     
   2.58102197223332     
   3.16033841210908     
   2.98200932772740     
  0.669331990306486     
  0.661311054539256     
 -0.148814308092993     
  0.158127248027566     
  0.457363620439662     
  4.320561047496140E-002
  4.512046195996185E-002
   1.77886375449570     
  0.142997565742183     
  0.170967385551992     
  3.140282761194162E-003
 -0.421692267442018     
  0.376505668751143     
 -0.565144972325489     
  4.320561047718906E-002
  0.374099564830930     
 -8.630002949557991E-002
 -0.805047069228440     
  -1.44204086778884     
 -0.355435803201769     
  0.105412307347109     
  0.210353451768077     
 -0.167957944742685     
  0.250431803305650     
  4.512046196038248E-002
 -8.630002949550372E-002
  0.454959554223434     
  0.406319622221109     
  0.523613168168235     
 -0.455299797197235     
   4.02613529483618     
   9.28529825955908     
  -1.27051216184900     
   2.58102197225312     
   1.77886375448516     
 -0.805047069242711     
  0.406319622218954     
   29.5201399609600     
   3.09465485502999     
   2.14743702127203     
  0.728203933184743     
   1.91192532936601     
  -2.02296072826026     
   3.16033841211513     
  0.142997565733892     
  -1.44204086778774     
  0.523613168168694     
   3.09465485496911     
   8.08826785890778     
   2.13359458800616     
  9.341182898759542E-002
   2.03169874149975     
  -2.57341797062924     
   2.98200932772828     
  0.170967385549126     
 -0.355435803200748     
 -0.455299797196720     
   2.14743702125171     
   2.13359458800418     
   4.62750552811563     
