   1.21017725930989     
  0.830102042106336     
  0.198082384139292     
  0.129212215768620     
  0.657156382166607     
  4.566983181641686E-002
  0.148360498309686     
   2.99115349853745     
  0.676537351872868     
 -1.372780798471506E-002
  0.830102042102727     
   3.02938933730297     
  -1.66387732148213     
   2.09504521734164     
  0.590010749041098     
 -0.361918692852930     
  0.265536059179038     
   6.95409468061194     
   1.84204694914343     
   1.78136138145342     
  0.198082384142306     
  -1.66387732147862     
   2.55243590696404     
  -2.56863041331885     
 -0.136230062371960     
  0.346109916828592     
 -0.200805441042084     
 -0.747065999787686     
  -1.88727964189101     
  -2.39684729708496     
  0.129212215764865     
   2.09504521733572     
  -2.56863041331778     
   3.37915226249978     
  0.162540746277422     
 -0.569778381176445     
  0.303760564430119     
   2.26425627430422     
   3.23883751526418     
   2.89814221357395     
  0.657156382166778     
  0.590010749043709     
 -0.136230062373821     
  0.162540746280037     
  0.476645916653698     
  6.161347345463594E-002
  7.591610025953043E-002
   1.53023253099459     
  0.128900252833454     
  0.130173677371548     
  4.566983181933627E-002
 -0.361918692849647     
  0.346109916829484     
 -0.569778381178099     
  6.161347345682390E-002
  0.379328193225012     
 -9.335904815450850E-002
 -0.638170068010860     
  -1.47888507405141     
 -0.343430201943755     
  0.148360498310360     
  0.265536059179685     
 -0.200805441041973     
  0.303760564429637     
  7.591610025992993E-002
 -9.335904815453652E-002
  0.467131855848568     
  0.505835728223761     
  0.606229730877578     
 -0.434571381289501     
   2.99115349852869     
   6.95409468061637     
 -0.747065999801605     
   2.26425627432441     
   1.53023253098758     
 -0.638170068024984     
  0.505835728221010     
   22.2278265994619     
   3.01275938601262     
   1.56058694939024     
  0.676537351863367     
   1.84204694913299     
  -1.88727964189398     
   3.23883751526817     
  0.128900252826686     
  -1.47888507405026     
  0.606229730877933     
   3.01275938596728     
   8.30987562007553     
   2.10881455031607     
 -1.372780798791791E-002
   1.78136138144838     
  -2.39684729708343     
   2.89814221357328     
  0.130173677369622     
 -0.343430201941844     
 -0.434571381289045     
   1.56058694937401     
   2.10881455031087     
   4.50390533209476     
