 sig_xi =   0.699999999999939     
 size_data =          225
 Ndraws =     10000000
 INFO_HESS =            1
 multiplier   1.00000000000000     
 acceptance     3994404
 acceptance_all           0        3981        7989       12028       15999
       20001       24148       28106       32298       36311       40336
       44313       48236       52210       56053       59911       64008
       68062       72039       76170       80091       83822       87865
       92019       95922       99822      103616      107481      111488
      115649      119715      123522      127571      131469      135300
      139387      143212      147320      151164      154839      158805
      162726      166644      170428      174512      178446      182512
      186414      190313      194433      198458      202563      206598
      210651      214638      218498      222336      226247      230202
      234034      238041      241872      245871      249802      253913
      257917      262071      266251      270096      274018      277959
      281756      285700      289541      293333      297204      301073
      304993      308957      313032      317114      321187      325241
      329346      333168      337117      341054      345187      349128
      353106      357281      361306      365318      369373      373444
      377546      381646      385417      389602      393380      397156
      401191      405035      409088      413077      417143      421145
      425223      429151      433194      437366      441318      445369
      449336      453389      457457      461631      465573      469556
      473602      477656      481717      485790      489754      493897
      497911      501913      506074      510012      514052      518223
      522281      526303      530414      534605      538643      542750
      546712      550761      554644      558564      562547      566546
      570620      574654      578699      582577      586667      590719
      594752      598771      602891      607018      611050      615043
      619130      623144      626945      630986      634973      639146
      643217      647269      651332      655309      659377      663219
      667013      671032      675050      679046      683135      687158
      691251      695273      699231      703154      707148      711164
      715255      719455      723269      727169      731047      735142
      739247      743230      747031      751061      755092      759186
      763297      767449      771499      775351      779256      783337
      787454      791488      795469      799483      803428      807200
      811272      815311      819512      823511      827619      831622
      835694      839825      844151      848193      852257      856424
      860534      864588      868410      872261      876310      880384
      884309      888357      892342      896284      900314      904427
      908257      912040      915920      919726      923619      927533
      931404      935449      939215      943180      947164      951157
      954944      958971      963111      967055      971051      975106
      979035      982946      986871      990975      995019      999048
     1003248     1007315     1011408     1015466     1019546     1023438
     1027324     1031340     1035379     1039344     1043407     1047540
     1051285     1055099     1059117     1063201     1067045     1071125
     1075164     1079184     1083013     1086926     1090952     1094958
     1099093     1103092     1107205     1111217     1115247     1119295
     1123312     1127422     1131521     1135661     1139433     1143230
     1147311     1151373     1155442     1159213     1163054     1166875
     1170953     1174934     1178915     1182881     1186953     1190903
     1195101     1199187     1203232     1207247     1211069     1214770
     1218639     1222679     1226653     1230766     1234691     1238836
     1243017     1246959     1250773     1254593     1258717     1262699
     1266611     1270315     1274067     1278111     1282049     1286180
     1290395     1294495     1298569     1302545     1306430     1310453
     1314503     1318624     1322767     1326965     1331080     1334986
     1339033     1343164     1347029     1350988     1355128     1359038
     1363157     1367274     1371284     1375263     1379280     1383403
     1387393     1391445     1395583     1399640     1403706     1407715
     1411447     1415503     1419387     1423397     1427400     1431532
     1435625     1439589     1443724     1447763     1451821     1455877
     1459869     1463937     1467943     1471886     1475905     1479745
     1483610     1487510     1491433     1495267     1499380     1503309
     1507061     1511018     1514896     1518941     1522958     1527095
     1531095     1535049     1539115     1543230     1547238     1551322
     1555397     1559318     1563198     1567131     1571089     1575274
     1579347     1583178     1586960     1590749     1594645     1598618
     1602690     1606615     1610701     1614753     1618794     1622911
     1626782     1630631     1634527     1638344     1642553     1646635
     1650876     1654771     1658922     1663010     1666960     1671069
     1675036     1679057     1682904     1687088     1691124     1695046
     1699000     1702898     1706946     1711078     1715142     1719003
     1722918     1726979     1731059     1735151     1739352     1743533
     1747588     1751602     1755622     1759627     1763754     1767883
     1771929     1775774     1779877     1783945     1787937     1792023
     1796142     1800047     1804038     1808168     1812277     1816232
     1820338     1824366     1828291     1832380     1836319     1840365
     1844139     1848054     1852145     1856160     1860126     1863947
     1868020     1872109     1876274     1880236     1884352     1888450
     1892441     1896316     1900105     1904118     1908186     1912341
     1916358     1920501     1924512     1928601     1932563     1936679
     1940743     1944814     1948679     1952933     1956926     1960990
     1964866     1968856     1972910     1976989     1981049     1985010
     1989198     1993305     1997495     2001634     2005417     2009354
     2013320     2017301     2021378     2025302     2029260     2033300
     2037204     2041108     2045272     2049304     2053220     2057097
     2061197     2065044     2069008     2072988     2077097     2080831
     2084846     2088927     2092892     2096862     2100867     2104887
     2108801     2112745     2116906     2120981     2125119     2129157
     2133045     2137108     2140813     2144762     2148703     2152824
     2156797     2160684     2164728     2168745     2172858     2176902
     2180849     2184746     2188665     2192712     2196716     2200691
     2204634     2208633     2212576     2216611     2220722     2224514
     2228585     2232674     2236876     2241069     2244955     2248975
     2253057     2257072     2261151     2265150     2269030     2273034
     2277123     2281235     2285226     2289222     2293226     2297118
     2301243     2305099     2308970     2312709     2316623     2320596
     2324684     2328770     2332763     2336568     2340706     2344710
     2348760     2352771     2356751     2360611     2364484     2368657
     2372760     2376816     2380842     2384950     2389013     2392997
     2397047     2401128     2405248     2409173     2413136     2417220
     2421292     2425333     2429220     2433280     2437315     2441452
     2445588     2449578     2453654     2457674     2461747     2465508
     2469486     2473614     2477480     2481197     2485087     2488971
     2492886     2496886     2500701     2504843     2508921     2512882
     2517007     2521101     2525078     2529173     2532994     2536887
     2540996     2545074     2548942     2552948     2556850     2560846
     2564857     2568682     2572577     2576486     2580543     2584430
     2588419     2592417     2596410     2600463     2604433     2608553
     2612396     2616386     2620490     2624487     2628627     2632609
     2636579     2640734     2644594     2648460     2652441     2656479
     2660520     2664578     2668644     2672835     2676915     2680957
     2684774     2688646     2692486     2696443     2700540     2704436
     2708377     2712545     2716638     2720663     2724698     2728712
     2732709     2736551     2740667     2744583     2748658     2752711
     2756832     2760683     2764719     2768477     2772405     2776365
     2780443     2784462     2788434     2792518     2796622     2800805
     2804803     2808843     2812693     2816807     2820757     2824943
     2828813     2832954     2837100     2841121     2845156     2848935
     2852919     2857055     2861274     2865313     2869227     2873120
     2876945     2880853     2884902     2888917     2892864     2896861
     2901038     2904914     2908787     2912728     2916856     2920813
     2924679     2928721     2932783     2936891     2940703     2944591
     2948650     2952671     2956736     2960773     2964776     2968926
     2972948     2977056     2981126     2985091     2988906     2992848
     2996751     3000816     3004836     3008830     3012715     3016715
     3020800     3024878     3028764     3032660     3036731     3040833
     3044683     3048618     3052753     3056562     3060419     3064331
     3068368     3072396     3076333     3080125     3083876     3087789
     3091677     3095769     3099850     3103937     3107750     3111535
     3115505     3119576     3123522     3127716     3131577     3135602
     3139478     3143430     3147414     3151480     3155471     3159536
     3163508     3167349     3171167     3175022     3178771     3182677
     3186563     3190422     3194245     3198056     3201879     3205914
     3209806     3213762     3217737     3221671     3225553     3229526
     3233572     3237667     3241589     3245574     3249417     3253337
     3257303     3261441     3265315     3269259     3273084     3277016
     3281031     3285077     3289125     3293328     3297279     3301163
     3305100     3308981     3312922     3317105     3321192     3325295
     3329169     3333156     3337159     3341304     3345372     3349489
     3353395     3357439     3361503     3365583     3369602     3373381
     3377404     3381651     3385563     3389629     3393745     3397839
     3401917     3405841     3409745     3413591     3417424     3421441
     3425272     3429116     3432964     3436871     3440683     3444375
     3448359     3452446     3456557     3460460     3464526     3468487
     3472282     3476185     3479993     3483760     3487638     3491526
     3495303     3499291     3503218     3507240     3511344     3515409
     3519455     3523487     3527434     3531480     3535588     3539659
     3543594     3547521     3551497     3555330     3559414     3563591
     3567692     3571773     3575697     3579542     3583544     3587511
     3591434     3595503     3599666     3603749     3607607     3611591
     3615739     3619806     3623787     3627808     3631950     3635883
     3639730     3643611     3647657     3651777     3655580     3659652
     3663405     3667263     3671150     3675194     3679150     3683262
     3687363     3691523     3695258     3699196     3703100     3707244
     3711212     3715203     3719308     3723454     3727552     3731605
     3735728     3739679     3743850     3747883     3751968     3756049
     3760050     3764041     3767940     3771724     3775773     3779743
     3783827     3787889     3791985     3796075     3800209     3804301
     3808421     3812289     3816132     3819904     3823956     3827937
     3831724     3835616     3839447     3843280     3847193     3851231
     3855103     3859002     3862904     3867010     3870995     3874945
     3879079     3883046     3887057     3891127     3895229     3899304
     3903391     3907250     3911140     3915187     3919221     3923099
     3927126     3931058     3934850     3938941     3942976     3946887
     3951073     3955093     3959125     3963158     3967144     3971078
     3974983     3978868     3982766     3986573     3990505
 x0 =   9.343853625961998E-002  0.955941428824428       0.948678398386414     
  0.759944122606477       2.134752258983188E-002  0.156871929313388     
  0.114420295774351     
 Ln_x0  -54.3686261962430     
 Ln_xlast=  -60.1634020438857     
