  0.354652136565580     
 -9.016525270196554E-003
 -6.239002111459480E-002
  0.250057597977111     
  2.753471329584155E-002
  8.055326238653671E-002
  4.405485129785378E-002
 -9.016525270196554E-003
   15.6384564255459     
  3.352282336897896E-002
 -0.795532851654838     
 -5.614876885780664E-002
 -0.376224487746835     
  0.244987301267019     
 -6.239002111459480E-002
  3.352282336897895E-002
  4.266709155232244E-002
 -0.107398690895705     
  2.112929662535278E-002
 -6.896434258284437E-002
  2.399918780423873E-002
  0.250057597977111     
 -0.795532851654838     
 -0.107398690895705     
   1.63555284582322     
 -0.129812394840414     
  0.179708503844888     
 -0.604194864414193     
  2.753471329584155E-002
 -5.614876885780664E-002
  2.112929662535278E-002
 -0.129812394840414     
  0.171772095300997     
 -6.043590410356173E-002
  6.414417310379809E-002
  8.055326238653671E-002
 -0.376224487746835     
 -6.896434258284435E-002
  0.179708503844888     
 -6.043590410356173E-002
  0.158746840257736     
 -4.800291851766957E-002
  4.405485129785378E-002
  0.244987301267019     
  2.399918780423873E-002
 -0.604194864414193     
  6.414417310379809E-002
 -4.800291851766957E-002
  0.315046027638596     
