  0.303851125088295     
  0.183205508468474     
 -3.352200641063424E-002
  0.235770385204482     
  3.685735952349713E-002
  1.448525305322725E-002
  2.699917651796434E-002
  0.183205508468488     
   3.87710946467196     
 -9.999432454139355E-002
 -0.506589126764649     
  0.264978283371969     
 -0.153900010006493     
  0.203513491452468     
 -3.352200641063025E-002
 -9.999432454140889E-002
  3.921647586719741E-002
 -0.106544079356054     
  4.639146102679944E-003
 -5.421990569866152E-002
  3.304251986925159E-002
  0.235770385204500     
 -0.506589126764746     
 -0.106544079356058     
   2.29556583031240     
 -9.324040802354414E-002
  0.199749665575863     
 -0.816960160880771     
  3.685735952349401E-002
  0.264978283371977     
  4.639146102681332E-003
 -9.324040802353428E-002
  3.970671136568715E-002
 -2.942276955787327E-002
  4.580753611859415E-002
  1.448525305322678E-002
 -0.153900010006496     
 -5.421990569866487E-002
  0.199749665575872     
 -2.942276955787519E-002
  0.143733947640746     
 -7.263571000215380E-002
  2.699917651797280E-002
  0.203513491452389     
  3.304251986924649E-002
 -0.816960160880727     
  4.580753611858956E-002
 -7.263571000212604E-002
  0.375290182488058     
