 sig_xi =   0.100000000000002     
 size_data =          200
 Ndraws =      1000000
 INFO_HESS =            1
 multiplier   10.0000000000000     
 acceptance      523900
 acceptance_all           0        5229       10407       15694       20831
       26124       31412       36736       41926       47129       52331
       57573       62848       68073       73135       78448       83658
       88903       94226       99452      104765      110150      115360
      120588      125784      130905      136114      141301      146560
      151747      157024      162298      167545      172808      178012
      183236      188546      193769      199054      204194      209479
      214711      219950      225142      230401      235684      240864
      246040      251415      256659      261820      267056      272292
      277561      282827      288050      293306      298499      303825
      309076      314278      319551      324846      330028      335324
      340669      345853      351041      356230      361453      366691
      371814      377083      382370      387673      392954      398242
      403503      408815      414004      419186      424380      429625
      434886      440080      445285      450577      455822      461063
      466323      471490      476779      481973      487184      492348
      497602      502839      508090      513386      518649
 x0 =   0.772898718858618       0.724818039459708       0.619894890761664     
  0.575837940803999       0.999915514405916        2.15428367184761     
   2.10791845231258     
 Ln_x0  -3.29477507594289     
 Ln_xlast=  -2.81290069256840     
