 sig_xi =   0.199999999999994     
 size_data =          200
 Ndraws =      1000000
 INFO_HESS =            1
 multiplier   1.00000000000000     
 acceptance      373312
 acceptance_all           0        3708        7405       11167       14847
       18457       22258       26076       29734       33629       37357
       41044       44924       48660       52412       56145       59857
       63645       67304       70907       74779       78428       82373
       86227       89864       93513       97129      100962      104778
      108558      112304      116057      119761      123412      127236
      130888      134652      138371      141632      145360      149045
      152774      156407      160091      163952      167750      171357
      175166      178866      182666      186386      190026      193682
      197174      200744      204517      208200      211940      215608
      219395      223219      226971      230606      234581      238378
      242097      245404      249171      252878      256617      260401
      264001      267687      271558      275248      279124      282737
      286412      290105      293990      297753      301523      305386
      308991      312800      316453      320354      324208      327918
      331496      335148      338931      342864      346709      350555
      354245      358098      361931      365611      369371
 x0 =   0.769778030075505       0.723295918574436       0.626422550412122     
  0.578329518015214        1.00387782867932        2.14056189906194     
   2.10042055838557     
 Ln_x0  -3.16438809423098     
 Ln_xlast=  -7.48648331830644     
