 sig_xi =   5.000000000000041E-002
 size_data =          200
 Ndraws =      1000000
 INFO_HESS =            1
 multiplier   100.000000000000     
 acceptance      523336
 acceptance_all           0        5284       10599       15897       21176
       26333       31548       36765       41998       47270       52437
       57610       62875       68098       73263       78491       83796
       89101       94388       99620      104877      110099      115312
      120560      125712      130943      136101      141336      146556
      151812      157015      162344      167558      172682      177844
      183049      188200      193482      198777      204027      209301
      214584      219729      224903      230100      235309      240553
      245778      250987      256223      261515      266690      271891
      277190      282344      287557      292852      298016      303215
      308508      313793      319007      324365      329562      334740
      339992      345161      350453      355627      360935      366092
      371297      376555      381784      387044      392284      397493
      402774      408055      413235      418478      423603      428809
      434044      439269      444530      449749      455017      460295
      465466      470714      475975      481264      486478      491795
      497012      502286      507539      512807      518105
 x0 =   0.731036329517156       0.723270580875086       0.658593774853668     
  0.610234639304794        1.00394776222089        2.01824385928215     
   1.94419223332955     
 Ln_x0  -2.66661880611265     
 Ln_xlast=  -2.69720487456214     
