 sig_xi =   1.999999999999993E-002
 size_data =          200
 Ndraws =      1000000
 INFO_HESS =            1
 multiplier   1000.00000000000     
 acceptance      417526
 acceptance_all           0        4128        8338       12475       16732
       20967       25121       29260       33463       37629       41758
       45951       50116       54261       58456       62725       66863
       71049       75117       79359       83613       87835       91941
       96089      100238      104318      108490      112728      116904
      120998      125135      129296      133462      137559      141710
      145844      150074      154249      158428      162656      166723
      170859      174974      179224      183392      187709      191844
      196037      200150      204364      208499      212735      216918
      221088      225219      229344      233540      237714      241959
      246130      250188      254376      258567      262694      266868
      271058      275263      279446      283617      287738      292022
      296208      300402      304574      308749      312945      317125
      321320      325552      329760      333975      338145      342291
      346437      350627      354845      359077      363245      367396
      371584      375752      379950      384138      388324      392448
      396593      400811      404960      409221      413399
 x0 =   0.726690571741976       0.723268224032568       0.661751121672304     
  0.613472415068265        1.00399469849652        2.00282854992632     
   1.92587189924791     
 Ln_x0  -2.66228434681451     
 Ln_xlast=  -2.67566492443124     
