  2.075671546901215E-002
 -3.356830062736118E-003
  1.333604990871320E-004
 -6.151202308955161E-004
  9.718140356027168E-003
  1.186383282686326E-002
  3.007848162706327E-002
 -3.356830062736118E-003
  2.560450940284698E-003
 -3.028446670101367E-003
 -2.614123231765322E-004
 -8.849635567031512E-003
  1.219585445242747E-002
 -3.996157918148641E-003
  1.333604990871320E-004
 -3.028446670101367E-003
  9.652938765544945E-003
  2.124653139305200E-004
  9.947579552795006E-003
 -5.343625878582898E-002
 -1.173736422681131E-003
 -6.151202308955161E-004
 -2.614123231765322E-004
  2.124653139305201E-004
  1.571516716470103E-002
  1.832196473685238E-003
 -3.288820039554468E-003
 -8.248362950526335E-002
  9.718140356027168E-003
 -8.849635567031514E-003
  9.947579552795006E-003
  1.832196473685238E-003
  3.653690391475895E-002
 -5.541022374126606E-002
  6.102324356495051E-003
  1.186383282686326E-002
  1.219585445242747E-002
 -5.343625878582898E-002
 -3.288820039554468E-003
 -5.541022374126607E-002
  0.397342581265697     
  4.459621636111508E-002
  3.007848162706327E-002
 -3.996157918148642E-003
 -1.173736422681131E-003
 -8.248362950526335E-002
  6.102324356495051E-003
  4.459621636111508E-002
  0.511046794561901     
