  2.098941763236068E-003
 -3.355528335988691E-004
 -1.119725705434039E-006
 -8.371663140683090E-005
  9.498771221971980E-004
  1.367103782380014E-003
  3.158456095993417E-003
 -3.355528335988691E-004
  2.552246306482392E-004
 -3.039968237377762E-004
 -1.927249575317930E-005
 -8.786669150928065E-004
  1.210005898416043E-003
 -4.433245948002513E-004
 -1.119725705434039E-006
 -3.039968237377762E-004
  9.662127689548362E-004
  1.461612165529668E-005
  1.006393573944798E-003
 -5.379818831894413E-003
 -8.886874285300710E-005
 -8.371663140683091E-005
 -1.927249575317930E-005
  1.461612165529669E-005
  1.570740364311561E-003
  1.605074632749831E-004
 -2.525373342138676E-004
 -8.238795704802402E-003
  9.498771221971980E-004
 -8.786669150928067E-004
  1.006393573944798E-003
  1.605074632749832E-004
  3.623608972493909E-003
 -5.541688623863314E-003
  7.201066840269953E-004
  1.367103782380014E-003
  1.210005898416043E-003
 -5.379818831894413E-003
 -2.525373342138676E-004
 -5.541688623863316E-003
  4.013606719624016E-002
  4.336974889416006E-003
  3.158456095993417E-003
 -4.433245948002513E-004
 -8.886874285300710E-005
 -8.238795704802406E-003
  7.201066840269953E-004
  4.336974889416004E-003
  5.112626699423993E-002
