  0.210085146657645     
 -3.368912630158200E-002
  1.074918967841127E-003
 -5.575324009258272E-003
  9.697358181609951E-002
  0.130855110043182     
  0.303462522349637     
 -3.368912630158201E-002
  2.536834143987412E-002
 -2.997972905156614E-002
 -2.190070538883390E-003
 -8.760443318475178E-002
  0.117158071274430     
 -4.284481733430952E-002
  1.074918967841127E-003
 -2.997972905156614E-002
  9.856237718970601E-002
  2.147976289913995E-003
  9.810272508226810E-002
 -0.538956804457074     
 -1.250312906236518E-002
 -5.575324009258273E-003
 -2.190070538883390E-003
  2.147976289913996E-003
  0.159624477179394     
  1.709200203036543E-002
 -3.240991358335524E-002
 -0.835614695544997     
  9.697358181609951E-002
 -8.760443318475178E-002
  9.810272508226810E-002
  1.709200203036543E-002
  0.362788605507659     
 -0.537279610277536     
  6.882951473841478E-002
  0.130855110043182     
  0.117158071274430     
 -0.538956804457074     
 -3.240991358335524E-002
 -0.537279610277536     
   3.99799754819508     
  0.473393160244631     
  0.303462522349637     
 -4.284481733430952E-002
 -1.250312906236518E-002
 -0.835614695544997     
  6.882951473841478E-002
  0.473393160244631     
   5.19492066445920     
