   2.63195688311941     
 -0.346733416067046     
  0.211120040187828     
 -0.139394266714898     
  0.910906382265345     
  0.895159633296561     
   3.79701694884243     
 -0.346733416067046     
  0.250671383090654     
 -0.377046623977375     
 -4.051172497000898E-002
 -0.835368228839733     
   1.25187802473531     
 -0.398903603907109     
  0.211120040187828     
 -0.377046623977375     
   1.71536669621283     
  3.257767779699500E-002
   1.06708206111119     
  -7.07068166491452     
  0.352494488340330     
 -0.139394266714898     
 -4.051172497000898E-002
  3.257767779699500E-002
   1.95604236577897     
  0.226250217761621     
 -0.217233003327400     
  -9.55396283296401     
  0.910906382265345     
 -0.835368228839733     
   1.06708206111119     
  0.226250217761621     
   3.38909540387844     
  -5.17554604097970     
  0.501582674321717     
  0.895159633296561     
   1.25187802473531     
  -7.07068166491451     
 -0.217233003327400     
  -5.17554604097970     
   46.9163951860095     
   3.05564312115256     
   3.79701694884243     
 -0.398903603907109     
  0.352494488340330     
  -9.55396283296401     
  0.501582674321717     
   3.05564312115256     
   58.0688261565583     
