   8.89319549637828     
 -0.136615985786294     
  -3.48175871356215     
   1.78058119146286     
  -2.50343951305429     
   10.4703241168055     
   5.77575710808929     
 -0.136615985786293     
  0.741623267816230     
   1.47210071144944     
  6.443912037323490E-002
  -1.82967165455464     
  -5.87910864469888     
 -0.919424390716705     
  -3.48175871356216     
   1.47210071144944     
   7.26257000069583     
 -0.857508835827586     
  -1.22525719229041     
  -19.2485421117433     
  -3.07260898878276     
   1.78058119146286     
  6.443912037323415E-002
 -0.857508835827589     
   2.99391063663517     
 -0.682226090388182     
   3.60084333553444     
  -5.42845388658750     
  -2.50343951305429     
  -1.82967165455464     
  -1.22525719229037     
 -0.682226090388180     
   6.81243816788886     
   9.50495445134425     
  8.494797521116426E-003
   10.4703241168055     
  -5.87910864469887     
  -19.2485421117432     
   3.60084333553443     
   9.50495445134426     
   71.3972301901472     
   11.5299965851695     
   5.77575710808929     
 -0.919424390716700     
  -3.07260898878275     
  -5.42845388658751     
  8.494797521116482E-003
   11.5299965851695     
   28.9383991567723     
