   8.43793875162891     
 -0.828357782262458     
  -1.23058310539973     
   1.10516879058820     
  -1.14272516134757     
   10.0258227063013     
   9.17971817338540     
 -0.828357782262464     
  0.531003761669776     
  0.378190170341524     
  9.671375472119401E-002
 -0.985301815121345     
  -3.86819085920529     
  -2.18252775253295     
  -1.23058310539972     
  0.378190170341523     
  0.497715715093182     
 -9.703958309872805E-002
 -0.488121414390868     
  -4.22400934399364     
  -2.21017218873813     
   1.10516879058821     
  9.671375472119316E-002
 -9.703958309872994E-002
   1.54480665516300     
 -0.364272649139175     
  0.462421283075855     
  -3.87843302604848     
  -1.14272516134755     
 -0.985301815121350     
 -0.488121414390870     
 -0.364272649139175     
   4.29193806208225     
   5.72386508933309     
  0.389575742655631     
   10.0258227063013     
  -3.86819085920528     
  -4.22400934399365     
  0.462421283075848     
   5.72386508933301     
   43.5153049684833     
   21.4681151653105     
   9.17971817338539     
  -2.18252775253294     
  -2.21017218873812     
  -3.87843302604850     
  0.389575742655654     
   21.4681151653104     
   36.1545890023967     
