   8.01441509304412     
 -0.724801059939084     
  -1.39296935619124     
   1.28225720254196     
  -1.21237958995084     
   10.2871811667501     
   7.85376531661361     
 -0.724801059939085     
  0.539753513424209     
  0.460201877867345     
  0.121212784925513     
  -1.06063294734549     
  -4.22219902105554     
  -2.13730831101426     
  -1.39296935619124     
  0.460201877867346     
  0.670556119257394     
 -0.103003560643310     
 -0.538469612020874     
  -5.17671840507727     
  -2.61179180689877     
   1.28225720254196     
  0.121212784925513     
 -0.103003560643309     
   1.62763902741483     
 -0.485788621434421     
  0.379941260414587     
  -3.90737408342663     
  -1.21237958995084     
  -1.06063294734549     
 -0.538469612020872     
 -0.485788621434419     
   4.63686085647470     
   6.13763047490818     
  0.809733632448535     
   10.2871811667502     
  -4.22219902105556     
  -5.17671840507726     
  0.379941260414585     
   6.13763047490820     
   48.3433834417987     
   23.1588464282504     
   7.85376531661361     
  -2.13730831101425     
  -2.61179180689878     
  -3.90737408342662     
  0.809733632448506     
   23.1588464282504     
   34.7717956865195     
