   8.15085608033271     
 -0.796648122724859     
  -1.14755124204868     
   1.29813463178683     
 -0.915828831973450     
   8.81995376669375     
   7.79894672596829     
 -0.796648122724860     
  0.548408046625022     
  0.393041153715799     
  5.187616675202435E-002
  -1.08653707390727     
  -3.87326162999802     
  -1.92627764009413     
  -1.14755124204868     
  0.393041153715800     
  0.503641044731779     
 -0.125427588713688     
 -0.597646926081613     
  -4.14623902017130     
  -1.97468928450495     
   1.29813463178683     
  5.187616675202449E-002
 -0.125427588713688     
   1.52675172373007     
 -0.353513743258335     
  0.529332782130913     
  -3.57789024765914     
 -0.915828831973449     
  -1.08653707390727     
 -0.597646926081610     
 -0.353513743258333     
   4.43957686952296     
   6.48604604887950     
  0.729941021119556     
   8.81995376669378     
  -3.87326162999801     
  -4.14623902017131     
  0.529332782130911     
   6.48604604887942     
   41.8230371209681     
   18.9897703387513     
   7.79894672596830     
  -1.92627764009413     
  -1.97468928450495     
  -3.57789024765914     
  0.729941021119567     
   18.9897703387513     
   32.7421519165047     
