 sig_xi =   0.199999999999994     
 size_data =          200
 Ndraws =      1000000
 INFO_HESS =            1
 multiplier   10.0000000000000     
 acceptance      452821
 acceptance_all           0        4459        8954       13497       18027
       22613       27226       31762       36205       40657       45251
       49741       54284       58810       63350       67869       72362
       76837       81301       85828       90311       94797       99349
      103965      108506      113022      117571      122139      126698
      131245      135740      140407      144945      149473      154071
      158566      163055      167626      172171      176726      181291
      185826      190382      194842      199343      203731      208324
      212798      217325      221912      226439      230946      235462
      239958      244593      249125      253636      258160      262725
      267265      271761      276237      280789      285307      289891
      294476      299047      303635      308205      312753      317316
      321810      326256      330747      335290      339817      344353
      348967      353435      357949      362506      367061      371509
      375926      380462      384989      389498      394039      398538
      403152      407651      412064      416547      421090      425649
      430168      434707      439304      443763      448343
 x0 =   0.822152794978889       0.762360318881029       0.716048517254816     
  0.750054871058576       0.956328298027850        1.19929192874524     
   1.09702843071968     
 Ln_x0  -20.4769566930985     
 Ln_xlast=  -20.9494382077164     
