 sig_xi =   7.000000000000098E-002
 size_data =          200
 Ndraws =      1000000
 INFO_HESS =            1
 multiplier   100.000000000000     
 acceptance      382750
 acceptance_all           0        3887        7761       11566       15442
       19338       23202       27058       30900       34718       38537
       42340       46145       50051       53833       57703       61546
       65451       69315       73119       76977       80698       84572
       88394       92194       96016       99835      103614      107438
      111240      115051      118854      122655      126461      130242
      134057      137967      141733      145481      149285      153152
      156903      160707      164428      168238      172140      176103
      179894      183679      187494      191391      195222      199089
      202924      206831      210711      214603      218401      222213
      226017      229882      233788      237713      241448      245280
      249055      252836      256680      260575      264438      268242
      272144      275969      279736      283600      287507      291303
      295079      298906      302706      306525      310349      314157
      317922      321800      325611      329548      333322      337136
      340858      344678      348458      352231      356046      359834
      363605      367422      371248      375152      378979
 x0 =   0.820345741006158       0.762266185416039       0.716644295151028     
  0.750623965276646       0.957410203196817        1.19840683064879     
   1.09830741824583     
 Ln_x0  -20.4740824782003     
 Ln_xlast=  -20.5745500966959     
