 sig_xi =   1.999999999999993E-002
 size_data =          200
 Ndraws =      1000000
 INFO_HESS =            1
 multiplier   1000.00000000000     
 acceptance      436054
 acceptance_all           0        4368        8637       13039       17391
       21745       26105       30470       34765       39206       43547
       48003       52411       56751       61150       65470       69792
       74135       78465       82866       87224       91736       96160
      100497      104858      109178      113646      118116      122538
      126878      131294      135702      139952      144361      148709
      153072      157487      161897      166219      170551      174849
      179154      183580      187898      192211      196565      200940
      205299      209617      214012      218341      222690      227094
      231503      235848      240181      244553      248928      253228
      257651      261950      266294      270667      275061      279465
      283852      288181      292612      297025      301352      305667
      310082      314476      318857      323139      327454      331772
      336108      340468      344745      349064      353411      357740
      362109      366353      370632      374939      379281      383635
      387952      392322      396667      401097      405372      409759
      414195      418560      422889      427242      431717
 x0 =   0.820183989442648       0.762265737553081       0.716766326699370     
  0.750602912452973       0.957541678345483        1.19821974498555     
   1.09845220786211     
 Ln_x0  -20.4740564889017     
 Ln_xlast=  -20.4771928993329     
