 sig_xi =   0.699999999999939     
 size_data =          200
 Ndraws =      1000000
 INFO_HESS =            1
 multiplier   1.00000000000000     
 acceptance      358364
 acceptance_all           0        3482        7121       10703       14314
       17892       21487       25124       28719       32335       35818
       39336       42888       46525       50076       53660       57221
       60893       64432       67922       71614       75149       78688
       82250       85965       89547       93093       96624      100242
      103922      107444      110894      114499      118099      121830
      125480      129020      132645      136238      139849      143379
      146929      150530      154075      157608      161224      164782
      168382      171919      175570      179180      182740      186347
      189835      193390      196969      200544      204200      207728
      211222      214743      218221      221739      225286      228884
      232555      236098      239730      243366      246926      250566
      254113      257693      261297      264951      268593      272233
      275859      279425      283026      286563      290150      293750
      297279      300865      304442      308066      311649      315282
      318856      322473      325976      329547      333175      336714
      340311      343890      347498      351106      354833
 x0 =   0.841037521730961       0.762888528872810       0.709165674639801     
  0.742827701283230       0.943529157059975        1.21032716768928     
   1.08338123866111     
 Ln_x0  -20.8195840179050     
 Ln_xlast=  -22.6403908224880     
