  6.022383773814353E-003
 -5.702759124678684E-004
 -6.759605916670014E-004
  1.289170252492973E-003
  2.290411413375987E-004
  3.617543199668947E-003
 -2.458668652519668E-003
 -5.702759124678683E-004
  2.523435470394858E-004
  7.557773503404690E-005
 -1.868321068857573E-004
 -5.368504602598070E-004
 -1.358929396373291E-003
  1.566938216611155E-004
 -6.759605916670014E-004
  7.557773503404690E-005
  1.318013125105652E-003
 -8.472899053698546E-004
  2.415003561282175E-004
 -4.519224684158255E-003
  1.532409642463841E-003
  1.289170252492973E-003
 -1.868321068857573E-004
 -8.472899053698546E-004
  3.850677290433331E-003
 -3.624491660291877E-004
  2.018283048468940E-003
 -7.970340145471272E-003
  2.290411413375987E-004
 -5.368504602598071E-004
  2.415003561282175E-004
 -3.624491660291877E-004
  3.998261695727651E-003
  2.678912980315828E-003
  2.070341745142328E-003
  3.617543199668946E-003
 -1.358929396373291E-003
 -4.519224684158255E-003
  2.018283048468940E-003
  2.678912980315828E-003
  2.525022947095605E-002
 -3.241932088105709E-003
 -2.458668652519668E-003
  1.566938216611155E-004
  1.532409642463841E-003
 -7.970340145471273E-003
  2.070341745142328E-003
 -3.241932088105708E-003
  2.421629116292822E-002
