  0.683472943245988     
 -5.808910779145100E-002
 -7.150444813104202E-002
  0.117363938897564     
  2.202610614286162E-004
  0.373520025221467     
 -0.309052582377617     
 -5.808910779145099E-002
  2.729498828143160E-002
  4.010968481826913E-003
 -1.876537091116000E-002
 -5.734756012664503E-002
 -0.136534370822820     
  1.588145585365495E-002
 -7.150444813104202E-002
  4.010968481826913E-003
  0.155320605841037     
 -0.105847263646319     
  3.858926584310026E-002
 -0.483957197831878     
  0.177184317413683     
  0.117363938897565     
 -1.876537091116000E-002
 -0.105847263646319     
  0.550527071799804     
 -4.702562272392708E-002
  0.222887501706616     
 -0.944746958614844     
  2.202610614286162E-004
 -5.734756012664505E-002
  3.858926584310026E-002
 -4.702562272392707E-002
  0.425183594582433     
  0.256553596497549     
  0.223378880644135     
  0.373520025221467     
 -0.136534370822820     
 -0.483957197831878     
  0.222887501706616     
  0.256553596497549     
   2.61776043748638     
 -0.367091233085438     
 -0.309052582377617     
  1.588145585365495E-002
  0.177184317413683     
 -0.944746958614844     
  0.223378880644135     
 -0.367091233085438     
   2.69226154867694     
