  6.083127233235117E-004
 -5.766750344275052E-005
 -6.624670472302386E-005
  1.291487338508863E-004
  2.582837586445282E-005
  3.545083491717560E-004
 -2.476260535647317E-004
 -5.766750344275050E-005
  2.542948278251205E-005
  7.620446280351811E-006
 -1.861508673380890E-005
 -5.437144525147619E-005
 -1.362749464270422E-004
  1.634649134367156E-005
 -6.624670472302386E-005
  7.620446280351814E-006
  1.302330140606153E-004
 -8.531423379074436E-005
  2.305565359365854E-005
 -4.469873026581020E-004
  1.544936344182404E-004
  1.291487338508863E-004
 -1.861508673380890E-005
 -8.531423379074435E-005
  3.834859701883420E-004
 -3.831564262168371E-005
  2.011875674638543E-004
 -7.954899522570905E-004
  2.582837586445282E-005
 -5.437144525147619E-005
  2.305565359365854E-005
 -3.831564262168372E-005
  4.030191180556475E-004
  2.763615639898879E-004
  2.045414890115787E-004
  3.545083491717560E-004
 -1.362749464270422E-004
 -4.469873026581020E-004
  2.011875674638543E-004
  2.763615639898879E-004
  2.508238829197224E-003
 -3.293959412602847E-004
 -2.476260535647317E-004
  1.634649134367156E-005
  1.544936344182404E-004
 -7.954899522570905E-004
  2.045414890115787E-004
 -3.293959412602846E-004
  2.415737385886624E-003
