  6.178535619941419E-002
 -5.688060738282509E-003
 -6.563093993224920E-003
  1.264982494847833E-002
  2.849371962608869E-003
  3.534282485768973E-002
 -2.485314751608950E-002
 -5.688060738282508E-003
  2.555254147432059E-003
  6.815317580985323E-004
 -1.770159920824746E-003
 -5.530299157046515E-003
 -1.356824067204317E-002
  1.315867914189350E-003
 -6.563093993224920E-003
  6.815317580985321E-004
  1.305629715998523E-002
 -8.304051894551977E-003
  2.320991276695238E-003
 -4.435897890420729E-002
  1.486636997992264E-002
  1.264982494847833E-002
 -1.770159920824746E-003
 -8.304051894551977E-003
  3.896762008897709E-002
 -3.544148419241023E-003
  1.852102126280935E-002
 -7.984160410066671E-002
  2.849371962608869E-003
 -5.530299157046516E-003
  2.320991276695238E-003
 -3.544148419241023E-003
  4.046435054359088E-002
  2.793643596262174E-002
  1.996679035039757E-002
  3.534282485768975E-002
 -1.356824067204317E-002
 -4.435897890420729E-002
  1.852102126280935E-002
  2.793643596262174E-002
  0.249965210853248     
 -2.866924653830403E-002
 -2.485314751608950E-002
  1.315867914189350E-003
  1.486636997992264E-002
 -7.984160410066671E-002
  1.996679035039757E-002
 -2.866924653830403E-002
  0.242118423365277     
