  0.644047399353486     
 -6.062716672213581E-002
 -8.560050688776961E-002
  0.138428362262030     
  1.004969549349499E-003
  0.451403016315383     
 -0.277498267485455     
 -6.062716672214601E-002
  2.489686635619837E-002
  9.381912409136181E-003
 -1.896123315492552E-002
 -5.062140835718797E-002
 -0.141213519348095     
  1.909492175249421E-002
 -8.560050688778524E-002
  9.381912409137688E-003
  0.130719691004570     
 -8.768273445619182E-002
  2.453681318940038E-002
 -0.455850822167428     
  0.161886914180958     
  0.138428362262021     
 -1.896123315491690E-002
 -8.768273445618703E-002
  0.378904136206316     
 -4.380165033182180E-002
  0.217528794825604     
 -0.790109985378821     
  1.004969549351470E-003
 -5.062140835720896E-002
  2.453681318941671E-002
 -4.380165033178619E-002
  0.399261317735666     
  0.260045154805212     
  0.213415961464653     
  0.451403016315415     
 -0.141213519348119     
 -0.455850822167487     
  0.217528794825719     
  0.260045154805073     
   2.55150506490099     
 -0.376753143699086     
 -0.277498267485769     
  1.909492175252449E-002
  0.161886914181047     
 -0.790109985378799     
  0.213415961464661     
 -0.376753143699793     
   2.40915515449547     
