  0.658077633933544     
 -5.887801945290234E-002
 -8.380603970991965E-002
  0.130482354420957     
  6.989963491392764E-003
  0.448145922796950     
 -0.271287962792563     
 -5.887801945292485E-002
  2.503565792105140E-002
  7.867225302923882E-003
 -1.688347122000910E-002
 -5.225633862719649E-002
 -0.139711818526651     
  1.223421469781175E-002
 -8.380603970995902E-002
  7.867225302918229E-003
  0.130042502121302     
 -8.185788516096316E-002
  2.409954989052332E-002
 -0.446339886817456     
  0.148363501284604     
  0.130482354420958     
 -1.688347122001132E-002
 -8.185788516102026E-002
  0.384751104127344     
 -3.779919207756415E-002
  0.182695125609487     
 -0.785751953782958     
  6.989963491422119E-003
 -5.225633862721275E-002
  2.409954989055788E-002
 -3.779919207754127E-002
  0.401172241237172     
  0.266827551039324     
  0.203566171688791     
  0.448145922796902     
 -0.139711818526575     
 -0.446339886817441     
  0.182695125609421     
  0.266827551039179     
   2.52512944351955     
 -0.286763684557541     
 -0.271287962792708     
  1.223421469785079E-002
  0.148363501284853     
 -0.785751953782912     
  0.203566171688773     
 -0.286763684558303     
   2.39848502325700     
