  0.751009333219263     
 -6.035049713526912E-002
 -9.221958912217486E-002
  8.731709944040324E-002
 -4.383357833943201E-002
  0.488173190774115     
 -0.332334873753213     
 -6.035049713527911E-002
  2.756854373959491E-002
  3.171613455056061E-003
 -1.611614896466970E-002
 -5.396558414498827E-002
 -0.139976699804260     
  1.285582124986022E-002
 -9.221958912224025E-002
  3.171613455072329E-003
  0.168512013870310     
 -0.113232640857267     
  4.982001909938233E-002
 -0.502127110628856     
  0.187587566845507     
  8.731709944043148E-002
 -1.611614896467493E-002
 -0.113232640857350     
  0.642530395813189     
 -5.786326672051120E-002
  0.224300216259296     
 -0.956687524793723     
 -4.383357833941841E-002
 -5.396558414501441E-002
  4.982001909941288E-002
 -5.786326672038861E-002
  0.434201887631597     
  0.222539315309011     
  0.254173168016254     
  0.488173190774505     
 -0.139976699804337     
 -0.502127110628922     
  0.224300216258919     
  0.222539315308987     
   2.67256184655363     
 -0.404315254110087     
 -0.332334873753387     
  1.285582124985747E-002
  0.187587566845612     
 -0.956687524793714     
  0.254173168016331     
 -0.404315254110647     
   2.70567995288620     
