  0.632793121320300     
 -5.954581335414802E-002
 -8.843251024312870E-002
  0.137902918176055     
 -4.321930009845014E-003
  0.466452890872639     
 -0.273163604480068     
 -5.954581335415846E-002
  2.453524383791843E-002
  9.296180944774328E-003
 -1.911202740713580E-002
 -4.929507953661570E-002
 -0.140598835112357     
  1.774399421212273E-002
 -8.843251024317408E-002
  9.296180944771418E-003
  0.133895465534245     
 -8.650245548021533E-002
  2.677700745209283E-002
 -0.466103874228114     
  0.159357820781256     
  0.137902918176027     
 -1.911202740712995E-002
 -8.650245548021748E-002
  0.381690972545277     
 -3.964613292674864E-002
  0.218837663311687     
 -0.792411472256210     
 -4.321930009838149E-003
 -4.929507953662637E-002
  2.677700745209644E-002
 -3.964613292667028E-002
  0.393147421250859     
  0.242777304305293     
  0.218343655364665     
  0.466452890872893     
 -0.140598835112403     
 -0.466103874228099     
  0.218837663311701     
  0.242777304305395     
   2.58735003760191     
 -0.366355315965697     
 -0.273163604480149     
  1.774399421214061E-002
  0.159357820781310     
 -0.792411472256420     
  0.218343655364818     
 -0.366355315966293     
   2.41863104320763     
