-0.0056876655607643
-0.0070668051032773
-0.0042329831763083
-0.0036076270268670
-0.0001793065123876
0.0032178586254163
0.0036930219916407
0.0050368434893173
0.0055076011841007
0.0060785769124461
0.0056035169228648
0.0058158682967052
0.0076955693481300
0.0075501202974747
-0.0076024759371836
-0.0164251447448922
-0.0134766740654837
-0.0044844650115519
-0.0005211008451262
0.0043893790264073
0.0092069971400119
0.0132330670964719
0.0125668494829043
0.0100393497532765
0.0023689616402745
-0.0040954646326495
-0.0075265528699070
-0.0099891333042414
-0.0110532345522810
-0.0038020908119807
-0.0037634882027995
-0.0026527153291801
-0.0007905630534570
-0.0006779597087882
-0.0009998159610935
-0.0018680733565608
0.0008184404586712
0.0011430630271209
0.0002015469516662
-0.0006373660122884
-0.0021354912698316
-0.0022078801794620
0.0005481288286801
0.0002805619479933
-0.0010923323159309
-0.0015351140805693
0.0009836019001003
0.0031225796959575
0.0067234290054371
0.0068467415061829
-0.0019749014863020
-0.0116597733463120
-0.0140289327214087
-0.0126922197609460
-0.0078904366922033
0.0027276413290200
0.0011063846235568
-0.0003245404779954
0.0050986648599993
0.0215559307917765
0.0276091439786425
0.0266462554589388
0.0223813893383510
0.0153587672265508
0.0033524213411900
-0.0082718749962091
-0.0252746838613957
-0.0184204808752975
-0.0094523586917617
-0.0172150220323581
-0.0295967075820639
-0.0224839769404051
-0.0187196375263459
-0.0153772244005300
-0.0023119570196840
0.0097756709602852
0.0368017705319333
0.0307162457219406
0.0236348705661061
0.0426469082910997
0.0510325089843972
0.0236799144353505
-0.0067033828727902
-0.0150875738751615
-0.0076517591338908
-0.0153550690571686
-0.0215626817430189
-0.0186540521679293
-0.0187761057391303
-0.0243415064222368
-0.0282825443622362
-0.0256357070955359
-0.0216018079576552
-0.0175555289551382
-0.0183939657581383
-0.0167104146150704
-0.0122360771501136
-0.0012877573099083
-0.0001205292552489
-0.0028418341831726
0.0011284877237569
0.0240704561388322
0.0349853304968759
0.0049111642670086
-0.0215991507890641
0.0351353553681650
0.0420762380544984
0.0539209317926576
0.0520149678917464
0.0127129409887901
0.0204727253754940
0.0250333806282691
-0.0086111093800495
-0.0230870081985567
-0.0269336144257143
-0.0228587545774137
-0.0136183255298350
-0.0112059944067980
-0.0059240230039791
0.0054461711806144
0.0165111422760892
-0.0023206753174332
-0.0074366575305661
-0.0105998430321939
-0.0085003294421184
-0.0043719539854000
-0.0052597150247035
-0.0125650585670799
-0.0182502542978671
-0.0164613864981386
-0.0156906505679354
-0.0104990584435555
-0.0078374627830602
-0.0064695775484954
-0.0084106143685573
-0.0029975385072531
0.0058315836810477
0.0112957546798693
0.0217230603960999
0.0254693958193882
0.0200984388366450
0.0166446520502901
0.0144771496779213
0.0160435853629380
0.0170085533387166
0.0147019372660122
0.0035375431539274
0.0000563503676215
-0.0001078208172215
-0.0064694993733902
-0.0124245931728316
-0.0132483004969670
-0.0168760501416972
-0.0178174214540228
-0.0167639838483456
-0.0164250105530427
-0.0153539079676209
-0.0158432173711913
-0.0136611910874426
-0.0067167804442348
-0.0015970262390365
0.0046163992996970
0.0104728882260583
0.0119330548448214
0.0090119066477848
0.0075681737104051
0.0033517207193624
0.0015842872333892
0.0016918262431265
0.0009863891573474
0.0005941734353463
0.0028150416590559
0.0027760054371049
0.0024911621483042
0.0027344633813468
0.0027787783873941
0.0034980480943283
-0.0027357412026059
-0.0033148276568222
-0.0023646002865295
0.0020517697051502
0.0052980039299624
0.0102496461707132
0.0176340134668448
0.0217151271232450
0.0229629775922175
0.0159171494991705
0.0050679584614126
-0.0013417389815739
-0.0131697884459535
-0.0152595261134401
-0.0135132188359682
-0.0122280770997582
-0.0141940820544351
-0.0150545400603717
-0.0144375914447534
-0.0163512698490294
-0.0164279735013958
-0.0164839927152476
-0.0167636181731122
-0.0131329667143790
-0.0086366297078166
-0.0041715092653234
-0.0002044581078677
0.0041959740818060
0.0087399916582743
0.0130172558578763
0.0172345296339130
0.0206044279770179
0.0208574298055094
0.0215231118464490
0.0223439848897328
0.0217643216406389
0.0174699337088058
0.0056184153971964
-0.0028554635510370
-0.0021260619715037
-0.0152688463321159
-0.0149849005208233
-0.0125565308225804
-0.0102847794250288
-0.0081454245477210
-0.0055160907516348
-0.0023897703978576
0.0000583265662436
-0.0222104501072167
-0.0042822144172092
0.0114903939481135
0.0164431729394039
0.0098699179932371
0.0086075797571485
0.0043961007674724
-0.0009614498377850
-0.0047117124700833
0.0063674620911591
0.0078572318172334
0.0048838299779383
0.0053353313402749
-0.0004996127759078
-0.0179803902762465
-0.0223812706647113
-0.0137115918190780
-0.0030488442293475
0.0095908072743800
0.0144607172621125
0.0163746463973204
0.0083572167146304
0.0128114242807804
0.0063985871820265
-0.0060697770903868
-0.0153132345211802
-0.0257239697268901
-0.0175296707704451
-0.0179248279377724
-0.0034719260949458
-0.0004861835597438
0.0026551075034469
-0.0021612030625526
0.0030332834246760
-0.0039872478665046
-0.0089138752927660
-0.0071802686687725
-0.0121530466293809
-0.0052144768818145
-0.0053989571097848
0.0053956729725240
-0.0034168092578888
0.0039683497254765
-0.0013287399565742
0.0039572015666964
0.0197554069117487
0.0243558881049815
0.0139526763109528
0.0118419427444580
0.0019022221495204
0.0008028559695719
0.0020986324397869
-0.0083166639765011
-0.0161749078790931
0.0052428251937160
0.0058383433783247
0.0176796435718662
0.0134166565103460
0.0114652641190895
0.0074027376938774
-0.0006126651758720
-0.0018555658439130
-0.0080221242022409
-0.0113244752439741
-0.0102511507975498
-0.0233249512035769
-0.0097944483134045
-0.0068424054515122
-0.0096385625870985
-0.0047492713158936
-0.0046219637760361
0.0047501716286851
0.0114325798708412
0.0287233492733527
0.0386036788764921
0.0257061309748634
0.0225282323580025
0.0079865573793505
-0.0108161299876928
-0.0106919976845505
-0.0150079470508979
-0.0356672042195916
-0.0321719193542052
-0.0233944542741034
-0.0161281903562562
-0.0090349552496241
0.0013899864436020
0.0008246779229477
0.0014872644087811
0.0080291254271785
0.0118393980591938
0.0059867923841948
0.0088421060468544
0.0123385643498581
0.0110227397771867
0.0215907259903272
0.0193090288660640
0.0181614569159807
0.0144102285046319
0.0143131455893215
0.0156722999633008
0.0115558773358604
0.0036502647125012
-0.0214582360291447
-0.0145936491775656
-0.0051547349666521
-0.0085740479652818
-0.0154572224177141
-0.0104634322702362
-0.0254624077529142
-0.0249651203008403
-0.0317039218777655
-0.0318859330768131
-0.0223622493298627
-0.0148015887226771
-0.0054056386744845
-0.0020448039288343
0.0069671354818102
0.0060051195400215
0.0047868804387488
0.0031026332986599
0.0058858110401383
0.0098261756579028
0.0106555458357329
0.0202261429938648
0.0100952469821856
0.0062177133717913
0.0049114979401077
0.0117076588848315
0.0093073360921592
-0.0014584429600024
0.0021114770227824
0.0051457916633613
-0.0010817556580882
0.0079046367216504
0.0092223822261976
0.0080929633660132
0.0117465571013886
0.0060289633240629
0.0040238777150456
0.0087018681408741
0.0074685191568333
0.0020413337427145
0.0033586429778589
0.0032306330007161
-0.0088023553728354
-0.0144006862455663
-0.0118939791745580
-0.0108436426005927
-0.0172915789798909
-0.0091120484285589
-0.0129718272541659
-0.0091275741931778
0.0006137437094411
-0.0007687818421731
-0.0003765477345103
0.0031083425538263
0.0047050235082970
0.0045478126955825
0.0060416039728803
0.0051972911693685
0.0039024074148051
-0.0022079522789360
-0.0001050264596723
0.0006274498375705
0.0001985026725677
0.0008132914517143
0.0006257818326851
-0.0051388789250071
-0.0091794568923778
-0.0102744855194548
-0.0172486938596306
-0.0111203469589940
-0.0095262158985285
-0.0088315050608401
-0.0006727593468421
0.0013089589703572
0.0044204624621837
0.0032628826898291
0.0096681576925999
0.0115777797110468
0.0147555652805380
0.0057175056269188
0.0067745329724502
0.0107059621617465
0.0093521948522488
0.0008779995546950
0.0011231724789091
-0.0021684608435173
0.0034722947582377
0.0002179506361983
-0.0037322709745329
-0.0045778272021773
-0.0066043810661682
-0.0128262184534549
-0.0132887294354544
-0.0032479783093038
-0.0049691742242226
-0.0004393777614267
-0.0017209542361645
-0.0006234827022373
0.0035014579269781
0.0051655777765554
0.0050214032192235
0.0046849901224189
0.0019322165245006
0.0064509311872341
0.0055283185051254
0.0060947392928687
0.0086565795807170
0.0083889599938693
0.0129099096840024
0.0136575602260978
0.0123101891368878
0.0083182451210568
0.0062939250448446
-0.0057603638698183
-0.0155668305523173
-0.0137780611486118
-0.0208169394263935
-0.0133875269792423
-0.0074012777088210
-0.0025578684315501
-0.0008446824830726
0.0061159080972937
-0.0028530128256592
-0.0066163287133727
-0.0008238511034282
-0.0046634307382574
-0.0017980814175100
-0.0039003047837349
-0.0054308353850332
-0.0002310431038599
0.0038105264721859
0.0051396308216720
0.0134083650389196
0.0111833797709839
0.0140971235648544
-0.0016435894873772
-0.0090753061627566
-0.0127711507814152
-0.0039292789168699
0.0064117707932803
0.0052251123124925
0.0116667306121192
-0.0012450298466091
0.0012274659760108
0.0142553106962100
-0.0038433023206426
0.0015187153333107
-0.0137675365242464
-0.0092921480592025
-0.0073854389901098
0.0030574112282742
0.0027598137484670
0.0118480438084951
0.0077889678993954
0.0071719329262279
-0.0055456027128811
-0.0011083314859719
-0.0006735709199921
0.0019159790539853
0.0043174497562659
0.0051113122511612
-0.0029932964869528
-0.0088162510767371
-0.0093044139142320
-0.0074192852846267
-0.0064311393772938
-0.0055653999653722
-0.0091363403039835
0.0005389529770681
0.0030924893974760
0.0016772059517036
0.0077857054624819
0.0081961139499556
-0.0072553244977942
-0.0022498347077216
0.0024107997510177
0.0021017110460622
0.0059471258992660
-0.0044035129621718
0.0006832368927117
0.0068064189871677
0.0071120199940862
0.0135765405380979
0.0044161054943057
0.0010578398568377
0.0021598013283133
-0.0000819015743061
-0.0058528117209224
0.0065730923528813
0.0048768902839287
0.0032349161079535
-0.0145573207599954
-0.0072690903152512
-0.0097599009237674
-0.0193470032008709
-0.0270430816870904
-0.0226195100461890
-0.0101173637223022
-0.0151114008545883
0.0011973905294429
0.0041347947631585
0.0103741132735151
0.0088984155357195
0.0323075225350018
0.0175233399923385
0.0062033431817654
0.0098099232181252
0.0122254424042465
0.0079546703039139
-0.0010649861221688
-0.0113356948621695
-0.0175153715021397
-0.0192609185829942
-0.0098409271532094
-0.0086041934477579
-0.0214756209578493
-0.0288703841224578
-0.0129469488824814
-0.0107529834338891
-0.0046300277576377
-0.0101513817372325
-0.0040634877017993
-0.0048763483487662
-0.0042262741632904
0.0024916290920673
0.0082427659268109
0.0001602690836044
0.0149958876875358
0.0382389216434520
0.0327827901654034
0.0429074715041837
0.0414077501041250
0.0180440100644859
0.0187789803534448
0.0090697890027975
-0.0091109428176157
-0.0094790641652072
-0.0101689564555194
-0.0080040915115891
-0.0054790966676439
0.0087717249424033
0.0115628732913464
0.0133078205603701
0.0067892877173028
0.0027625810720613
0.0003912765129392
-0.0060488039033810
-0.0012510187074817
-0.0019456491108993
-0.0103066854938172
-0.0194089722227195
-0.0210477730887835
-0.0119669726422984
-0.0164079626947791
-0.0185758094071904
-0.0040857209149241
-0.0151567090149696
-0.0082490224863037
-0.0077929697001951
-0.0068418719035499
0.0018933174664220
0.0064830002156864
0.0023984709690188
-0.0018510106353489
0.0046181708103292
0.0088886817081262
0.0064247333361589
0.0058125939015241
0.0070242402609102
0.0059630024685244
0.0070226557484609
0.0102987367984317
0.0025933812413568
0.0069588697286278
0.0046160124194277
0.0025490021673580
0.0004242318679415
-0.0029746101152188
-0.0094998867488032
-0.0052176050259414
-0.0067039688958044
-0.0009723230739231
-0.0016999275251921
-0.0002999187581798
0.0018424813403080
-0.0044949462209427
-0.0049386702534608
-0.0044297964335351
-0.0052839355207235
0.0002022630266305
0.0019881140972089
0.0063574797816548
0.0067271011697798
0.0161895507632659
0.0119316633836144
0.0087121716721565
0.0069076580975693
-0.0016722090111703
-0.0006457850621082
0.0016708682532274
0.0026030807258905
-0.0042127469355409
-0.0023132264764127
0.0025078301821289
-0.0045176606815422
0.0079451381939188
0.0024439191446302
0.0020785864836332
-0.0012459898154988
0.0053368044340987
-0.0018126766226114
-0.0141168177492172
-0.0090916878596081
-0.0082047817266782
-0.0096817029805214
-0.0115146064404676
-0.0100874558345776
-0.0133280617372842
-0.0101315133553355
-0.0068884909492173
-0.0063328968900924
-0.0020806263458635
-0.0021206599569448
-0.0035788540351263
0.0018498863465446
-0.0030129764463371
0.0013687625270666
0.0060352115854014
0.0093228248313713
0.0101627769256893
0.0058085852387606
0.0016563810417018
0.0030695414513575
0.0093977472723994
0.0103777544377417
0.0110692432112156
0.0105916593922197
0.0154896172234444
0.0206710258915619
0.0040881332962117
-0.0089586113365474
-0.0102404187024092
-0.0136281542340742
-0.0086586612130999
-0.0056498240345668
-0.0061050467122543
-0.0047960136420429
