 sig_xi =   1.999999999999993E-002
 size_data =          225
 Ndraws =      1000000
 INFO_HESS =            1
 multiplier   1000.00000000000     
 acceptance      704073
 acceptance_all           0        4989       10039       15023       20292
       27029       34078       41057       48193       55338       62454
       69568       76671       83837       91046       98122      105298
      112399      119554      126682      133844      140975      148159
      155307      162450      169590      176616      183814      190961
      198173      205320      212521      219665      226831      233939
      241044      248178      255342      262417      269570      276663
      283736      290770      297941      305018      312130      319211
      326315      333503      340644      347757      354894      361941
      369085      376209      383394      390535      397652      404815
      411992      419120      426285      433447      440500      447607
      454776      461870      468978      476098      483229      490293
      497446      504578      511615      518713      525874      533018
      540155      547262      554363      561504      568675      575786
      582877      590026      597123      604209      611291      618390
      625492      632556      639713      646887      654015      661050
      668233      675460      682600      689729      696901
 x0 =   0.700000000000000       0.800000000000000       0.800000000000000     
  0.800000000000000        1.00000000000000        1.00000000000000     
   1.00000000000000     
 Ln_x0  -23174.3346482156     
 Ln_xlast=  -44.0258540500270     
