 sig_xi =    1.99999999999980     
 size_data =          225
 Ndraws =      1000000
 INFO_HESS =            1
 multiplier   1.00000000000000     
 acceptance      386915
 acceptance_all           0        3785        7570       11239       15427
       19685       23387       27002       30657       34270       38230
       42396       46104       49493       53724       57871       61871
       65822       70020       73547       77226       81589       85562
       89405       93232       96534      100439      103798      108014
      112164      115856      119915      123362      127237      131230
      134838      138305      142100      146432      149971      153737
      157338      161496      165283      169708      173742      177812
      182310      186487      190859      195072      199123      202412
      206165      210460      213654      217911      221816      225780
      228741      232674      236392      239861      243598      247820
      251819      256116      259727      263226      267150      270627
      274359      278095      282468      286805      290428      294509
      298588      302372      306347      309511      312800      316659
      321140      325293      329210      333345      337416      341507
      344786      348817      352673      356128      359186      363212
      367990      371720      375479      379341      383376
 x0 =   0.700000000000000       0.800000000000000       0.800000000000000     
  0.800000000000000        1.00000000000000        1.00000000000000     
   1.00000000000000     
 Ln_x0  -23174.3346482156     
 Ln_xlast=  -45.5478098740616     
