 sig_xi =   0.100000000000002     
 size_data =          225
 Ndraws =      1000000
 INFO_HESS =            1
 multiplier   100.000000000000     
 acceptance      576553
 acceptance_all           0        5418       12346       18189       23998
       29770       35554       41242       46948       52742       58424
       64192       69959       75853       81662       87245       93021
       98707      104500      110246      116031      121717      127482
      133230      139044      144863      150601      156379      161986
      167714      173344      179161      185045      190869      196764
      202486      208178      213704      219296      225056      230939
      236744      242464      248113      253883      259632      265319
      271243      277057      282809      288457      294218      299937
      305684      311342      317070      322870      328725      334464
      340309      346258      352143      357968      363757      369485
      375332      381198      386926      392701      398330      404041
      409710      415475      421308      427073      432821      438559
      444431      450174      455907      461728      467464      473269
      479033      484826      490555      496280      502093      507854
      513554      519273      525082      530751      536466      542154
      547797      553593      559357      565086      570903
 x0 =   0.700000000000000       0.800000000000000       0.800000000000000     
  0.800000000000000        1.00000000000000        1.00000000000000     
   1.00000000000000     
 Ln_x0  -23174.3346482156     
 Ln_xlast=  -44.0402450727577     
