 sig_xi =   0.499999999999961     
 size_data =          225
 Ndraws =      1000000
 INFO_HESS =            1
 multiplier   10.0000000000000     
 acceptance      424309
 acceptance_all           0        5349        9601       13664       18053
       22303       26507       30653       34634       38680       42675
       47359       51420       55703       59918       64318       68453
       72579       76625       81110       85147       89353       93698
       97786      101915      105957      110441      114820      118856
      123203      127578      131929      136424      140894      144825
      148809      152961      157255      161756      166021      170220
      174419      178715      182980      187180      191408      195595
      199678      203814      208004      212204      216634      220856
      225246      229361      233731      237901      241928      246109
      250359      254483      258739      263058      267330      271662
      275711      279953      284385      288749      292838      297130
      301602      305831      309964      314179      318573      322777
      327036      331227      335489      339495      343867      348153
      352300      356384      360722      365147      369450      373409
      377510      381915      385891      390132      394622      398852
      403227      407370      411634      415800      420056
 x0 =   0.700000000000000       0.800000000000000       0.800000000000000     
  0.800000000000000        1.00000000000000        1.00000000000000     
   1.00000000000000     
 Ln_x0  -23174.3346482156     
 Ln_xlast=  -44.5725602566678     
