  1.814236130794017E-002
  2.784473704072186E-003
 -4.953873236119614E-003
  1.085810305372626E-003
  5.061351140177780E-004
  1.470058396945009E-002
  1.252228220434846E-002
  2.784473704072186E-003
  1.873744427817253E-002
 -1.139583775193627E-003
  2.727936811676100E-004
  4.797721299456805E-004
  3.044848426265911E-003
  1.719255098485415E-003
 -4.953873236119614E-003
 -1.139583775193627E-003
  2.598786490608886E-003
 -1.130767997232853E-003
 -3.213915870578541E-004
 -7.586317155727604E-003
 -2.182930143351866E-003
  1.085810305372626E-003
  2.727936811676100E-004
 -1.130767997232853E-003
  6.119689798338717E-003
  1.126284897073681E-004
  3.265025550428766E-003
 -8.689193210917046E-003
  5.061351140177780E-004
  4.797721299456802E-004
 -3.213915870578541E-004
  1.126284897073680E-004
  1.391354224107104E-003
  6.517875696349962E-004
  2.063211876762349E-004
  1.470058396945009E-002
  3.044848426265911E-003
 -7.586317155727605E-003
  3.265025550428766E-003
  6.517875696349963E-004
  2.341070188440483E-002
  6.617855545529044E-003
  1.252228220434846E-002
  1.719255098485415E-003
 -2.182930143351866E-003
 -8.689193210917046E-003
  2.063211876762349E-004
  6.617855545529043E-003
  2.380603920923816E-002
