  0.171089293754629     
  1.140238342011078E-002
 -4.259731494592091E-002
  1.496292864896110E-002
  3.425595301536938E-003
  0.127833021871120     
  0.110359437151226     
  1.140238342011078E-002
  9.274475173233179E-002
 -2.139111463873933E-003
  3.418413162388277E-003
 -4.269315196809012E-003
  6.822115034267118E-003
  3.274817240451467E-003
 -4.259731494592091E-002
 -2.139111463873933E-003
  2.273456521022752E-002
 -9.340820456690191E-003
 -1.436751398070382E-003
 -6.691556257159512E-002
 -1.930930452257586E-002
  1.496292864896111E-002
  3.418413162388277E-003
 -9.340820456690191E-003
  5.873488873201977E-002
  3.674672082650495E-004
  2.774926562022085E-002
 -8.076192981531952E-002
  3.425595301536938E-003
 -4.269315196809012E-003
 -1.436751398070382E-003
  3.674672082650497E-004
  1.288882667270909E-002
  1.960357784714454E-003
  2.049823155804662E-003
  0.127833021871120     
  6.822115034267118E-003
 -6.691556257159510E-002
  2.774926562022085E-002
  1.960357784714453E-003
  0.209902876971596     
  5.838994031547549E-002
  0.110359437151226     
  3.274817240451468E-003
 -1.930930452257586E-002
 -8.076192981531950E-002
  2.049823155804662E-003
  5.838994031547547E-002
  0.218499879346343     
