  1.325048384372622E-003
 -2.138287571631296E-004
 -3.357557506736801E-004
 -1.263537571378482E-005
 -4.629482439418697E-006
  1.015180219813450E-003
  1.061442190379003E-003
 -2.138287571631296E-004
  4.276508197321120E-004
  7.014304813313921E-005
  1.245825099488506E-005
 -3.465958920103459E-005
 -2.091865637769809E-004
 -1.872644008583549E-004
 -3.357557506736801E-004
  7.014304813313922E-005
  2.014202121210419E-004
 -4.928944909876555E-005
 -2.266074410296145E-006
 -5.957811336582272E-004
 -1.932768003098824E-004
 -1.263537571378481E-005
  1.245825099488506E-005
 -4.928944909876556E-005
  5.081843992932333E-004
  4.239566542545445E-006
  1.467625787716991E-004
 -8.031148662783917E-004
 -4.629482439418697E-006
 -3.465958920103459E-005
 -2.266074410296145E-006
  4.239566542545445E-006
  1.517187774786899E-004
 -4.811777812983266E-006
 -1.091637749387822E-005
  1.015180219813450E-003
 -2.091865637769809E-004
 -5.957811336582270E-004
  1.467625787716991E-004
 -4.811777812983248E-006
  1.877629181125822E-003
  5.877708235239661E-004
  1.061442190379003E-003
 -1.872644008583549E-004
 -1.932768003098824E-004
 -8.031148662783917E-004
 -1.091637749387822E-005
  5.877708235239661E-004
  2.132271720982443E-003
