   2.05505699175384     
 -8.613097577934030E-002
 -0.430516541057617     
  0.164932796104749     
  0.179249425359220     
   1.23804826601131     
   1.30780474095418     
 -8.613097577934029E-002
   1.10268490363659     
  8.397074574849027E-003
 -4.058906084402887E-003
 -0.252936893612026     
 -2.424120473114199E-002
 -4.202362861741731E-002
 -0.430516541057617     
  8.397074574849027E-003
  0.241970068548618     
 -0.111945348373603     
 -2.330086399108639E-003
 -0.703426570062401     
 -0.163570786377732     
  0.164932796104749     
 -4.058906084402887E-003
 -0.111945348373603     
  0.662791139381646     
  1.679101586561594E-002
  0.327674905843820     
 -0.967945536317918     
  0.179249425359220     
 -0.252936893612026     
 -2.330086399108639E-003
  1.679101586561594E-002
  0.555422740070311     
 -3.685204880965807E-002
  9.065353759016748E-002
   1.23804826601131     
 -2.424120473114199E-002
 -0.703426570062401     
  0.327674905843820     
 -3.685204880965808E-002
   2.19742910333803     
  0.463632675383419     
   1.30780474095418     
 -4.202362861741731E-002
 -0.163570786377732     
 -0.967945536317918     
  9.065353759016748E-002
  0.463632675383420     
   2.70364069846820     
