   1.57099935334411     
 -0.139100114400440     
  0.274934979498499     
  0.179637427989715     
  1.496773363873417E-002
 -0.761735946276751     
   1.33596362499209     
 -0.139100114400441     
  2.154725523927737E-002
  2.663207617324363E-002
  6.247647046644073E-003
 -9.976759690366174E-004
 -5.935217483807109E-002
 -0.112121612182725     
  0.274934979498499     
  2.663207617324366E-002
  0.368924990956910     
  4.491165158798550E-002
  2.749606073009788E-003
 -0.938129123565283     
  0.358811395672618     
  0.179637427989714     
  6.247647046644405E-003
  4.491165158798592E-002
  0.481258097651524     
  9.882207243693184E-003
 -0.128575785213444     
 -0.397855820876531     
  1.496773363873417E-002
 -9.976759690366276E-004
  2.749606073009748E-003
  9.882207243693184E-003
  5.070733167453618E-004
 -1.190354020030516E-002
  8.692954805719420E-004
 -0.761735946276749     
 -5.935217483807129E-002
 -0.938129123565281     
 -0.128575785213443     
 -1.190354020030520E-002
   2.59915681739544     
 -0.834476708413486     
   1.33596362499210     
 -0.112121612182724     
  0.358811395672616     
 -0.397855820876529     
  8.692954805718891E-004
 -0.834476708413486     
   2.30384537794639     
