   2.76457489502414     
  0.230029773413490     
  3.421985479366060E-002
  0.487821597202157     
  4.992981926997769E-002
 -0.132924052624851     
   1.87402927410521     
  0.230029773413490     
  7.115710705984467E-002
 -0.127703733677374     
  5.228742550858351E-002
  2.271483457106975E-002
  0.276366998098465     
  2.611035356073991E-002
  3.421985479365951E-002
 -0.127703733677373     
  0.400028552461527     
 -0.103200731938668     
 -4.561373602080112E-002
 -0.991081105980574     
  0.358129983639907     
  0.487821597202158     
  5.228742550858256E-002
 -0.103200731938670     
  0.733804857851444     
  2.539586208682132E-002
  0.258838678964749     
 -0.495107106131781     
  4.992981926997722E-002
  2.271483457106964E-002
 -4.561373602080118E-002
  2.539586208682122E-002
  8.270751604263852E-003
  9.634064906533188E-002
 -2.518120263865942E-002
 -0.132924052624855     
  0.276366998098464     
 -0.991081105980577     
  0.258838678964751     
  9.634064906533188E-002
   2.67660049802193     
 -0.816910199928915     
   1.87402927410520     
  2.611035356074045E-002
  0.358129983639910     
 -0.495107106131779     
 -2.518120263865969E-002
 -0.816910199928919     
   2.86627761985063     
