   2.96654471598740     
  0.312074023900624     
  0.204180025511339     
  0.882604032930109     
  2.997530550527443E-002
 -0.537534232395170     
   1.51661282736668     
  0.312074023900625     
  3.822560374158713E-002
  5.580737773141619E-002
  0.116772064761758     
  4.704526139059825E-004
 -0.130997824565284     
  0.138754559454423     
  0.204180025511340     
  5.580737773141628E-002
  0.336138463335404     
  5.000930681402296E-002
 -2.187664997813162E-002
 -0.816342715591848     
  0.269633494413190     
  0.882604032930107     
  0.116772064761757     
  5.000930681402296E-002
  0.892569888074712     
  4.452696454626103E-003
 -9.093268052572170E-002
 -0.248272578358961     
  2.997530550527452E-002
  4.704526139060014E-004
 -2.187664997813168E-002
  4.452696454626190E-003
  3.710492292680235E-003
  4.030134669151504E-002
 -7.582456487902978E-003
 -0.537534232395168     
 -0.130997824565283     
 -0.816342715591846     
 -9.093268052571685E-002
  4.030134669151465E-002
   2.21724286990916     
 -0.601302375336758     
   1.51661282736669     
  0.138754559454423     
  0.269633494413188     
 -0.248272578358960     
 -7.582456487902935E-003
 -0.601302375336765     
   2.09195058415681     
