   3.57991211366123     
 -9.941673082501978E-002
  0.204519008262126     
   1.02109942451735     
  0.412787116018642     
 -0.829487576631932     
   1.55998942843833     
 -9.941673082502034E-002
  5.347414303667686E-002
  2.524988494333649E-002
  0.167016964928911     
 -5.673501798489386E-002
 -1.218054205506025E-003
 -2.636304812058651E-002
  0.204519008262124     
  2.524988494333613E-002
  0.444639762535230     
  6.646872128469328E-002
  1.353422865805443E-002
  -1.07841680606673     
  0.343859868185381     
   1.02109942451735     
  0.167016964928913     
  6.646872128469150E-002
   1.62585395166680     
 -4.498586342666400E-002
 -5.842753596644457E-002
 -0.498762664808064     
  0.412787116018642     
 -5.673501798489378E-002
  1.353422865805454E-002
 -4.498586342666444E-002
  9.467015788093866E-002
 -0.126283209685016     
  0.151506863461597     
 -0.829487576631933     
 -1.218054205506247E-003
  -1.07841680606673     
 -5.842753596644545E-002
 -0.126283209685016     
   2.90641411071302     
 -0.967032896564038     
   1.55998942843834     
 -2.636304812058654E-002
  0.343859868185383     
 -0.498762664808062     
  0.151506863461595     
 -0.967032896564033     
   2.45698606100202     
