 sig_xi =   9.999999999999995E-003
 size_data =         5000
 Ndraws =      1000000
 INFO_HESS =            1
 multiplier   1000.00000000000     
 acceptance      701208
 acceptance_all           0        6849       13794       20712       27709
       34807       41828       48900       55909       62859       69848
       76760       83785       90808       97832      104874      111968
      118993      125978      132997      140001      146987      154078
      161019      168023      175037      182032      189044      196083
      203199      210279      217313      224278      231277      238369
      245462      252525      259510      266450      273456      280433
      287450      294572      301578      308584      315629      322696
      329648      336714      343712      350656      357719      364705
      371737      378759      385755      392702      399717      406698
      413729      420781      427720      434686      441607      448638
      455603      462730      469750      476748      483779      490757
      497823      504816      511866      518879      525962      533066
      540116      547137      554160      561198      568082      575116
      582165      589205      596163      603129      610139      617095
      624070      631070      638090      645118      652113      659191
      666216      673244      680238      687291      694267
 x0 =   0.700000000000000       0.800000000000000       0.800000000000000     
  0.800000000000000        1.00000000000000        1.00000000000000     
   1.00000000000000     
 Ln_x0  -26.2819059935113     
 Ln_xlast=  -15.4154384059111     
