 sig_xi =   5.000000000000041E-002
 size_data =         5000
 Ndraws =      1000000
 INFO_HESS =            1
 multiplier   100.000000000000     
 acceptance      547661
 acceptance_all           0        5442       10951       16404       21905
       27257       32731       38237       43793       49299       54782
       60331       65852       71267       76761       82168       87671
       93078       98528      104015      109568      114976      120495
      125892      131367      136854      142310      147748      153197
      158605      164032      169583      175090      180649      186123
      191610      197038      202547      208042      213513      219062
      224533      229859      235322      240742      246185      251710
      257211      262701      268167      273625      279045      284549
      290017      295499      301044      306541      312049      317500
      322872      328325      333850      339312      344766      350271
      355700      361186      366727      372163      377668      383119
      388581      394125      399636      405159      410610      416125
      421583      427057      432582      438121      443517      449020
      454484      459908      465287      470833      476288      481702
      487262      492754      498242      503697      509150      514628
      520156      525686      531193      536715      542162
 x0 =   0.700000000000000       0.800000000000000       0.800000000000000     
  0.800000000000000        1.00000000000000        1.00000000000000     
   1.00000000000000     
 Ln_x0  -26.2819059935113     
 Ln_xlast=  -15.4366474642493     
