 sig_xi =   0.100000000000002     
 size_data =         5000
 Ndraws =      1000000
 INFO_HESS =            1
 multiplier   10.0000000000000     
 acceptance      700572
 acceptance_all           0        6953       14006       20929       27996
       34912       41833       48841       55889       62930       69899
       76916       83924       90937       97914      104899      111976
      119056      125962      133023      140059      147108      154170
      161169      168269      175347      182274      189277      196320
      203265      210275      217294      224282      231249      238205
      245190      252185      259252      266284      273313      280332
      287293      294372      301346      308389      315333      322268
      329312      336345      343354      350368      357344      364333
      371281      378303      385312      392347      399335      406345
      413378      420319      427307      434340      441341      448379
      455315      462287      469434      476436      483400      490347
      497390      504367      511426      518405      525310      532274
      539258      546246      553219      560242      567220      574296
      581311      588310      595303      602320      609343      616462
      623454      630427      637438      644379      651355      658354
      665384      672417      679499      686548      693551
 x0 =   0.700000000000000       0.800000000000000       0.800000000000000     
  0.800000000000000        1.00000000000000        1.00000000000000     
   1.00000000000000     
 Ln_x0  -26.2819059935113     
 Ln_xlast=  -15.8091140269619     
