 sig_xi =   0.499999999999961     
 size_data =         5000
 Ndraws =      1000000
 INFO_HESS =            1
 multiplier   1.00000000000000     
 acceptance      548057
 acceptance_all           0        5437       10899       16309       21772
       27195       32754       38282       43839       49313       54844
       60267       65787       71297       76824       82379       87800
       93345       98831      104273      109817      115317      120783
      126147      131712      137120      142650      148147      153705
      159109      164625      170169      175695      181171      186559
      191948      197420      202868      208428      213898      219365
      224882      230322      235786      241291      246786      252325
      257860      263285      268786      274340      279809      285258
      290807      296255      301649      307116      312687      318168
      323620      329112      334599      340188      345620      351077
      356523      362083      367564      373026      378478      384006
      389407      394844      400296      405756      411286      416807
      422263      427731      433146      438605      444031      449449
      454991      460467      466012      471565      476951      482480
      487881      493357      498875      504350      509866      515310
      520753      526200      531591      537024      542512
 x0 =   0.700000000000000       0.800000000000000       0.800000000000000     
  0.800000000000000        1.00000000000000        1.00000000000000     
   1.00000000000000     
 Ln_x0  -26.2819059935113     
 Ln_xlast=  -18.6654815663870     
