  6.332609616381191E-004
 -1.193015881849100E-004
 -1.801407887158507E-004
  5.269890598896114E-005
  1.082051845166569E-004
  8.851558832657430E-004
  4.258336812150940E-004
 -1.193015881849100E-004
  6.559743590925759E-005
  6.221009195713052E-005
 -2.026479457074426E-005
 -6.874172085185962E-005
 -3.504999218423169E-004
 -7.224908984148624E-005
 -1.801407887158507E-004
  6.221009195713052E-005
  3.508713867148217E-004
 -5.896115551684071E-005
 -7.330329075934576E-005
 -1.236124769662893E-003
 -3.479105997815591E-006
  5.269890598896114E-005
 -2.026479457074426E-005
 -5.896115551684071E-005
  4.084681316732867E-004
  1.247080394240656E-005
  2.874911745572682E-004
 -5.998921385404642E-004
  1.082051845166569E-004
 -6.874172085185963E-005
 -7.330329075934576E-005
  1.247080394240655E-005
  6.003056957053552E-004
  4.974909327967076E-004
  1.416842362327977E-004
  8.851558832657431E-004
 -3.504999218423169E-004
 -1.236124769662893E-003
  2.874911745572682E-004
  4.974909327967077E-004
  5.775756534528848E-003
  1.355596678551424E-004
  4.258336812150940E-004
 -7.224908984148624E-005
 -3.479105997815591E-006
 -5.998921385404642E-004
  1.416842362327977E-004
  1.355596678551424E-004
  2.140817402826923E-003
