  6.400253248419035E-003
 -1.206587809308659E-003
 -1.810009140967304E-003
  4.828965832685732E-004
  1.191497194040428E-003
  8.961509350010980E-003
  4.413534332031295E-003
 -1.206587809308659E-003
  6.626226179090947E-004
  6.248261414399257E-004
 -2.081613191900499E-004
 -7.080023479878861E-004
 -3.538227241353680E-003
 -7.058868165573616E-004
 -1.810009140967304E-003
  6.248261414399257E-004
  3.542989604973528E-003
 -5.827745720438439E-004
 -7.654095685670372E-004
 -1.253058462201612E-002
 -1.097700176289988E-004
  4.828965832685732E-004
 -2.081613191900499E-004
 -5.827745720438439E-004
  4.108805973642679E-003
  1.196415676900041E-004
  2.926560757484290E-003
 -6.036136257595610E-003
  1.191497194040428E-003
 -7.080023479878862E-004
 -7.654095685670372E-004
  1.196415676900041E-004
  5.942747966057697E-003
  5.097732695206737E-003
  1.506176232668672E-003
  8.961509350010980E-003
 -3.538227241353680E-003
 -1.253058462201612E-002
  2.926560757484290E-003
  5.097732695206737E-003
  5.868706053136057E-002
  1.497480311185671E-003
  4.413534332031295E-003
 -7.058868165573617E-004
 -1.097700176289988E-004
 -6.036136257595611E-003
  1.506176232668672E-003
  1.497480311185670E-003
  2.153694693199646E-002
