  0.646642727018944     
 -0.122173882725248     
 -0.182410526813480     
  5.048236548746281E-002
  0.116799621673165     
  0.896971441921412     
  0.445789816096176     
 -0.122173882725248     
  6.663350456890861E-002
  6.231094370794898E-002
 -2.036285747278510E-002
 -6.923450781687258E-002
 -0.350453518390308     
 -7.310608812571216E-002
 -0.182410526813480     
  6.231094370794897E-002
  0.357293096868521     
 -5.906130993367959E-002
 -7.488062033804065E-002
  -1.24793958016048     
 -7.019271456309602E-003
  5.048236548746281E-002
 -2.036285747278510E-002
 -5.906130993367961E-002
  0.420416629026047     
  1.141570257198851E-002
  0.286184264166888     
 -0.609083316905175     
  0.116799621673165     
 -6.923450781687260E-002
 -7.488062033804065E-002
  1.141570257198851E-002
  0.588470563895951     
  0.500171040154244     
  0.147491309120632     
  0.896971441921412     
 -0.350453518390308     
  -1.24793958016048     
  0.286184264166888     
  0.500171040154244     
   5.79133894105138     
  0.155922824640276     
  0.445789816096176     
 -7.310608812571216E-002
 -7.019271456309602E-003
 -0.609083316905175     
  0.147491309120632     
  0.155922824640276     
   2.16612571942895     
