  6.367753840749817E-002
 -1.198154189337875E-002
 -1.811394962913812E-002
  5.242063237424099E-003
  1.163597782421869E-002
  8.923474127586686E-002
  4.464778443770618E-002
 -1.198154189337875E-002
  6.609930275468711E-003
  6.297715925144453E-003
 -2.078332180245291E-003
 -6.816925716670477E-003
 -3.530906818857060E-002
 -7.435446739850824E-003
 -1.811394962913812E-002
  6.297715925144454E-003
  3.587838186442500E-002
 -6.457767446766056E-003
 -7.471796084570104E-003
 -0.126232772004952     
 -1.181450733707849E-003
  5.242063237424099E-003
 -2.078332180245291E-003
 -6.457767446766056E-003
  4.214346792564316E-002
  1.652151304393875E-003
  3.024053530275271E-002
 -6.163645676255967E-002
  1.163597782421869E-002
 -6.816925716670476E-003
 -7.471796084570104E-003
  1.652151304393874E-003
  5.989719058908761E-002
  5.066693132148929E-002
  1.473058859394076E-002
  8.923474127586686E-002
 -3.530906818857060E-002
 -0.126232772004952     
  3.024053530275271E-002
  5.066693132148929E-002
  0.585567683580220     
  1.893932185221199E-002
  4.464778443770618E-002
 -7.435446739850825E-003
 -1.181450733707849E-003
 -6.163645676255967E-002
  1.473058859394076E-002
  1.893932185221199E-002
  0.218616804243676     
