  0.654678733545381     
 -0.122385408447929     
 -0.178203780952754     
  5.323355736925332E-002
  0.110097399997492     
  0.894520260820686     
  0.449398897475484     
 -0.122385408447954     
  6.577113469126161E-002
  5.941299131740452E-002
 -2.113897350189919E-002
 -6.585265768296389E-002
 -0.340629708062916     
 -7.113931720161105E-002
 -0.178203780953880     
  5.941299131798485E-002
  0.341574014062452     
 -5.866468244517936E-002
 -6.757774585874909E-002
  -1.18698066477328     
 -1.794862083310933E-003
  5.323355736862839E-002
 -2.113897350170413E-002
 -5.866468244498173E-002
  0.451558524829770     
  8.238285802701193E-003
  0.293448336431867     
 -0.649220526672896     
  0.110097399997898     
 -6.585265768328800E-002
 -6.757774585937511E-002
  8.238285802558495E-003
  0.578771390506063     
  0.466069735726725     
  0.146737806232918     
  0.894520260823432     
 -0.340629708064270     
  -1.18698066477207     
  0.293448336433021     
  0.466069735724868     
   5.56333667433047     
  0.133487317197070     
  0.449398897475980     
 -7.113931720176125E-002
 -1.794862082761991E-003
 -0.649220526672405     
  0.146737806232808     
  0.133487317196723     
   2.23245745692756     
