  0.637964869220957     
 -0.118275929953495     
 -0.177417644632348     
  5.752942076824977E-002
  0.108979546001871     
  0.891552198182461     
  0.451369341899537     
 -0.118275929953703     
  6.504314159125241E-002
  6.115886437344149E-002
 -2.218845342066376E-002
 -6.371875625215484E-002
 -0.347608187161974     
 -7.358846368896169E-002
 -0.177417644633208     
  6.115886437371856E-002
  0.347860674024197     
 -7.077596717984308E-002
 -6.729054589355980E-002
  -1.22458826655173     
 -9.814844513615599E-003
  5.752942076789076E-002
 -2.218845342046913E-002
 -7.077596717969081E-002
  0.460401995051978     
  1.898221572406365E-002
  0.330002069231182     
 -0.671065814862276     
  0.108979546002263     
 -6.371875625251501E-002
 -6.729054589423099E-002
  1.898221572401302E-002
  0.600526244713066     
  0.479601573943973     
  0.145111600543088     
  0.891552198186397     
 -0.347608187163553     
  -1.22458826655240     
  0.330002069232128     
  0.479601573941426     
   5.72138717780497     
  0.194929295359470     
  0.451369341900424     
 -7.358846368920523E-002
 -9.814844513517655E-003
 -0.671065814861720     
  0.145111600543097     
  0.194929295359032     
   2.28400302903049     
