  0.644959492138354     
 -0.120097553468949     
 -0.177301982389627     
  4.912170237276189E-002
  0.114809427139304     
  0.899462800149191     
  0.441624247690753     
 -0.120097553469314     
  6.540064162950676E-002
  6.021669026726258E-002
 -2.232593065347097E-002
 -6.901141172653584E-002
 -0.349278198802930     
 -6.612647181213682E-002
 -0.177301982390468     
  6.021669026736374E-002
  0.339535126246272     
 -5.799433939300388E-002
 -7.097466385620863E-002
  -1.20737735461098     
 -8.749752762759199E-003
  4.912170237220599E-002
 -2.232593065324601E-002
 -5.799433939275991E-002
  0.439210096352062     
  9.569752558135906E-003
  0.310724894314177     
 -0.644839298103563     
  0.114809427139945     
 -6.901141172691351E-002
 -7.097466385695325E-002
  9.569752558025944E-003
  0.590822862415531     
  0.485843392894527     
  0.152595494046677     
  0.899462800150927     
 -0.349278198802502     
  -1.20737735460922     
  0.310724894315518     
  0.485843392891971     
   5.75080357327463     
  0.116222545477629     
  0.441624247691201     
 -6.612647181213438E-002
 -8.749752762451114E-003
 -0.644839298103058     
  0.152595494046206     
  0.116222545477999     
   2.21753147023734     
