  0.631249952376212     
 -0.117293261841872     
 -0.175676903656466     
  5.815943866488596E-002
  9.222337379679271E-002
  0.878094314632006     
  0.409903252072001     
 -0.117293261841944     
  6.405160809774074E-002
  5.966466525273238E-002
 -2.116563102645036E-002
 -6.480173791292822E-002
 -0.342585278018937     
 -6.941574851076175E-002
 -0.175676903657074     
  5.966466525306019E-002
  0.333139546169210     
 -5.939502565673423E-002
 -6.440483962735589E-002
  -1.17535806103634     
  6.068275015970919E-003
  5.815943866457913E-002
 -2.116563102621832E-002
 -5.939502565649481E-002
  0.433930086606511     
  1.050464912476544E-002
  0.299941514243665     
 -0.636870845137610     
  9.222337379723146E-002
 -6.480173791313694E-002
 -6.440483962793957E-002
  1.050464912462823E-002
  0.603106919790478     
  0.460754727699672     
  0.134442569468131     
  0.878094314634471     
 -0.342585278020128     
  -1.17535806103615     
  0.299941514244406     
  0.460754727697611     
   5.57164872626608     
  8.947576565022174E-002
  0.409903252072713     
 -6.941574851110635E-002
  6.068275015997819E-003
 -0.636870845136996     
  0.134442569468022     
  8.947576565025249E-002
   2.19089407840004     
